     0.0000000       0.50000000       0.00000000
     0.1000000       0.45740582       0.00053460
     0.2000000       0.42903606       0.00069337
     0.3000000       0.41091705       0.00082450
     0.4000000       0.40097608       0.00088637
     0.5000000       0.39822165       0.00087052
     0.6000000       0.40163420       0.00086658
     0.7000000       0.41205837       0.00075938
     0.8000000       0.42889578       0.00069927
     0.9000000       0.45772932       0.00050505
     1.0000000       0.50000000       0.00000000
