     0.0000000       0.71704171       0.00665990
     0.1000000       0.63076792       0.00738198
     0.2000000       0.57420560       0.00733194
     0.3000000       0.53769527       0.00645707
     0.4000000       0.51755114       0.00582738
     0.5000000       0.51109499       0.00546394
     0.6000000       0.51714877       0.00529155
     0.7000000       0.53670087       0.00532289
     0.8000000       0.57238821       0.00557583
     0.9000000       0.62939456       0.00605649
     1.0000000       0.71704171       0.00665990
