     0.0000000       0.50000000       0.00000000
     0.1000000       0.40609328       0.00080784
     0.2000000       0.33841532       0.00107700
     0.3000000       0.28649227       0.00125864
     0.4000000       0.24786971       0.00122530
     0.5000000       0.21907150       0.00126419
     0.6000000       0.19682897       0.00130303
     0.7000000       0.17815380       0.00135248
     0.8000000       0.16334910       0.00143205
     0.9000000       0.15213570       0.00144647
     1.0000000       0.14412918       0.00142407
     1.1000000       0.13767005       0.00138250
     1.2000000       0.13223054       0.00137525
     1.3000000       0.12818460       0.00142503
     1.4000000       0.12577727       0.00147928
     1.5000000       0.12669333       0.00150516
     1.6000000       0.12622178       0.00146720
     1.7000000       0.12848402       0.00143245
     1.8000000       0.13135120       0.00142022
     1.9000000       0.13645126       0.00144593
     2.0000000       0.14252822       0.00150447
     2.1000000       0.15051493       0.00151788
     2.2000000       0.16229053       0.00151544
     2.3000000       0.17594528       0.00143321
     2.4000000       0.19487458       0.00133361
     2.5000000       0.21731123       0.00129807
     2.6000000       0.24752574       0.00120651
     2.7000000       0.28457900       0.00113975
     2.8000000       0.33621239       0.00101326
     2.9000000       0.40453691       0.00081030
     3.0000000       0.50000000       0.00000000
