     0.0000000       0.50000000       0.00000000
     0.1000000       0.45274129       0.00097633
     0.2000000       0.41741626       0.00145012
     0.3000000       0.39079611       0.00157858
     0.4000000       0.37164760       0.00169331
     0.5000000       0.35547574       0.00174428
     0.6000000       0.34084557       0.00190437
     0.7000000       0.33102489       0.00214253
     0.8000000       0.32350937       0.00213011
     0.9000000       0.31470521       0.00209138
     1.0000000       0.30946991       0.00202872
     1.1000000       0.30429652       0.00200391
     1.2000000       0.30101873       0.00208343
     1.3000000       0.29927910       0.00210051
     1.4000000       0.29812925       0.00215388
     1.5000000       0.29717604       0.00199861
     1.6000000       0.29675514       0.00207642
     1.7000000       0.29883022       0.00230776
     1.8000000       0.30004117       0.00237530
     1.9000000       0.30444753       0.00234766
     2.0000000       0.30905468       0.00231256
     2.1000000       0.31589106       0.00224455
     2.2000000       0.32172331       0.00205996
     2.3000000       0.33095357       0.00199503
     2.4000000       0.34198425       0.00188395
     2.5000000       0.35426778       0.00182539
     2.6000000       0.36959462       0.00172097
     2.7000000       0.39289114       0.00145295
     2.8000000       0.41746002       0.00130801
     2.9000000       0.45392470       0.00100512
     3.0000000       0.50000000       0.00000000
