     0.0000000       0.32305359       0.01190910
     0.1000000       0.18771967       0.00876476
     0.2000000       0.12135191       0.00544072
     0.3000000       0.07713451       0.00471385
     0.4000000       0.05036716       0.00507148
     0.5000000       0.03013427       0.00606812
     0.6000000       0.02049398       0.00553499
     0.7000000       0.01127509       0.00711008
     0.8000000       0.01317119       0.00444008
     0.9000000       0.01370077       0.00406228
     1.0000000       0.01084015       0.00390018
     1.1000000       0.00907864       0.00408306
     1.2000000       0.00595343       0.00451036
     1.3000000       0.00423198       0.00655772
     1.4000000       0.00792254       0.00506862
     1.5000000       0.00786403       0.00557301
     1.6000000       0.01005122       0.00425745
     1.7000000       0.00456796       0.00485646
     1.8000000       0.00561043       0.00468977
     1.9000000       0.00598824       0.00433913
     2.0000000       0.00918952       0.00430256
     2.1000000       0.00999742       0.00422536
     2.2000000       0.01353962       0.00561987
     2.3000000       0.01783285       0.00623839
     2.4000000       0.01780304       0.00806299
     2.5000000       0.03219707       0.00540075
     2.6000000       0.05140659       0.00454637
     2.7000000       0.07286597       0.00769482
     2.8000000       0.11422130       0.00819155
     2.9000000       0.19504658       0.00971450
     3.0000000       0.32305359       0.01190910
