     0.0000000       0.24826779       0.00306619
     0.1000000       0.20726787       0.00307898
     0.2000000       0.18031115       0.00294715
     0.3000000       0.16037338       0.00311638
     0.4000000       0.14233351       0.00316758
     0.5000000       0.12807238       0.00323930
     0.6000000       0.11642788       0.00340015
     0.7000000       0.10619959       0.00322473
     0.8000000       0.09799423       0.00334494
     0.9000000       0.09109477       0.00327366
     1.0000000       0.08326654       0.00332804
     1.1000000       0.08054459       0.00326983
     1.2000000       0.07665692       0.00313751
     1.3000000       0.07141677       0.00320847
     1.4000000       0.06901537       0.00321637
     1.5000000       0.06427509       0.00307746
     1.6000000       0.06441345       0.00315430
     1.7000000       0.06459383       0.00334290
     1.8000000       0.06065541       0.00307521
     1.9000000       0.05699961       0.00318696
     2.0000000       0.05644724       0.00325082
     2.1000000       0.05832014       0.00341369
     2.2000000       0.05797751       0.00336462
     2.3000000       0.05601389       0.00340983
     2.4000000       0.05705940       0.00323984
     2.5000000       0.05814147       0.00316195
     2.6000000       0.06073691       0.00298751
     2.7000000       0.06149563       0.00319592
     2.8000000       0.06475260       0.00317354
     2.9000000       0.06453702       0.00329568
     3.0000000       0.06825448       0.00349318
     3.1000000       0.07345528       0.00344890
     3.2000000       0.07673968       0.00337625
     3.3000000       0.07869560       0.00319945
     3.4000000       0.08059417       0.00319827
     3.5000000       0.08254100       0.00358900
     3.6000000       0.08646060       0.00346032
     3.7000000       0.09385454       0.00342773
     3.8000000       0.09901925       0.00349718
     3.9000000       0.10598111       0.00343781
     4.0000000       0.11438928       0.00340084
     4.1000000       0.12174421       0.00348922
     4.2000000       0.13153589       0.00364731
     4.3000000       0.14441547       0.00388488
     4.4000000       0.15763961       0.00385866
     4.5000000       0.16987353       0.00383275
     4.6000000       0.18493091       0.00371050
     4.7000000       0.19995854       0.00374766
     4.8000000       0.21654062       0.00382327
     4.9000000       0.23639868       0.00415933
     5.0000000       0.25917371       0.00413389
     5.1000000       0.28270534       0.00401432
     5.2000000       0.31062155       0.00384804
     5.3000000       0.34025097       0.00390547
     5.4000000       0.37717266       0.00342446
     5.5000000       0.41717940       0.00359677
     5.6000000       0.46299710       0.00361214
     5.7000000       0.51714457       0.00351481
     5.8000000       0.58082396       0.00334405
     5.9000000       0.65594428       0.00323974
     6.0000000       0.75173221       0.00306619
