     0.0000000       0.08874372       0.00054499
     0.1000000       0.08832035       0.00048891
     0.2000000       0.09574198       0.00046439
     0.3000000       0.11110378       0.00044200
     0.4000000       0.13599681       0.00046920
     0.5000000       0.17393469       0.00046274
     0.6000000       0.23038314       0.00048193
     0.7000000       0.31466747       0.00052578
     0.8000000       0.43871239       0.00056604
     0.9000000       0.62664584       0.00056361
     1.0000000       0.91125628       0.00054499
