     0.0000000       0.27742333       0.00717433
     0.1000000       0.19434633       0.00508318
     0.2000000       0.15373780       0.00640716
     0.3000000       0.11893972       0.00305052
     0.4000000       0.09750124       0.00441173
     0.5000000       0.09383023       0.00486001
     0.6000000       0.09838315       0.00274680
     0.7000000       0.11579784       0.00503057
     0.8000000       0.14378287       0.00310243
     0.9000000       0.18838260       0.00488776
     1.0000000       0.27742333       0.00717433
