     0.0000000       0.03432772       0.16610100
     0.1000000       0.05194903       0.07275283
     0.2000000      -0.04469835       0.12840163
     0.3000000      -0.01861055       0.07575856
     0.4000000       0.03012072       0.00833823
     0.5000000      -0.04512782       0.06776861
     0.6000000       0.01883766       0.00403702
     0.7000000       0.02537216       0.01296909
     0.8000000      -0.02341489       0.03447172
     0.9000000      -0.04306866       0.04812604
     1.0000000      -0.01173043       0.01650007
     1.1000000       0.01522367       0.01439421
     1.2000000       0.01988233       0.01300515
     1.3000000       0.01961437       0.01347255
     1.4000000       0.04374726       0.04472093
     1.5000000       0.01061628       0.01152513
     1.6000000       0.05180216       0.05113161
     1.7000000       0.05986178       0.06029310
     1.8000000       0.04180386       0.04707611
     1.9000000       0.05370862       0.06102377
     2.0000000       0.03027026       0.02810247
     2.1000000       0.01929857       0.01355400
     2.2000000      -0.07437609       0.08228648
     2.3000000      -0.03555654       0.04331641
     2.4000000      -0.01046596       0.01250566
     2.5000000      -0.06695783       0.07151417
     2.6000000       0.00946669       0.01258515
     2.7000000      -0.04317938       0.03976851
     2.8000000      -0.04880747       0.04032355
     2.9000000      -0.00972215       0.00638992
     3.0000000       0.05625121       0.05939462
     3.1000000       0.04501174       0.04836185
     3.2000000      -0.00372557       0.00388465
     3.3000000      -0.03868317       0.03193193
     3.4000000      -0.05228603       0.05088272
     3.5000000      -0.04120595       0.04302401
     3.6000000      -0.02901475       0.03007089
     3.7000000      -0.01282635       0.01735309
     3.8000000      -0.04559180       0.04096939
     3.9000000      -0.02098202       0.02593331
     4.0000000       0.03316279       0.03271335
     4.1000000      -0.04501007       0.04483168
     4.2000000       0.01440822       0.01918925
     4.3000000       0.01148811       0.01881695
     4.4000000       0.00035266       0.01054979
     4.5000000       0.03214192       0.02621680
     4.6000000      -0.05451177       0.06003827
     4.7000000      -0.00063072       0.00626285
     4.8000000      -0.05045062       0.05470903
     4.9000000       0.04240638       0.03787530
     5.0000000      -0.01924611       0.02823719
     5.1000000      -0.00665448       0.02086444
     5.2000000      -0.01642190       0.02949893
     5.3000000       0.00276412       0.01746973
     5.4000000      -0.00157675       0.02115687
     5.5000000       0.00604476       0.01556310
     5.6000000      -0.00353556       0.03964078
     5.7000000       0.06115982       0.01008733
     5.8000000       0.12883747       0.04684549
     5.9000000       0.05233067       0.07280858
     6.0000000       0.03432772       0.16610100
