     0.0000000       0.10132149       0.00766150
     0.1000000       0.08021526       0.00551537
     0.2000000       0.07128673       0.00366582
     0.3000000       0.06365555       0.00404116
     0.4000000       0.06150777       0.00353137
     0.5000000       0.05001292       0.00428660
     0.6000000       0.04311258       0.00380267
     0.7000000       0.03710957       0.00375210
     0.8000000       0.03943730       0.00362002
     0.9000000       0.03337378       0.00394755
     1.0000000       0.03199988       0.00375864
     1.1000000       0.02479321       0.00286405
     1.2000000       0.02288556       0.00345994
     1.3000000       0.02369547       0.00363239
     1.4000000       0.02844659       0.00310472
     1.5000000       0.02986416       0.00447842
     1.6000000       0.03456233       0.00453834
     1.7000000       0.03462754       0.00591413
     1.8000000       0.03112568       0.00361281
     1.9000000       0.03113310       0.00379066
     2.0000000       0.03607954       0.00381486
     2.1000000       0.03002591       0.00538373
     2.2000000       0.03636980       0.00441824
     2.3000000       0.04038500       0.00455201
     2.4000000       0.03977967       0.00418906
     2.5000000       0.04691990       0.00573104
     2.6000000       0.05497641       0.00581865
     2.7000000       0.05410262       0.00719587
     2.8000000       0.06321156       0.00892679
     2.9000000       0.09107673       0.00623214
     3.0000000       0.10132149       0.00766150
