     0.0000000       0.25227740       0.02425575
     0.1000000       0.13210312       0.02052309
     0.2000000       0.07488736       0.01361991
     0.3000000       0.03632640       0.01851681
     0.4000000       0.03715456       0.00857712
     0.5000000       0.01720106       0.00362253
     0.6000000       0.02456432       0.01184945
     0.7000000       0.00453271       0.00804169
     0.8000000       0.00724764       0.00618598
     0.9000000       0.01453685       0.00891100
     1.0000000       0.00401282       0.00448912
     1.1000000       0.00306942       0.00444936
     1.2000000       0.00620056       0.00607836
     1.3000000       0.00413266       0.00390538
     1.4000000       0.00766294       0.00716812
     1.5000000      -0.00475827       0.00594440
     1.6000000       0.01403389       0.01252751
     1.7000000       0.01006482       0.00696624
     1.8000000       0.01982888       0.02328952
     1.9000000      -0.01655371       0.01622816
     2.0000000      -0.00728237       0.00961414
     2.1000000      -0.01947191       0.02381242
     2.2000000      -0.00998130       0.01081822
     2.3000000       0.01559187       0.02011222
     2.4000000       0.02213650       0.02448603
     2.5000000       0.02556962       0.02149582
     2.6000000       0.00164690       0.00348785
     2.7000000      -0.00607766       0.00796100
     2.8000000       0.00005707       0.00304529
     2.9000000      -0.00884924       0.00864304
     3.0000000       0.00235992       0.00330085
     3.1000000      -0.00640413       0.01191637
     3.2000000      -0.01881916       0.01979405
     3.3000000      -0.01084517       0.01132601
     3.4000000      -0.01791620       0.01903916
     3.5000000      -0.01567192       0.01921940
     3.6000000      -0.01481090       0.01416707
     3.7000000      -0.01160701       0.01203663
     3.8000000      -0.01667587       0.01658286
     3.9000000      -0.01545098       0.01734605
     4.0000000      -0.00765815       0.01351216
     4.1000000      -0.02289856       0.02329637
     4.2000000       0.00020683       0.00566136
     4.3000000      -0.02121061       0.02613226
     4.4000000      -0.02716917       0.02587280
     4.5000000      -0.00628023       0.00591941
     4.6000000      -0.02073373       0.02322448
     4.7000000      -0.00325962       0.00587328
     4.8000000      -0.00004156       0.00344959
     4.9000000       0.00053182       0.00488566
     5.0000000       0.00515332       0.00513671
     5.1000000       0.00421304       0.00391582
     5.2000000       0.00176546       0.00408964
     5.3000000      -0.00912700       0.02035941
     5.4000000      -0.00676025       0.01455685
     5.5000000      -0.00018758       0.01793337
     5.6000000       0.03125621       0.00496537
     5.7000000       0.04879900       0.00603306
     5.8000000       0.11677800       0.02525700
     5.9000000       0.15874578       0.00508154
     6.0000000       0.25227740       0.02425575
