     0.0000000       0.24699831       0.02753445
     0.1000000       0.18401810       0.01474534
     0.2000000       0.12633524       0.01851260
     0.3000000       0.08515487       0.01779422
     0.4000000       0.03227814       0.00959610
     0.5000000       0.02304395       0.00626290
     0.6000000       0.01957922       0.00375628
     0.7000000       0.00962871       0.00344311
     0.8000000       0.01271373       0.00570904
     0.9000000       0.00932856       0.00296460
     1.0000000      -0.00101451       0.00779593
     1.1000000      -0.00535088       0.01080227
     1.2000000       0.00146371       0.00577241
     1.3000000      -0.01036351       0.00858512
     1.4000000      -0.02913649       0.02889363
     1.5000000       0.01445812       0.00983545
     1.6000000       0.01313099       0.01256963
     1.7000000      -0.00120507       0.00413301
     1.8000000      -0.00690388       0.00655660
     1.9000000       0.00338769       0.00773460
     2.0000000      -0.00496739       0.00502720
     2.1000000       0.00310851       0.00510409
     2.2000000      -0.00265912       0.00632157
     2.3000000       0.00930058       0.00724929
     2.4000000       0.00373063       0.00584995
     2.5000000       0.00513074       0.00866240
     2.6000000       0.00543111       0.00928999
     2.7000000      -0.00256003       0.00727987
     2.8000000      -0.01541154       0.01327148
     2.9000000      -0.00979914       0.00640184
     3.0000000      -0.00654158       0.00556564
     3.1000000      -0.00035899       0.00393953
     3.2000000      -0.00232974       0.00436589
     3.3000000       0.00521076       0.00579021
     3.4000000       0.00389295       0.00694895
     3.5000000      -0.00452435       0.00698356
     3.6000000      -0.00603033       0.00895325
     3.7000000       0.00586184       0.00415268
     3.8000000       0.00322984       0.00453269
     3.9000000      -0.00287165       0.00609594
     4.0000000       0.00646440       0.00453763
     4.1000000       0.00236434       0.00654887
     4.2000000       0.00527587       0.00422665
     4.3000000      -0.00300873       0.00754415
     4.4000000      -0.00296488       0.00767827
     4.5000000       0.00075769       0.00550190
     4.6000000       0.00406238       0.00290489
     4.7000000       0.00105510       0.00400296
     4.8000000      -0.00270887       0.00630111
     4.9000000      -0.00450766       0.01076012
     5.0000000      -0.01209144       0.01632293
     5.1000000      -0.02512453       0.03259942
     5.2000000      -0.00432506       0.01111299
     5.3000000       0.02115491       0.00586307
     5.4000000       0.00551343       0.01207755
     5.5000000       0.01478920       0.01011816
     5.6000000       0.03229074       0.01029451
     5.7000000       0.05423708       0.00647621
     5.8000000       0.08410844       0.01862444
     5.9000000       0.15456212       0.01338452
     6.0000000       0.24699831       0.02753445
