     0.0000000       0.32827619       0.01001804
     0.1000000       0.18980630       0.00549038
     0.2000000       0.11851227       0.00411318
     0.3000000       0.07652211       0.00375104
     0.4000000       0.05656085       0.00365947
     0.5000000       0.04249297       0.00601366
     0.6000000       0.03446319       0.00602540
     0.7000000       0.02850681       0.00741513
     0.8000000       0.01975305       0.00301047
     0.9000000       0.01217129       0.00373409
     1.0000000       0.01149062       0.00381590
     1.1000000       0.00513867       0.00476388
     1.2000000       0.00267366       0.00625858
     1.3000000       0.01259037       0.00314952
     1.4000000       0.01592533       0.00530573
     1.5000000       0.01481692       0.00454687
     1.6000000       0.01822394       0.00462811
     1.7000000       0.01387946       0.00489139
     1.8000000       0.00730814       0.00423501
     1.9000000       0.00588162       0.00343818
     2.0000000       0.01424312       0.00243493
     2.1000000       0.01699518       0.00429646
     2.2000000       0.02311658       0.00396438
     2.3000000       0.02323130       0.00334859
     2.4000000       0.02182209       0.00348312
     2.5000000       0.03704803       0.00631210
     2.6000000       0.05741105       0.00659988
     2.7000000       0.07391938       0.00458431
     2.8000000       0.11674029       0.00427280
     2.9000000       0.20154491       0.00636022
     3.0000000       0.32827619       0.01001804
