     0.0000000       0.04905528       0.00137153
     0.1000000       0.03176469       0.00132993
     0.2000000       0.02262973       0.00135245
     0.3000000       0.01476648       0.00127778
     0.4000000       0.01002444       0.00135249
     0.5000000       0.00692642       0.00127021
     0.6000000       0.00405801       0.00122844
     0.7000000       0.00176215       0.00109827
     0.8000000       0.00072297       0.00107562
     0.9000000       0.00142375       0.00106738
     1.0000000       0.00271583       0.00116001
     1.1000000       0.00238975       0.00119062
     1.2000000       0.00192013       0.00121553
     1.3000000       0.00147798       0.00110777
     1.4000000       0.00185556       0.00109224
     1.5000000       0.00099234       0.00118464
     1.6000000       0.00016129       0.00121523
     1.7000000       0.00080446       0.00129276
     1.8000000       0.00113152       0.00134670
     1.9000000       0.00238212       0.00136968
     2.0000000       0.00085490       0.00144578
     2.1000000       0.00143806       0.00136139
     2.2000000       0.00207219       0.00116689
     2.3000000       0.00225489       0.00137713
     2.4000000       0.00188724       0.00122275
     2.5000000       0.00087382       0.00115477
     2.6000000      -0.00058488       0.00115251
     2.7000000      -0.00017869       0.00117313
     2.8000000       0.00013646       0.00121583
     2.9000000       0.00007650       0.00122504
     3.0000000       0.00050833       0.00125877
     3.1000000       0.00054862       0.00126589
     3.2000000       0.00019643       0.00131374
     3.3000000       0.00124245       0.00132929
     3.4000000       0.00069895       0.00137190
     3.5000000       0.00236148       0.00118998
     3.6000000       0.00406593       0.00120393
     3.7000000       0.00289109       0.00118834
     3.8000000       0.00362292       0.00116794
     3.9000000       0.00365873       0.00121267
     4.0000000       0.00433670       0.00128382
     4.1000000       0.00701285       0.00128495
     4.2000000       0.00751358       0.00125801
     4.3000000       0.01035035       0.00127820
     4.4000000       0.01235453       0.00128162
     4.5000000       0.01562710       0.00132473
     4.6000000       0.02095317       0.00122562
     4.7000000       0.02658179       0.00124868
     4.8000000       0.03473309       0.00143755
     4.9000000       0.04311244       0.00139186
     5.0000000       0.05491452       0.00132490
     5.1000000       0.07163003       0.00136532
     5.2000000       0.09439680       0.00143905
     5.3000000       0.12234845       0.00140230
     5.4000000       0.16029181       0.00137641
     5.5000000       0.21038146       0.00137207
     5.6000000       0.28041778       0.00150127
     5.7000000       0.37402278       0.00149787
     5.8000000       0.50704296       0.00152614
     5.9000000       0.69202648       0.00146769
     6.0000000       0.95094472       0.00137153
