     0.0000000       0.20395328       0.00577929
     0.1000000       0.14512139       0.00415985
     0.2000000       0.10291982       0.00345476
     0.3000000       0.07430780       0.00380914
     0.4000000       0.05493666       0.00332420
     0.5000000       0.04180949       0.00335537
     0.6000000       0.03134904       0.00276179
     0.7000000       0.02334863       0.00273767
     0.8000000       0.01782352       0.00276503
     0.9000000       0.01028966       0.00264977
     1.0000000       0.00925406       0.00273835
     1.1000000       0.00656174       0.00271136
     1.2000000       0.00458040       0.00268831
     1.3000000       0.00443646       0.00236429
     1.4000000       0.00349275       0.00266805
     1.5000000       0.00526907       0.00224661
     1.6000000       0.00548198       0.00269137
     1.7000000       0.00637323       0.00254668
     1.8000000       0.00756440       0.00307258
     1.9000000       0.00896209       0.00293972
     2.0000000       0.01094222       0.00299939
     2.1000000       0.01169715       0.00282106
     2.2000000       0.01837970       0.00266458
     2.3000000       0.02090044       0.00284872
     2.4000000       0.02482982       0.00284671
     2.5000000       0.03919832       0.00263626
     2.6000000       0.05458943       0.00278251
     2.7000000       0.07630007       0.00285930
     2.8000000       0.10513510       0.00396219
     2.9000000       0.13954193       0.00444329
     3.0000000       0.20395328       0.00577929
