     0.0000000       1.40977355       0.02660287
     0.1000000       1.21040674       0.02534147
     0.2000000       1.07357514       0.02415660
     0.3000000       0.97404514       0.02283255
     0.4000000       0.89960462       0.02195591
     0.5000000       0.84322006       0.02145428
     0.6000000       0.79991490       0.02127865
     0.7000000       0.76714411       0.02219638
     0.8000000       0.74087701       0.02328033
     0.9000000       0.71715709       0.02253014
     1.0000000       0.69866782       0.02154515
     1.1000000       0.68519645       0.02100078
     1.2000000       0.67525859       0.02102881
     1.3000000       0.66776054       0.02140174
     1.4000000       0.66407508       0.02173923
     1.5000000       0.66470811       0.02244110
     1.6000000       0.66690817       0.02258411
     1.7000000       0.67360173       0.02326102
     1.8000000       0.68307398       0.02369540
     1.9000000       0.69354798       0.02325328
     2.0000000       0.70692952       0.02318217
     2.1000000       0.72228008       0.02215320
     2.2000000       0.74215517       0.02104377
     2.3000000       0.77004682       0.02133900
     2.4000000       0.80581711       0.02262484
     2.5000000       0.85136507       0.02489416
     2.6000000       0.90855812       0.02741345
     2.7000000       0.98101611       0.02875029
     2.8000000       1.07710458       0.02895252
     2.9000000       1.21168120       0.02821758
     3.0000000       1.40977355       0.02660287
