     0.0000000       0.39212087       0.00050297
     0.1000000       0.37130943       0.00059020
     0.2000000       0.36180557       0.00072892
     0.3000000       0.36185619       0.00084034
     0.4000000       0.36927095       0.00087548
     0.5000000       0.38431309       0.00090123
     0.6000000       0.40617326       0.00093445
     0.7000000       0.43753823       0.00088160
     0.8000000       0.47745036       0.00082273
     0.9000000       0.53331943       0.00068733
     1.0000000       0.60787913       0.00050297
