     0.0000000       0.49954111       0.00038613
     0.1000000       0.45740958       0.00063566
     0.2000000       0.42912668       0.00072715
     0.3000000       0.41105401       0.00080680
     0.4000000       0.40108544       0.00089989
     0.5000000       0.39865411       0.00088546
     0.6000000       0.40217394       0.00087594
     0.7000000       0.41243128       0.00081706
     0.8000000       0.42949611       0.00079037
     0.9000000       0.45833183       0.00063793
     1.0000000       0.50045889       0.00038613
