     0.0000000       0.13607798       0.00786926
     0.1000000       0.13910177       0.00578392
     0.2000000       0.15083358       0.00876018
     0.3000000       0.14555896       0.00526176
     0.4000000       0.13795460       0.00422332
     0.5000000       0.13652209       0.00548033
     0.6000000       0.13692802       0.00328633
     0.7000000       0.13957555       0.00571342
     0.8000000       0.13544046       0.00389095
     0.9000000       0.13067984       0.00575429
     1.0000000       0.13607798       0.00786926
