     0.0000000       0.20989860       0.00681230
     0.1000000       0.14854680       0.00529969
     0.2000000       0.10391870       0.00448057
     0.3000000       0.07450740       0.00476630
     0.4000000       0.05566737       0.00393376
     0.5000000       0.04387365       0.00388828
     0.6000000       0.03393535       0.00323542
     0.7000000       0.02585634       0.00347907
     0.8000000       0.02039801       0.00335815
     0.9000000       0.01103205       0.00322701
     1.0000000       0.01082143       0.00339514
     1.1000000       0.00782419       0.00320568
     1.2000000       0.00542262       0.00331618
     1.3000000       0.00563772       0.00316326
     1.4000000       0.00474562       0.00346642
     1.5000000       0.00783174       0.00284475
     1.6000000       0.00789535       0.00322913
     1.7000000       0.00855295       0.00306509
     1.8000000       0.00979053       0.00390229
     1.9000000       0.01115583       0.00370356
     2.0000000       0.01301253       0.00381405
     2.1000000       0.01247445       0.00343625
     2.2000000       0.01995659       0.00336131
     2.3000000       0.02033696       0.00333908
     2.4000000       0.02206985       0.00351519
     2.5000000       0.03854461       0.00310962
     2.6000000       0.05483132       0.00311903
     2.7000000       0.07795978       0.00413029
     2.8000000       0.10789918       0.00578893
     2.9000000       0.14052200       0.00501970
     3.0000000       0.20989860       0.00681230
