     0.0000000       0.70866806       0.00461043
     0.1000000       0.62340412       0.00472179
     0.2000000       0.56828879       0.00473798
     0.3000000       0.53347689       0.00459477
     0.4000000       0.51463434       0.00451843
     0.5000000       0.50903779       0.00451070
     0.6000000       0.51548258       0.00452882
     0.7000000       0.53480518       0.00459678
     0.8000000       0.56941287       0.00463263
     0.9000000       0.62406929       0.00458859
     1.0000000       0.70866806       0.00461043
