     0.0000000       0.70929247       0.00173337
     0.1000000       0.62468368       0.00186410
     0.2000000       0.55869262       0.00202878
     0.3000000       0.50582734       0.00209079
     0.4000000       0.46083320       0.00193990
     0.5000000       0.42185465       0.00203199
     0.6000000       0.39102658       0.00209615
     0.7000000       0.36219119       0.00202380
     0.8000000       0.33897814       0.00211534
     0.9000000       0.31866368       0.00211451
     1.0000000       0.30064630       0.00198428
     1.1000000       0.28263282       0.00209972
     1.2000000       0.26966419       0.00208141
     1.3000000       0.25907144       0.00199681
     1.4000000       0.24681786       0.00196496
     1.5000000       0.23753075       0.00194565
     1.6000000       0.22811487       0.00196638
     1.7000000       0.22200498       0.00196454
     1.8000000       0.21745434       0.00201385
     1.9000000       0.21277966       0.00196552
     2.0000000       0.20799525       0.00189516
     2.1000000       0.20598821       0.00190802
     2.2000000       0.20287748       0.00187114
     2.3000000       0.20453002       0.00176861
     2.4000000       0.20668480       0.00178358
     2.5000000       0.21045361       0.00177310
     2.6000000       0.21695727       0.00164600
     2.7000000       0.22849016       0.00159948
     2.8000000       0.24061861       0.00164915
     2.9000000       0.26287244       0.00173527
     3.0000000       0.29070753       0.00173337
