     0.0000000       0.20500526       0.01819299
     0.1000000       0.15219155       0.01486779
     0.2000000       0.10598554       0.01225173
     0.3000000       0.05854749       0.00670648
     0.4000000       0.03563998       0.00541376
     0.5000000       0.02954925       0.00515741
     0.6000000      -0.00262521       0.01886112
     0.7000000      -0.00753436       0.01037017
     0.8000000       0.00217532       0.00750169
     0.9000000       0.01758407       0.01049804
     1.0000000       0.01401021       0.00723477
     1.1000000       0.00606404       0.00446616
     1.2000000       0.02144573       0.02206004
     1.3000000       0.00969245       0.00852445
     1.4000000       0.00452998       0.00363925
     1.5000000       0.00369209       0.00656841
     1.6000000       0.00195964       0.00528872
     1.7000000      -0.00860285       0.01169905
     1.8000000       0.00070213       0.00526217
     1.9000000      -0.00153634       0.00607012
     2.0000000      -0.00165279       0.00465886
     2.1000000       0.00309427       0.00325523
     2.2000000      -0.00199328       0.00403661
     2.3000000       0.00720473       0.00765506
     2.4000000       0.01077235       0.01335757
     2.5000000       0.01073238       0.00992764
     2.6000000       0.00938386       0.00512231
     2.7000000       0.00659656       0.00667169
     2.8000000       0.00939426       0.01134516
     2.9000000       0.00567331       0.00466006
     3.0000000      -0.00147509       0.00324917
     3.1000000       0.00223223       0.00742637
     3.2000000       0.00726291       0.00864470
     3.3000000       0.00423082       0.00777796
     3.4000000      -0.00109086       0.00486388
     3.5000000      -0.00383081       0.00622325
     3.6000000      -0.00065811       0.00827789
     3.7000000       0.00058193       0.00720797
     3.8000000       0.00215837       0.00332181
     3.9000000      -0.00116373       0.00544234
     4.0000000       0.00661630       0.00433977
     4.1000000       0.00379271       0.00354866
     4.2000000       0.00797905       0.00477521
     4.3000000      -0.00331477       0.00398676
     4.4000000       0.00293148       0.00654657
     4.5000000       0.00415815       0.00326383
     4.6000000       0.00747026       0.00626369
     4.7000000       0.00334525       0.00316151
     4.8000000       0.00081783       0.00960024
     4.9000000      -0.00781858       0.01569578
     5.0000000      -0.00657510       0.01347244
     5.1000000       0.00318108       0.00591718
     5.2000000       0.00633569       0.00568226
     5.3000000       0.01544723       0.00327333
     5.4000000       0.00457084       0.01843805
     5.5000000       0.01810260       0.01373974
     5.6000000       0.03956627       0.00406618
     5.7000000       0.06489986       0.00470114
     5.8000000       0.07617613       0.01081937
     5.9000000       0.14093392       0.00579828
     6.0000000       0.20500526       0.01819299
