     0.0000000       0.24842995       0.01950728
     0.1000000       0.14928485       0.02250261
     0.2000000       0.08876683       0.02259173
     0.3000000       0.05156619       0.02183385
     0.4000000       0.02899522       0.02034717
     0.5000000       0.01503395       0.01912255
     0.6000000       0.00642066       0.01754248
     0.7000000       0.00318230       0.01459797
     0.8000000       0.00265232       0.01191164
     0.9000000       0.00229318       0.01105730
     1.0000000      -0.00019061       0.01250866
     1.1000000      -0.00383515       0.01457591
     1.2000000      -0.00543889       0.01497541
     1.3000000      -0.00487473       0.01257097
     1.4000000      -0.00528734       0.01029521
     1.5000000      -0.00531108       0.00882868
     1.6000000      -0.00351436       0.00677999
     1.7000000      -0.00435746       0.00579993
     1.8000000      -0.00714990       0.00549243
     1.9000000      -0.00961078       0.00536761
     2.0000000      -0.01128964       0.00518607
     2.1000000      -0.01401456       0.00514831
     2.2000000      -0.01502350       0.00540481
     2.3000000      -0.01331698       0.00553621
     2.4000000      -0.01181774       0.00562641
     2.5000000      -0.00974888       0.00523591
     2.6000000      -0.00769150       0.00522635
     2.7000000      -0.00684478       0.00585750
     2.8000000      -0.00564521       0.00592979
     2.9000000      -0.00324842       0.00578652
     3.0000000      -0.00147228       0.00556605
     3.1000000      -0.00064310       0.00519484
     3.2000000      -0.00046520       0.00493225
     3.3000000      -0.00072269       0.00502226
     3.4000000      -0.00009469       0.00539004
     3.5000000       0.00004233       0.00588286
     3.6000000      -0.00093880       0.00624609
     3.7000000      -0.00104765       0.00602333
     3.8000000       0.00024727       0.00537023
     3.9000000       0.00017406       0.00507879
     4.0000000      -0.00074916       0.00486517
     4.1000000       0.00120846       0.00466696
     4.2000000       0.00425217       0.00513654
     4.3000000       0.00496642       0.00563838
     4.4000000       0.00485336       0.00560253
     4.5000000       0.00545652       0.00556044
     4.6000000       0.00580907       0.00568928
     4.7000000       0.00705405       0.00570762
     4.8000000       0.00859311       0.00570789
     4.9000000       0.00990172       0.00597793
     5.0000000       0.01206358       0.00636614
     5.1000000       0.01511715       0.00648525
     5.2000000       0.01936088       0.00704845
     5.3000000       0.02602938       0.00823695
     5.4000000       0.03300822       0.00836897
     5.5000000       0.03874748       0.00795004
     5.6000000       0.04933994       0.00943696
     5.7000000       0.06947828       0.01147895
     5.8000000       0.10403542       0.01400799
     5.9000000       0.16055358       0.01603063
     6.0000000       0.24842995       0.01950728
