     0.0000000       0.92116593       0.00245048
     0.1000000       0.72171016       0.00245107
     0.2000000       0.56956494       0.00264351
     0.3000000       0.45271285       0.00248845
     0.4000000       0.36412624       0.00244682
     0.5000000       0.28922971       0.00261893
     0.6000000       0.23562683       0.00245789
     0.7000000       0.19296860       0.00233039
     0.8000000       0.15757942       0.00229534
     0.9000000       0.12636511       0.00231599
     1.0000000       0.10435242       0.00217459
     1.1000000       0.08700693       0.00207804
     1.2000000       0.06998588       0.00205616
     1.3000000       0.05813227       0.00206070
     1.4000000       0.04671107       0.00212176
     1.5000000       0.03709326       0.00197439
     1.6000000       0.03175901       0.00192544
     1.7000000       0.02734300       0.00181837
     1.8000000       0.02176953       0.00189888
     1.9000000       0.01834427       0.00183989
     2.0000000       0.01358098       0.00180148
     2.1000000       0.01376103       0.00176935
     2.2000000       0.00921088       0.00217428
     2.3000000       0.00872832       0.00191126
     2.4000000       0.01026147       0.00195054
     2.5000000       0.00867104       0.00205209
     2.6000000       0.00532301       0.00259389
     2.7000000       0.00475134       0.00240588
     2.8000000       0.00458065       0.00219259
     2.9000000       0.00452177       0.00196136
     3.0000000       0.00352278       0.00195013
     3.1000000       0.00497162       0.00167783
     3.2000000       0.00473557       0.00152625
     3.3000000       0.00295350       0.00153710
     3.4000000       0.00400350       0.00145900
     3.5000000       0.00467577       0.00160026
     3.6000000       0.00381191       0.00178038
     3.7000000       0.00299866       0.00175445
     3.8000000       0.00136590       0.00178967
     3.9000000       0.00154166       0.00194230
     4.0000000      -0.00196872       0.00165885
     4.1000000      -0.00182282       0.00173261
     4.2000000      -0.00039730       0.00183740
     4.3000000      -0.00160915       0.00170895
     4.4000000      -0.00254068       0.00177335
     4.5000000      -0.00131325       0.00158462
     4.6000000      -0.00106781       0.00166081
     4.7000000      -0.00019845       0.00159934
     4.8000000       0.00113154       0.00185279
     4.9000000       0.00115911       0.00156688
     5.0000000       0.00288587       0.00181052
     5.1000000       0.00615582       0.00175078
     5.2000000       0.00904292       0.00181369
     5.3000000       0.00922658       0.00187076
     5.4000000       0.01174355       0.00198459
     5.5000000       0.01640117       0.00225774
     5.6000000       0.02233090       0.00221894
     5.7000000       0.03043512       0.00206029
     5.8000000       0.04052511       0.00208689
     5.9000000       0.05531849       0.00266217
     6.0000000       0.07883407       0.00245048
