     0.0000000       0.10881038       0.00665950
     0.1000000       0.09237632       0.00648051
     0.2000000       0.07991787       0.00631714
     0.3000000       0.07028452       0.00617170
     0.4000000       0.06258926       0.00602695
     0.5000000       0.05625203       0.00590151
     0.6000000       0.05105452       0.00580726
     0.7000000       0.04664123       0.00574154
     0.8000000       0.04300999       0.00566098
     0.9000000       0.04017853       0.00556261
     1.0000000       0.03780699       0.00545600
     1.1000000       0.03546123       0.00539245
     1.2000000       0.03343804       0.00536074
     1.3000000       0.03214032       0.00534548
     1.4000000       0.03141918       0.00537297
     1.5000000       0.03102372       0.00541033
     1.6000000       0.03087248       0.00545279
     1.7000000       0.03116363       0.00549138
     1.8000000       0.03207993       0.00550919
     1.9000000       0.03348005       0.00556721
     2.0000000       0.03534966       0.00565548
     2.1000000       0.03792398       0.00570298
     2.2000000       0.04120605       0.00574348
     2.3000000       0.04481006       0.00582921
     2.4000000       0.04887481       0.00592123
     2.5000000       0.05397101       0.00603338
     2.6000000       0.06046072       0.00623805
     2.7000000       0.06861521       0.00646889
     2.8000000       0.07885621       0.00662156
     2.9000000       0.09178997       0.00670247
     3.0000000       0.10881038       0.00665950
