     0.0000000       0.19670395       0.00735064
     0.1000000       0.13790532       0.00575280
     0.2000000       0.10140610       0.00445186
     0.3000000       0.07758877       0.00400505
     0.4000000       0.06320413       0.00313615
     0.5000000       0.04794938       0.00333105
     0.6000000       0.03891413       0.00423327
     0.7000000       0.02890666       0.00279376
     0.8000000       0.02479896       0.00331551
     0.9000000       0.02033543       0.00301125
     1.0000000       0.01343635       0.00402876
     1.1000000       0.01219915       0.00301190
     1.2000000       0.00913235       0.00429822
     1.3000000       0.01127874       0.00355611
     1.4000000       0.01495320       0.00249942
     1.5000000       0.01436178       0.00312756
     1.6000000       0.01757950       0.00331631
     1.7000000       0.01986426       0.00442149
     1.8000000       0.01462419       0.00269529
     1.9000000       0.01435572       0.00384652
     2.0000000       0.01563421       0.00567620
     2.1000000       0.01772477       0.00524818
     2.2000000       0.02469864       0.00358577
     2.3000000       0.02696841       0.00434353
     2.4000000       0.03089376       0.00441067
     2.5000000       0.04177296       0.00444504
     2.6000000       0.05696189       0.00430257
     2.7000000       0.07140454       0.00526771
     2.8000000       0.09797387       0.00665706
     2.9000000       0.14557388       0.00586105
     3.0000000       0.19670395       0.00735064
