     0.0000000       0.38391876       0.04160014
     0.1000000       0.20536051       0.04499554
     0.2000000       0.11593541       0.04286448
     0.3000000       0.06959252       0.03775949
     0.4000000       0.04687735       0.03243419
     0.5000000       0.03709563       0.02800665
     0.6000000       0.02984123       0.02437688
     0.7000000       0.02699338       0.02057935
     0.8000000       0.02681594       0.01762124
     0.9000000       0.02100010       0.01759203
     1.0000000       0.00686905       0.02277002
     1.1000000      -0.01150782       0.03309306
     1.2000000      -0.02475550       0.04272816
     1.3000000      -0.02926628       0.04841138
     1.4000000      -0.02906843       0.05173511
     1.5000000      -0.02223273       0.04727950
     1.6000000      -0.01089539       0.03751497
     1.7000000      -0.00535781       0.03259205
     1.8000000      -0.00263481       0.02992218
     1.9000000       0.00095828       0.02703244
     2.0000000       0.00415225       0.02432238
     2.1000000       0.00508552       0.02326075
     2.2000000       0.00671187       0.02263145
     2.3000000       0.00598695       0.02240893
     2.4000000       0.00584509       0.02229483
     2.5000000       0.00997855       0.02031516
     2.6000000       0.01454070       0.01919058
     2.7000000       0.01850278       0.01866318
     2.8000000       0.01796081       0.01867410
     2.9000000       0.01699704       0.01871856
     3.0000000       0.01744841       0.01778721
     3.1000000       0.01812156       0.01652029
     3.2000000       0.01995269       0.01516388
     3.3000000       0.02434634       0.01309468
     3.4000000       0.02761369       0.01149974
     3.5000000       0.02869098       0.01118506
     3.6000000       0.03167923       0.01137602
     3.7000000       0.03347870       0.01134766
     3.8000000       0.03511748       0.01110549
     3.9000000       0.03677506       0.01103832
     4.0000000       0.03720839       0.01097399
     4.1000000       0.03679345       0.01086063
     4.2000000       0.03353768       0.01092056
     4.3000000       0.02862973       0.01127275
     4.4000000       0.02709244       0.01192832
     4.5000000       0.02791531       0.01323147
     4.6000000       0.02636374       0.01590152
     4.7000000       0.01985793       0.02098164
     4.8000000       0.01332272       0.02637516
     4.9000000       0.00829680       0.02932129
     5.0000000       0.00576990       0.03253273
     5.1000000       0.00604752       0.03658652
     5.2000000       0.01004466       0.03884900
     5.3000000       0.01970792       0.03783739
     5.4000000       0.03117605       0.03523506
     5.5000000       0.04453498       0.03322074
     5.6000000       0.05962837       0.03329761
     5.7000000       0.08358167       0.03450817
     5.8000000       0.13214160       0.03524565
     5.9000000       0.22019125       0.03720846
     6.0000000       0.38391876       0.04160014
