     0.0000000       0.34398028       0.01336541
     0.1000000       0.19553710       0.00890155
     0.2000000       0.12398902       0.00598282
     0.3000000       0.07724922       0.00541393
     0.4000000       0.05029471       0.00538165
     0.5000000       0.03349889       0.00621395
     0.6000000       0.02413754       0.00637803
     0.7000000       0.01521305       0.00585917
     0.8000000       0.01301227       0.00483433
     0.9000000       0.01311421       0.00518777
     1.0000000       0.01124132       0.00463012
     1.1000000       0.00697647       0.00518930
     1.2000000       0.00460752       0.00560822
     1.3000000       0.00361869       0.00611626
     1.4000000       0.00565523       0.00467724
     1.5000000       0.00671587       0.00442713
     1.6000000       0.00945326       0.00388457
     1.7000000       0.00512295       0.00436335
     1.8000000       0.00443046       0.00559415
     1.9000000       0.00393460       0.00578425
     2.0000000       0.00690825       0.00491103
     2.1000000       0.00794196       0.00437449
     2.2000000       0.01214633       0.00513998
     2.3000000       0.01628695       0.00564091
     2.4000000       0.01408250       0.00884317
     2.5000000       0.02973625       0.00693005
     2.6000000       0.04974213       0.00510358
     2.7000000       0.07159002       0.00801310
     2.8000000       0.11691137       0.00785030
     2.9000000       0.20338655       0.00963919
     3.0000000       0.34398028       0.01336541
