     0.0000000       0.42220532       0.00605573
     0.1000000       0.36334741       0.00562928
     0.2000000       0.31357242       0.00495340
     0.3000000       0.27115454       0.00426953
     0.4000000       0.23515485       0.00374701
     0.5000000       0.20461731       0.00338250
     0.6000000       0.17848600       0.00330563
     0.7000000       0.15517231       0.00358986
     0.8000000       0.13429371       0.00433903
     0.9000000       0.11601978       0.00522372
     1.0000000       0.10002436       0.00585989
     1.1000000       0.08615114       0.00631006
     1.2000000       0.07375585       0.00708003
     1.3000000       0.06253633       0.00820624
     1.4000000       0.05280087       0.00900872
     1.5000000       0.04410016       0.00971272
     1.6000000       0.03729460       0.00956369
     1.7000000       0.03277580       0.00801464
     1.8000000       0.02932713       0.00612170
     1.9000000       0.02522172       0.00559733
     2.0000000       0.02036103       0.00661786
     2.1000000       0.01647542       0.00764557
     2.2000000       0.01385560       0.00788224
     2.3000000       0.01237939       0.00716292
     2.4000000       0.01148369       0.00615804
     2.5000000       0.01002766       0.00586560
     2.6000000       0.00854955       0.00583957
     2.7000000       0.00745376       0.00570482
     2.8000000       0.00729659       0.00552111
     2.9000000       0.00800316       0.00514293
     3.0000000       0.00880908       0.00477924
     3.1000000       0.00981929       0.00462984
     3.2000000       0.01112620       0.00429120
     3.3000000       0.01317959       0.00329471
     3.4000000       0.01558331       0.00224075
     3.5000000       0.01819894       0.00190972
     3.6000000       0.02064668       0.00237308
     3.7000000       0.02286359       0.00256050
     3.8000000       0.02522326       0.00264436
     3.9000000       0.02753286       0.00254784
     4.0000000       0.02960295       0.00225101
     4.1000000       0.03226989       0.00212941
     4.2000000       0.03577266       0.00208008
     4.3000000       0.04062719       0.00239630
     4.4000000       0.04706736       0.00342713
     4.5000000       0.05442464       0.00470790
     4.6000000       0.06275036       0.00597655
     4.7000000       0.07154961       0.00612897
     4.8000000       0.08051200       0.00526797
     4.9000000       0.09129433       0.00538575
     5.0000000       0.10403161       0.00577910
     5.1000000       0.11784150       0.00509895
     5.2000000       0.13385256       0.00442272
     5.3000000       0.15199560       0.00353362
     5.4000000       0.17314944       0.00306635
     5.5000000       0.19843888       0.00327750
     5.6000000       0.22926591       0.00375720
     5.7000000       0.26655732       0.00468465
     5.8000000       0.31098817       0.00604740
     5.9000000       0.36234966       0.00656050
     6.0000000       0.42220532       0.00605573
