     0.0000000       0.26976941       0.01111967
     0.1000000       0.16371205       0.00673247
     0.2000000       0.11069654       0.00488031
     0.3000000       0.07792314       0.00388058
     0.4000000       0.05740257       0.00372832
     0.5000000       0.04270089       0.00577040
     0.6000000       0.03644087       0.00650261
     0.7000000       0.03051490       0.00684863
     0.8000000       0.02278616       0.00445623
     0.9000000       0.02089126       0.00293439
     1.0000000       0.01411148       0.00369725
     1.1000000       0.00966424       0.00308682
     1.2000000       0.00552157       0.00592812
     1.3000000       0.01463606       0.00342737
     1.4000000       0.01769952       0.00512203
     1.5000000       0.01412784       0.00320782
     1.6000000       0.02037161       0.00457236
     1.7000000       0.01952144       0.00692069
     1.8000000       0.01184194       0.00426575
     1.9000000       0.00853574       0.00371071
     2.0000000       0.01135295       0.00431198
     2.1000000       0.01566027       0.00445917
     2.2000000       0.02366261       0.00392604
     2.3000000       0.02353861       0.00462506
     2.4000000       0.02144399       0.00501960
     2.5000000       0.03505843       0.00661467
     2.6000000       0.05676234       0.00623321
     2.7000000       0.07045760       0.00619184
     2.8000000       0.10669973       0.00586569
     2.9000000       0.17682152       0.00717353
     3.0000000       0.26976941       0.01111967
