     0.0000000       0.27854725       0.00709755
     0.1000000       0.19245700       0.00711154
     0.2000000       0.15562500       0.00736379
     0.3000000       0.12207107       0.00471585
     0.4000000       0.10200779       0.00309939
     0.5000000       0.09319107       0.00409545
     0.6000000       0.10101934       0.00228349
     0.7000000       0.11532896       0.00426800
     0.8000000       0.14323700       0.00266524
     0.9000000       0.18991239       0.00424907
     1.0000000       0.27854725       0.00709755
