     0.0000000       0.03999959       0.00113278
     0.1000000       0.02411394       0.00110048
     0.2000000       0.01377785       0.00109923
     0.3000000       0.00924122       0.00103480
     0.4000000       0.00721028       0.00109433
     0.5000000       0.00532574       0.00113381
     0.6000000       0.00237122       0.00111425
     0.7000000       0.00181812       0.00110567
     0.8000000       0.00167288       0.00111920
     0.9000000       0.00149610       0.00115930
     1.0000000       0.00084072       0.00108479
     1.1000000       0.00048975       0.00100886
     1.2000000       0.00084314       0.00114036
     1.3000000       0.00081107       0.00106712
     1.4000000       0.00144353       0.00103668
     1.5000000       0.00205480       0.00108942
     1.6000000       0.00137452       0.00096440
     1.7000000       0.00137678       0.00093643
     1.8000000       0.00041108       0.00099509
     1.9000000       0.00100746       0.00099895
     2.0000000       0.00095336       0.00106944
     2.1000000      -0.00052245       0.00111714
     2.2000000      -0.00042041       0.00107028
     2.3000000       0.00077620       0.00108874
     2.4000000       0.00071220       0.00116656
     2.5000000       0.00101052       0.00101316
     2.6000000       0.00017113       0.00101279
     2.7000000       0.00003743       0.00100472
     2.8000000      -0.00060184       0.00105315
     2.9000000       0.00119877       0.00098879
     3.0000000       0.00135453       0.00109740
     3.1000000       0.00253634       0.00112178
     3.2000000       0.00099993       0.00105873
     3.3000000       0.00197082       0.00104469
     3.4000000       0.00136398       0.00115072
     3.5000000       0.00075399       0.00111476
     3.6000000       0.00029898       0.00104099
     3.7000000       0.00017624       0.00103799
     3.8000000       0.00131650       0.00105646
     3.9000000       0.00113462       0.00108950
     4.0000000       0.00148974       0.00106661
     4.1000000       0.00162290       0.00110407
     4.2000000       0.00320676       0.00108387
     4.3000000       0.00512387       0.00106044
     4.4000000       0.00698567       0.00108370
     4.5000000       0.00924948       0.00107973
     4.6000000       0.01207389       0.00100870
     4.7000000       0.01348819       0.00111432
     4.8000000       0.01895423       0.00109373
     4.9000000       0.02418016       0.00099166
     5.0000000       0.03242797       0.00104130
     5.1000000       0.04469420       0.00122944
     5.2000000       0.06138017       0.00126614
     5.3000000       0.08252461       0.00130354
     5.4000000       0.11565806       0.00135458
     5.5000000       0.16085508       0.00122299
     5.6000000       0.22592939       0.00127891
     5.7000000       0.31986700       0.00136705
     5.8000000       0.45585393       0.00118393
     5.9000000       0.66026193       0.00129711
     6.0000000       0.96000041       0.00113278
