     0.0000000       1.30130205       0.03077111
     0.1000000       1.09521304       0.02970190
     0.2000000       0.94506472       0.02570982
     0.3000000       0.83225208       0.02192444
     0.4000000       0.74277621       0.02027119
     0.5000000       0.66880953       0.02151149
     0.6000000       0.60755074       0.02229367
     0.7000000       0.55847286       0.02147991
     0.8000000       0.52137027       0.01858763
     0.9000000       0.49009850       0.01512087
     1.0000000       0.46083806       0.01271297
     1.1000000       0.43455343       0.01164695
     1.2000000       0.40849272       0.01231668
     1.3000000       0.38029599       0.01614249
     1.4000000       0.35605550       0.01835015
     1.5000000       0.34011767       0.01473998
     1.6000000       0.32859010       0.01099649
     1.7000000       0.31814373       0.00925930
     1.8000000       0.30713971       0.00850806
     1.9000000       0.29676358       0.00826290
     2.0000000       0.28866444       0.00853495
     2.1000000       0.28218911       0.00956532
     2.2000000       0.27630210       0.00985183
     2.3000000       0.27087695       0.00988008
     2.4000000       0.26518369       0.01001551
     2.5000000       0.26074455       0.01014453
     2.6000000       0.25943147       0.01050003
     2.7000000       0.25988280       0.01106128
     2.8000000       0.26032508       0.01189204
     2.9000000       0.26105413       0.01275349
     3.0000000       0.26287759       0.01365275
     3.1000000       0.26582208       0.01413782
     3.2000000       0.26853127       0.01412524
     3.3000000       0.27080562       0.01395570
     3.4000000       0.27435740       0.01460708
     3.5000000       0.27723333       0.01520533
     3.6000000       0.27997298       0.01577302
     3.7000000       0.28328448       0.01602437
     3.8000000       0.28680317       0.01492807
     3.9000000       0.29303233       0.01423487
     4.0000000       0.30164927       0.01459764
     4.1000000       0.31219478       0.01488653
     4.2000000       0.32489431       0.01544536
     4.3000000       0.33858252       0.01672149
     4.4000000       0.35335513       0.01813132
     4.5000000       0.37033948       0.01924709
     4.6000000       0.38897053       0.01966544
     4.7000000       0.41055551       0.02128350
     4.8000000       0.43589802       0.02422187
     4.9000000       0.46172196       0.02611063
     5.0000000       0.48915838       0.02678438
     5.1000000       0.52124396       0.02807892
     5.2000000       0.55618665       0.02929928
     5.3000000       0.59315158       0.02865184
     5.4000000       0.63664938       0.02738139
     5.5000000       0.68838137       0.02626482
     5.6000000       0.75108527       0.02583071
     5.7000000       0.83067920       0.02565094
     5.8000000       0.93777579       0.02648220
     5.9000000       1.08737698       0.02868187
     6.0000000       1.30130205       0.03077111
