     0.0000000       0.21709345       0.00861880
     0.1000000       0.14831946       0.00826948
     0.2000000       0.10344550       0.00791693
     0.3000000       0.07347387       0.00759961
     0.4000000       0.05265895       0.00741611
     0.5000000       0.03797466       0.00729884
     0.6000000       0.02751315       0.00729570
     0.7000000       0.01974204       0.00744036
     0.8000000       0.01385750       0.00758990
     0.9000000       0.00981651       0.00763452
     1.0000000       0.00693492       0.00771314
     1.1000000       0.00410234       0.00771017
     1.2000000       0.00204901       0.00758195
     1.3000000       0.00161810       0.00754709
     1.4000000       0.00200502       0.00752206
     1.5000000       0.00230926       0.00748304
     1.6000000       0.00344711       0.00744817
     1.7000000       0.00589386       0.00736170
     1.8000000       0.00819966       0.00725949
     1.9000000       0.00954759       0.00723392
     2.0000000       0.01150280       0.00724175
     2.1000000       0.01461713       0.00708423
     2.2000000       0.01782412       0.00687767
     2.3000000       0.02269891       0.00679743
     2.4000000       0.03000542       0.00692046
     2.5000000       0.03933500       0.00733086
     2.6000000       0.05280670       0.00782618
     2.7000000       0.07295701       0.00830550
     2.8000000       0.10284604       0.00868341
     2.9000000       0.14759563       0.00881314
     3.0000000       0.21709345       0.00861880
