     0.0000000       0.21183570       0.01291666
     0.1000000       0.13774144       0.00929993
     0.2000000       0.09836815       0.00761922
     0.3000000       0.07506295       0.00525398
     0.4000000       0.06210674       0.00333868
     0.5000000       0.04561840       0.00506858
     0.6000000       0.04154812       0.00901388
     0.7000000       0.03262644       0.00611072
     0.8000000       0.02477023       0.00402394
     0.9000000       0.02565304       0.00567806
     1.0000000       0.01164464       0.00559091
     1.1000000       0.01029363       0.00275402
     1.2000000       0.00522646       0.00777018
     1.3000000       0.01243733       0.00234059
     1.4000000       0.01834447       0.00431630
     1.5000000       0.01328784       0.00256630
     1.6000000       0.02071687       0.00727291
     1.7000000       0.02415585       0.01091019
     1.8000000       0.01407412       0.00291995
     1.9000000       0.01188238       0.00453205
     2.0000000       0.01086680       0.00895594
     2.1000000       0.01503812       0.00662385
     2.2000000       0.02493044       0.00331660
     2.3000000       0.02557616       0.00497055
     2.4000000       0.02540596       0.00582544
     2.5000000       0.03497946       0.00733277
     2.6000000       0.05449760       0.00681898
     2.7000000       0.06704706       0.00718539
     2.8000000       0.09536611       0.00853572
     2.9000000       0.15258898       0.00809308
     3.0000000       0.21183570       0.01291666
