     0.0000000       0.50043155       0.00415745
     0.1000000       0.44049920       0.00432425
     0.2000000       0.39621653       0.00455298
     0.3000000       0.36008026       0.00428828
     0.4000000       0.32519084       0.00388707
     0.5000000       0.30155948       0.00381208
     0.6000000       0.28135242       0.00372106
     0.7000000       0.26330872       0.00393834
     0.8000000       0.24737250       0.00418266
     0.9000000       0.23211908       0.00400824
     1.0000000       0.21591964       0.00395556
     1.1000000       0.20140984       0.00424902
     1.2000000       0.19051356       0.00391180
     1.3000000       0.18213001       0.00406076
     1.4000000       0.17346855       0.00383671
     1.5000000       0.16252446       0.00411106
     1.6000000       0.15603094       0.00400548
     1.7000000       0.14989678       0.00404385
     1.8000000       0.14302367       0.00371971
     1.9000000       0.13803026       0.00362140
     2.0000000       0.13251890       0.00376792
     2.1000000       0.12658123       0.00349571
     2.2000000       0.12347894       0.00381415
     2.3000000       0.12076788       0.00387397
     2.4000000       0.11601088       0.00402650
     2.5000000       0.11304171       0.00420407
     2.6000000       0.10819866       0.00399946
     2.7000000       0.10729421       0.00402395
     2.8000000       0.10586623       0.00403243
     2.9000000       0.10572796       0.00400846
     3.0000000       0.10645021       0.00392374
     3.1000000       0.10616366       0.00399439
     3.2000000       0.10617433       0.00402600
     3.3000000       0.10933764       0.00388747
     3.4000000       0.10973878       0.00389720
     3.5000000       0.11073685       0.00410776
     3.6000000       0.11315119       0.00396818
     3.7000000       0.11742523       0.00389768
     3.8000000       0.11980767       0.00407077
     3.9000000       0.12289912       0.00418787
     4.0000000       0.12373812       0.00416002
     4.1000000       0.13090404       0.00425079
     4.2000000       0.13759944       0.00423303
     4.3000000       0.14276403       0.00424388
     4.4000000       0.15231442       0.00426802
     4.5000000       0.15912656       0.00442992
     4.6000000       0.16595158       0.00405200
     4.7000000       0.17668404       0.00405869
     4.8000000       0.18930744       0.00419271
     4.9000000       0.20119971       0.00444227
     5.0000000       0.21594019       0.00423506
     5.1000000       0.22795082       0.00441504
     5.2000000       0.24226419       0.00420968
     5.3000000       0.25888450       0.00403575
     5.4000000       0.28033572       0.00411870
     5.5000000       0.30128190       0.00400182
     5.6000000       0.32847403       0.00431003
     5.7000000       0.35922998       0.00445304
     5.8000000       0.39402446       0.00413983
     5.9000000       0.44006999       0.00392231
     6.0000000       0.49956845       0.00415745
