     0.0000000       0.09547734       0.00900975
     0.1000000       0.07492177       0.00673683
     0.2000000       0.06831792       0.00425654
     0.3000000       0.06462471       0.00386457
     0.4000000       0.06202708       0.00386802
     0.5000000       0.04898084       0.00505956
     0.6000000       0.04383161       0.00440758
     0.7000000       0.03689525       0.00387230
     0.8000000       0.04204249       0.00408325
     0.9000000       0.03719369       0.00402219
     1.0000000       0.03223570       0.00362245
     1.1000000       0.02579196       0.00275338
     1.2000000       0.02185238       0.00446409
     1.3000000       0.02325426       0.00589352
     1.4000000       0.02832342       0.00324472
     1.5000000       0.03097476       0.00463259
     1.6000000       0.03486690       0.00479192
     1.7000000       0.03511996       0.00590105
     1.8000000       0.03531332       0.00583206
     1.9000000       0.03123360       0.00450219
     2.0000000       0.03485842       0.00355634
     2.1000000       0.02900357       0.00474440
     2.2000000       0.03392255       0.00445311
     2.3000000       0.03847448       0.00385154
     2.4000000       0.03384952       0.00476977
     2.5000000       0.04462497       0.00497399
     2.6000000       0.05405633       0.00484904
     2.7000000       0.05549311       0.00653095
     2.8000000       0.06498074       0.00800521
     2.9000000       0.09018668       0.00658846
     3.0000000       0.09547734       0.00900975
