     0.0000000       0.17651883       0.00662860
     0.1000000       0.12126014       0.00634111
     0.2000000       0.08462503       0.00586101
     0.3000000       0.05896097       0.00541647
     0.4000000       0.04122432       0.00502628
     0.5000000       0.02957574       0.00476015
     0.6000000       0.02166691       0.00469166
     0.7000000       0.01701555       0.00473588
     0.8000000       0.01457303       0.00495754
     0.9000000       0.01307876       0.00525227
     1.0000000       0.01187880       0.00549393
     1.1000000       0.01045096       0.00566992
     1.2000000       0.00936159       0.00615120
     1.3000000       0.00936598       0.00709760
     1.4000000       0.00957625       0.00782828
     1.5000000       0.00951724       0.00857364
     1.6000000       0.00864549       0.00853881
     1.7000000       0.00706538       0.00701395
     1.8000000       0.00579313       0.00537369
     1.9000000       0.00564973       0.00505101
     2.0000000       0.00606664       0.00590956
     2.1000000       0.00570216       0.00675652
     2.2000000       0.00516099       0.00694286
     2.3000000       0.00507461       0.00641602
     2.4000000       0.00501971       0.00584200
     2.5000000       0.00527476       0.00579688
     2.6000000       0.00537382       0.00582912
     2.7000000       0.00482124       0.00569378
     2.8000000       0.00384309       0.00539851
     2.9000000       0.00265669       0.00491189
     3.0000000       0.00169584       0.00449518
     3.1000000       0.00080147       0.00426389
     3.2000000      -0.00023161       0.00390468
     3.3000000      -0.00060749       0.00331265
     3.4000000      -0.00041640       0.00300725
     3.5000000      -0.00139058       0.00322499
     3.6000000      -0.00256415       0.00376573
     3.7000000      -0.00272714       0.00399926
     3.8000000      -0.00226454       0.00402666
     3.9000000      -0.00151294       0.00382052
     4.0000000      -0.00057730       0.00348321
     4.1000000       0.00003599       0.00324300
     4.2000000       0.00015559       0.00308490
     4.3000000      -0.00000866       0.00327395
     4.4000000      -0.00056892       0.00402959
     4.5000000      -0.00103750       0.00503136
     4.6000000      -0.00169184       0.00600986
     4.7000000      -0.00224595       0.00610353
     4.8000000      -0.00143577       0.00530899
     4.9000000       0.00023276       0.00508031
     5.0000000       0.00236779       0.00503338
     5.1000000       0.00518209       0.00436784
     5.2000000       0.00856615       0.00391461
     5.3000000       0.01404725       0.00375114
     5.4000000       0.02166789       0.00413213
     5.5000000       0.03091252       0.00450650
     5.6000000       0.04396434       0.00476344
     5.7000000       0.06191987       0.00518343
     5.8000000       0.08616130       0.00606354
     5.9000000       0.12262004       0.00662351
     6.0000000       0.17651883       0.00662860
