     0.0000000       0.21835341       0.00780608
     0.1000000       0.17325900       0.00787165
     0.2000000       0.14417464       0.00775988
     0.3000000       0.12660708       0.00754612
     0.4000000       0.11724817       0.00744901
     0.5000000       0.11397765       0.00742637
     0.6000000       0.11697010       0.00745372
     0.7000000       0.12702362       0.00754782
     0.8000000       0.14538217       0.00762151
     0.9000000       0.17469312       0.00768838
     1.0000000       0.21835341       0.00780608
