     0.0000000      -0.00111205       0.01682128
     0.1000000      -0.00111205       0.01682128
     0.2000000      -0.00111205       0.01682128
     0.3000000      -0.00111205       0.01682128
     0.4000000      -0.00111205       0.01682128
     0.5000000      -0.00111205       0.01682128
     0.6000000      -0.00111205       0.01682128
     0.7000000      -0.00111205       0.01682128
     0.8000000      -0.00111205       0.01682128
     0.9000000      -0.00111205       0.01682128
     1.0000000      -0.00111205       0.01682128
     1.1000000      -0.00111205       0.01682128
     1.2000000      -0.00111205       0.01682128
     1.3000000      -0.00111205       0.01682128
     1.4000000      -0.00111205       0.01682128
     1.5000000      -0.00111205       0.01682128
     1.6000000      -0.00111205       0.01682128
     1.7000000      -0.00111205       0.01682128
     1.8000000      -0.00111205       0.01682128
     1.9000000      -0.00111205       0.01682128
     2.0000000      -0.00111205       0.01682128
     2.1000000      -0.00111205       0.01682128
     2.2000000      -0.00111205       0.01682128
     2.3000000      -0.00111205       0.01682128
     2.4000000      -0.00111205       0.01682128
     2.5000000      -0.00111205       0.01682128
     2.6000000      -0.00111205       0.01682128
     2.7000000      -0.00111205       0.01682128
     2.8000000      -0.00111205       0.01682128
     2.9000000      -0.00111205       0.01682128
     3.0000000      -0.00111205       0.01682128
     3.1000000      -0.00111205       0.01682128
     3.2000000      -0.00111205       0.01682128
     3.3000000      -0.00111205       0.01682128
     3.4000000      -0.00111205       0.01682128
     3.5000000      -0.00111205       0.01682128
     3.6000000      -0.00111205       0.01682128
     3.7000000      -0.00111205       0.01682128
     3.8000000      -0.00111205       0.01682128
     3.9000000      -0.00111205       0.01682128
     4.0000000      -0.00111205       0.01682128
     4.1000000      -0.00111205       0.01682128
     4.2000000      -0.00111205       0.01682128
     4.3000000      -0.00111205       0.01682128
     4.4000000      -0.00111205       0.01682128
     4.5000000      -0.00111205       0.01682128
     4.6000000      -0.00111205       0.01682128
     4.7000000      -0.00111205       0.01682128
     4.8000000      -0.00111205       0.01682128
     4.9000000      -0.00111205       0.01682128
     5.0000000      -0.00111205       0.01682128
     5.1000000      -0.00111205       0.01682128
     5.2000000      -0.00111205       0.01682128
     5.3000000      -0.00111205       0.01682128
     5.4000000      -0.00111205       0.01682128
     5.5000000      -0.00111205       0.01682128
     5.6000000      -0.00111205       0.01682128
     5.7000000      -0.00111205       0.01682128
     5.8000000      -0.00111205       0.01682128
     5.9000000      -0.00111205       0.01682128
     6.0000000      -0.00111205       0.01682128
