     0.0000000       0.74647302       0.00685630
     0.1000000       0.64659092       0.00770926
     0.2000000       0.58028112       0.00760442
     0.3000000       0.53715363       0.00654129
     0.4000000       0.51318651       0.00575438
     0.5000000       0.50554011       0.00534318
     0.6000000       0.51288064       0.00520153
     0.7000000       0.53611115       0.00519392
     0.8000000       0.57837563       0.00547567
     0.9000000       0.64531329       0.00611956
     1.0000000       0.74647302       0.00685630
