     0.0000000       0.31638784       0.00738428
     0.1000000       0.20570114       0.00612006
     0.2000000       0.15528627       0.00605414
     0.3000000       0.11673120       0.00306271
     0.4000000       0.09434184       0.00368222
     0.5000000       0.08874744       0.00463902
     0.6000000       0.09501117       0.00231654
     0.7000000       0.11279857       0.00495727
     0.8000000       0.14553851       0.00282992
     0.9000000       0.20173139       0.00473341
     1.0000000       0.31638784       0.00738428
