     0.0000000       0.54047407       0.00497540
     0.1000000       0.46587729       0.00466447
     0.2000000       0.40897108       0.00440387
     0.3000000       0.36456904       0.00416214
     0.4000000       0.32966021       0.00395423
     0.5000000       0.30200085       0.00380578
     0.6000000       0.27986838       0.00372375
     0.7000000       0.26229115       0.00371505
     0.8000000       0.24803712       0.00371422
     0.9000000       0.23633012       0.00366871
     1.0000000       0.22718846       0.00365498
     1.1000000       0.22012213       0.00357157
     1.2000000       0.21444069       0.00339537
     1.3000000       0.21001411       0.00328896
     1.4000000       0.20751338       0.00331762
     1.5000000       0.20686811       0.00336391
     1.6000000       0.20756822       0.00331817
     1.7000000       0.20989488       0.00333139
     1.8000000       0.21388564       0.00341996
     1.9000000       0.21960946       0.00352932
     2.0000000       0.22722901       0.00364392
     2.1000000       0.23665112       0.00362269
     2.2000000       0.24833536       0.00355121
     2.3000000       0.26310307       0.00360556
     2.4000000       0.28158772       0.00378214
     2.5000000       0.30450111       0.00414955
     2.6000000       0.33274399       0.00472871
     2.7000000       0.36759650       0.00519365
     2.8000000       0.41115644       0.00532970
     2.9000000       0.46699274       0.00521811
     3.0000000       0.54047407       0.00497540
