#    kx       ky   	         trace over n_orb         
-1.57080 -1.57080	 6.9017794381e-01  4.1309030168e-03
-1.57080  0.00000	 4.6768360755e-01  2.4519631552e-03
-1.57080  1.57080	 6.8832872010e-01  3.2864283991e-03
-1.57080  3.14159	 8.5338160534e-01  2.4754577399e-03
 0.00000 -1.57080	 4.6586672896e-01  1.2695840617e-03
 0.00000  0.00000	 2.8613074999e-01  2.1456234768e-03
 0.00000  1.57080	 4.6586672896e-01  1.2695840617e-03
 0.00000  3.14159	 6.8889600647e-01  2.1151754243e-03
 1.57080 -1.57080	 6.8832872010e-01  3.2864283991e-03
 1.57080  0.00000	 4.6768360755e-01  2.4519631552e-03
 1.57080  1.57080	 6.9017794381e-01  4.1309030168e-03
 1.57080  3.14159	 8.5338160534e-01  2.4754577399e-03
 3.14159 -1.57080	 8.5710778178e-01  4.6455182528e-03
 3.14159  0.00000	 6.9176082285e-01  4.1289598560e-03
 3.14159  1.57080	 8.5710778178e-01  4.6455182528e-03
 3.14159  3.14159	 2.0919576049e+00  2.5480532756e-02
