#    rx       ry   	              (0, 0)              	         trace over n_orb         
 -1.00000  -1.00000	 6.2108317384e-02  1.3488879240e-03	 6.2108317384e-02  1.3488879240e-03
 -1.00000   0.00000	-1.6194836106e-01  2.0359368556e-03	-1.6194836106e-01  2.0359368556e-03
 -1.00000   1.00000	 6.2570623310e-02  1.5057725323e-03	 6.2570623310e-02  1.5057725323e-03
 -1.00000   2.00000	-6.4138097852e-02  1.4253663423e-03	-6.4138097852e-02  1.4253663423e-03
  0.00000  -1.00000	-1.6089737713e-01  1.4944065830e-03	-1.6089737713e-01  1.4944065830e-03
  0.00000   0.00000	 7.3773987245e-01  3.7980508629e-03	 7.3773987245e-01  3.7980508629e-03
  0.00000   1.00000	-1.6089737713e-01  1.4944065830e-03	-1.6089737713e-01  1.4944065830e-03
  0.00000   2.00000	 6.2369578793e-02  1.3901582127e-03	 6.2369578793e-02  1.3901582127e-03
  1.00000  -1.00000	 6.2570623310e-02  1.5057725323e-03	 6.2570623310e-02  1.5057725323e-03
  1.00000   0.00000	-1.6194836106e-01  2.0359368556e-03	-1.6194836106e-01  2.0359368556e-03
  1.00000   1.00000	 6.2108317384e-02  1.3488879240e-03	 6.2108317384e-02  1.3488879240e-03
  1.00000   2.00000	-6.4138097852e-02  1.4253663423e-03	-6.4138097852e-02  1.4253663423e-03
  2.00000  -1.00000	-6.4472877684e-02  1.3726731601e-03	-6.4472877684e-02  1.3726731601e-03
  2.00000   0.00000	 6.2846903254e-02  1.3734040583e-03	 6.2846903254e-02  1.3734040583e-03
  2.00000   1.00000	-6.4472877684e-02  1.3726731601e-03	-6.4472877684e-02  1.3726731601e-03
  2.00000   2.00000	 7.6729941548e-02  1.7621377812e-03	 7.6729941548e-02  1.7621377812e-03
