#    kx       ky   	         trace over n_orb         
-1.57080 -1.57080	 1.0000000000e+00  7.6790202933e-15
-1.57080  0.00000	 1.8305568677e+00  1.2670559335e-03
-1.57080  1.57080	 1.0000000000e+00  7.6597343182e-15
-1.57080  3.14159	 1.6944313232e-01  1.2670559335e-03
 0.00000 -1.57080	 1.8305903347e+00  1.2505166828e-03
 0.00000  0.00000	 1.9243112302e+00  5.7593835431e-04
 0.00000  1.57080	 1.8305903347e+00  1.2505166828e-03
 0.00000  3.14159	 1.0011416347e+00  3.1821785262e-03
 1.57080 -1.57080	 1.0000000000e+00  7.6597343182e-15
 1.57080  0.00000	 1.8305568677e+00  1.2670559335e-03
 1.57080  1.57080	 1.0000000000e+00  7.6790202933e-15
 1.57080  3.14159	 1.6944313232e-01  1.2670559335e-03
 3.14159 -1.57080	 1.6940966529e-01  1.2505166828e-03
 3.14159  0.00000	 9.9885836529e-01  3.1821785262e-03
 3.14159  1.57080	 1.6940966529e-01  1.2505166828e-03
 3.14159  3.14159	 7.5688769774e-02  5.7593835431e-04
