#    rx       ry   	              (0, 0)              	         trace over n_orb         
 -1.00000  -1.00000	-2.4463048772e-04  1.8351944527e-04	-2.4463048772e-04  1.8351944527e-04
 -1.00000   0.00000	 3.2332919179e-01  5.6161244978e-04	 3.2332919179e-01  5.6161244978e-04
 -1.00000   1.00000	 2.2784691651e-04  1.8720472265e-04	 2.2784691651e-04  1.8720472265e-04
 -1.00000   2.00000	-9.1965975561e-02  4.5923871095e-04	-9.1965975561e-02  4.5923871095e-04
  0.00000  -1.00000	 3.2303541636e-01  5.7165663919e-04	 3.2303541636e-01  5.7165663919e-04
  0.00000   0.00000	 1.0000000000e+00  5.1118506908e-15	 1.0000000000e+00  5.1118506908e-15
  0.00000   1.00000	 3.2303541636e-01  5.7165663919e-04	 3.2303541636e-01  5.7165663919e-04
  0.00000   2.00000	 1.0134353176e-15  4.2494210717e-16	 1.0134353176e-15  4.2494210717e-16
  1.00000  -1.00000	-2.2784691651e-04  1.8720472265e-04	-2.2784691651e-04  1.8720472265e-04
  1.00000   0.00000	 3.2332919179e-01  5.6161244978e-04	 3.2332919179e-01  5.6161244978e-04
  1.00000   1.00000	 2.4463048772e-04  1.8351944527e-04	 2.4463048772e-04  1.8351944527e-04
  1.00000   2.00000	-9.1965975561e-02  4.5923871095e-04	-9.1965975561e-02  4.5923871095e-04
  2.00000  -1.00000	-9.2243017481e-02  4.4348124095e-04	-9.2243017481e-02  4.4348124095e-04
  2.00000   0.00000	-1.2375424450e-16  5.7472725081e-16	-1.2375424450e-16  5.7472725081e-16
  2.00000   1.00000	-9.2243017481e-02  4.4348124095e-04	-9.2243017481e-02  4.4348124095e-04
  2.00000   2.00000	 1.9923067052e-15  4.1694195664e-16	 1.9923067052e-15  4.1694195664e-16
