#    kx       ky   	              (0, 0)              	         trace over n_orb         
-1.57080 -1.57080	 3.4351911025e-01  1.6078923438e-03	 3.4351911025e-01  1.6078923438e-03
-1.57080  0.00000	 4.2571367717e-01  1.5427998208e-03	 4.2571367717e-01  1.5427998208e-03
-1.57080  1.57080	 3.4318494146e-01  1.4132848628e-03	 3.4318494146e-01  1.4132848628e-03
-1.57080  3.14159	 2.3327014012e-01  9.6743225607e-04	 2.3327014012e-01  9.6743225607e-04
 0.00000 -1.57080	 4.2692401899e-01  1.6363562263e-03	 4.2692401899e-01  1.6363562263e-03
 0.00000  0.00000	 1.0266812853e+00  1.3624341643e-02	 1.0266812853e+00  1.3624341643e-02
 0.00000  1.57080	 4.2692401899e-01  1.6363562263e-03	 4.2692401899e-01  1.6363562263e-03
 0.00000  3.14159	 3.4257833669e-01  1.7065500936e-03	 3.4257833669e-01  1.7065500936e-03
 1.57080 -1.57080	 3.4318494146e-01  1.4132848628e-03	 3.4318494146e-01  1.4132848628e-03
 1.57080  0.00000	 4.2571367717e-01  1.5427998208e-03	 4.2571367717e-01  1.5427998208e-03
 1.57080  1.57080	 3.4351911025e-01  1.6078923438e-03	 3.4351911025e-01  1.6078923438e-03
 1.57080  3.14159	 2.3327014012e-01  9.6743225607e-04	 2.3327014012e-01  9.6743225607e-04
 3.14159 -1.57080	 2.3318662056e-01  1.0093013009e-03	 2.3318662056e-01  1.0093013009e-03
 3.14159  0.00000	 3.4487532314e-01  1.5916435974e-03	 3.4487532314e-01  1.5916435974e-03
 3.14159  1.57080	 2.3318662056e-01  1.0093013009e-03	 2.3318662056e-01  1.0093013009e-03
 3.14159  3.14159	 1.4220612281e-01  1.6142769061e-03	 1.4220612281e-01  1.6142769061e-03
