#    rx       ry   	              (0, 0)              	         trace over n_orb         
 -1.00000  -1.00000	 3.0047838169e-02  8.3139271821e-04	 3.0047838169e-02  8.3139271821e-04
 -1.00000   0.00000	 7.9353310805e-02  9.5719652729e-04	 7.9353310805e-02  9.5719652729e-04
 -1.00000   1.00000	 3.0131380366e-02  7.9596473287e-04	 3.0131380366e-02  7.9596473287e-04
 -1.00000   2.00000	 3.0918961198e-02  7.4580214881e-04	 3.0918961198e-02  7.4580214881e-04
  0.00000  -1.00000	 7.9478701441e-02  9.0462852829e-04	 7.9478701441e-02  9.0462852829e-04
  0.00000   0.00000	 3.6674613032e-01  1.6935282850e-03	 3.6674613032e-01  1.6935282850e-03
  0.00000   1.00000	 7.9478701441e-02  9.0462852829e-04	 7.9478701441e-02  9.0462852829e-04
  0.00000   2.00000	 3.0042457499e-02  7.9133258170e-04	 3.0042457499e-02  7.9133258170e-04
  1.00000  -1.00000	 3.0131380366e-02  7.9596473287e-04	 3.0131380366e-02  7.9596473287e-04
  1.00000   0.00000	 7.9353310805e-02  9.5719652729e-04	 7.9353310805e-02  9.5719652729e-04
  1.00000   1.00000	 3.0047838169e-02  8.3139271821e-04	 3.0047838169e-02  8.3139271821e-04
  1.00000   2.00000	 3.0918961198e-02  7.4580214881e-04	 3.0918961198e-02  7.4580214881e-04
  2.00000  -1.00000	 3.1367817176e-02  7.7552746370e-04	 3.1367817176e-02  7.7552746370e-04
  2.00000   0.00000	 3.0324163064e-02  8.2249365998e-04	 3.0324163064e-02  8.2249365998e-04
  2.00000   1.00000	 3.1367817176e-02  7.7552746370e-04	 3.1367817176e-02  7.7552746370e-04
  2.00000   2.00000	 3.6972516105e-02  9.7430315745e-04	 3.6972516105e-02  9.7430315745e-04
