#    kx       ky   	              (0, 0)              	         trace over n_orb         
-1.57080 -1.57080	 2.6441509408e-01  4.1850236727e-03	 2.6441509408e-01  4.1850236727e-03
-1.57080  0.00000	 1.9176532353e-01  3.7128608286e-03	 1.9176532353e-01  3.7128608286e-03
-1.57080  1.57080	 2.6603442213e-01  3.3229232764e-03	 2.6603442213e-01  3.3229232764e-03
-1.57080  3.14159	 3.4750698185e-01  2.8495810732e-03	 3.4750698185e-01  2.8495810732e-03
 0.00000 -1.57080	 1.9364598183e-01  2.3870713905e-03	 1.9364598183e-01  2.3870713905e-03
 0.00000  0.00000	 3.5981291038e-02  4.3283178433e-03	 3.5981291038e-02  4.3283178433e-03
 0.00000  1.57080	 1.9364598183e-01  2.3870713905e-03	 1.9364598183e-01  2.3870713905e-03
 0.00000  3.14159	 2.6768536160e-01  3.1104723853e-03	 2.6768536160e-01  3.1104723853e-03
 1.57080 -1.57080	 2.6603442213e-01  3.3229232764e-03	 2.6603442213e-01  3.3229232764e-03
 1.57080  0.00000	 1.9176532353e-01  3.7128608286e-03	 1.9176532353e-01  3.7128608286e-03
 1.57080  1.57080	 2.6441509408e-01  4.1850236727e-03	 2.6441509408e-01  4.1850236727e-03
 1.57080  3.14159	 3.4750698185e-01  2.8495810732e-03	 3.4750698185e-01  2.8495810732e-03
 3.14159 -1.57080	 3.4655909505e-01  4.8454102269e-03	 3.4655909505e-01  4.8454102269e-03
 3.14159  0.00000	 2.6483226087e-01  4.4628581622e-03	 2.6483226087e-01  4.4628581622e-03
 3.14159  1.57080	 3.4655909505e-01  4.8454102269e-03	 3.4655909505e-01  4.8454102269e-03
 3.14159  3.14159	 4.0780945366e-01  9.6783229510e-03	 4.0780945366e-01  9.6783229510e-03
