#    rx       ry   	         trace over n_orb         
 -1.00000  -1.00000	-5.3430138555e-03  5.0931976149e-04
 -1.00000   0.00000	-4.2175080520e-02  8.3354061545e-04
 -1.00000   1.00000	-5.7478458665e-03  5.9489155642e-04
 -1.00000   2.00000	-3.9468022148e-03  2.5935192738e-04
  0.00000  -1.00000	-4.2885286250e-02  3.6029386173e-04
  0.00000   0.00000	 2.6226013526e-01  3.7980475410e-03
  0.00000   1.00000	-4.2885286250e-02  3.6029386173e-04
  0.00000   2.00000	-5.4035130178e-03  5.0946760601e-04
  1.00000  -1.00000	-5.7478458665e-03  5.9489155642e-04
  1.00000   0.00000	-4.2175080520e-02  8.3354061545e-04
  1.00000   1.00000	-5.3430138555e-03  5.0931976149e-04
  1.00000   2.00000	-3.9468022148e-03  2.5935192738e-04
  2.00000  -1.00000	-3.9498716693e-03  4.6948713226e-04
  2.00000   0.00000	-5.1703201404e-03  5.1118655742e-04
  2.00000   1.00000	-3.9498716693e-03  4.6948713226e-04
  2.00000   2.00000	-7.6092103086e-03  6.5749152775e-04
