#    rx       ry   	              (0, 0)              	         trace over n_orb         
 -1.00000  -1.00000	-5.9719049268e-03  1.0942563065e-03	-5.9719049268e-03  1.0942563065e-03
 -1.00000   0.00000	-4.1615169158e-02  1.8207359105e-03	-4.1615169158e-02  1.8207359105e-03
 -1.00000   1.00000	-6.0640277189e-03  1.2973536335e-03	-6.0640277189e-03  1.2973536335e-03
 -1.00000   2.00000	-3.0515244820e-03  1.2159991469e-03	-3.0515244820e-03  1.2159991469e-03
  0.00000  -1.00000	-4.2328653892e-02  1.2539204383e-03	-4.2328653892e-02  1.2539204383e-03
  0.00000   0.00000	 2.6226015068e-01  3.7980409048e-03	 2.6226015068e-01  3.7980409048e-03
  0.00000   1.00000	-4.2328653892e-02  1.2539204383e-03	-4.2328653892e-02  1.2539204383e-03
  0.00000   2.00000	-5.6844346254e-03  1.1529886599e-03	-5.6844346254e-03  1.1529886599e-03
  1.00000  -1.00000	-6.0640277189e-03  1.2973536335e-03	-6.0640277189e-03  1.2973536335e-03
  1.00000   0.00000	-4.1615169158e-02  1.8207359105e-03	-4.1615169158e-02  1.8207359105e-03
  1.00000   1.00000	-5.9719049268e-03  1.0942563065e-03	-5.9719049268e-03  1.0942563065e-03
  1.00000   2.00000	-3.0515244820e-03  1.2159991469e-03	-3.0515244820e-03  1.2159991469e-03
  2.00000  -1.00000	-4.0763734831e-03  1.1908863155e-03	-4.0763734831e-03  1.1908863155e-03
  2.00000   0.00000	-5.4667248073e-03  1.1391082228e-03	-5.4667248073e-03  1.1391082228e-03
  2.00000   1.00000	-4.0763734831e-03  1.1908863155e-03	-4.0763734831e-03  1.1908863155e-03
  2.00000   2.00000	-8.8059422579e-03  1.6449423065e-03	-8.8059422579e-03  1.6449423065e-03
