#    rx       ry   	              (0, 0)              	         trace over n_orb         
 -1.00000  -1.00000	-5.0285683199e-03  3.6590186494e-04	-5.0285683199e-03  3.6590186494e-04
 -1.00000   0.00000	-4.2455036201e-02  6.1294045336e-04	-4.2455036201e-02  6.1294045336e-04
 -1.00000   1.00000	-5.5897549404e-03  2.9649153376e-04	-5.5897549404e-03  2.9649153376e-04
 -1.00000   2.00000	-4.3944410812e-03  3.7998480703e-04	-4.3944410812e-03  3.7998480703e-04
  0.00000  -1.00000	-4.3163602429e-02  6.0900217780e-04	-4.3163602429e-02  6.0900217780e-04
  0.00000   0.00000	 2.6226012755e-01  3.7980508629e-03	 2.6226012755e-01  3.7980508629e-03
  0.00000   1.00000	-4.3163602429e-02  6.0900217780e-04	-4.3163602429e-02  6.0900217780e-04
  0.00000   2.00000	-5.2630522139e-03  3.2120862649e-04	-5.2630522139e-03  3.2120862649e-04
  1.00000  -1.00000	-5.5897549404e-03  2.9649153376e-04	-5.5897549404e-03  2.9649153376e-04
  1.00000   0.00000	-4.2455036201e-02  6.1294045336e-04	-4.2455036201e-02  6.1294045336e-04
  1.00000   1.00000	-5.0285683199e-03  3.6590186494e-04	-5.0285683199e-03  3.6590186494e-04
  1.00000   2.00000	-4.3944410812e-03  3.7998480703e-04	-4.3944410812e-03  3.7998480703e-04
  2.00000  -1.00000	-3.8866207624e-03  1.9097230720e-04	-3.8866207624e-03  1.9097230720e-04
  2.00000   0.00000	-5.0221178069e-03  3.8157054929e-04	-5.0221178069e-03  3.8157054929e-04
  2.00000   1.00000	-3.8866207624e-03  1.9097230720e-04	-3.8866207624e-03  1.9097230720e-04
  2.00000   2.00000	-7.0108443339e-03  4.5130998195e-04	-7.0108443339e-03  4.5130998195e-04
