#    kx       ky   	              (0, 0)              	         trace over n_orb         
-1.57080 -1.57080	 2.6441207999e-01  4.1165812729e-03	 2.6441207999e-01  4.1165812729e-03
-1.57080  0.00000	 1.9047607414e-01  4.5519073677e-03	 1.9047607414e-01  4.5519073677e-03
-1.57080  1.57080	 2.6665682647e-01  3.3253224302e-03	 2.6665682647e-01  3.3253224302e-03
-1.57080  3.14159	 3.4758400081e-01  3.0394188833e-03	 3.4758400081e-01  3.0394188833e-03
 0.00000 -1.57080	 1.9339071605e-01  2.9611940679e-03	 1.9339071605e-01  2.9611940679e-03
 0.00000  0.00000	 3.5928065723e-02  5.8860476542e-03	 3.5928065723e-02  5.8860476542e-03
 0.00000  1.57080	 1.9339071605e-01  2.9611940679e-03	 1.9339071605e-01  2.9611940679e-03
 0.00000  3.14159	 2.6660225153e-01  3.6824570810e-03	 2.6660225153e-01  3.6824570810e-03
 1.57080 -1.57080	 2.6665682647e-01  3.3253224302e-03	 2.6665682647e-01  3.3253224302e-03
 1.57080  0.00000	 1.9047607414e-01  4.5519073677e-03	 1.9047607414e-01  4.5519073677e-03
 1.57080  1.57080	 2.6441207999e-01  4.1165812729e-03	 2.6441207999e-01  4.1165812729e-03
 1.57080  3.14159	 3.4758400081e-01  3.0394188833e-03	 3.4758400081e-01  3.0394188833e-03
 3.14159 -1.57080	 3.4563309653e-01  4.9909746211e-03	 3.4563309653e-01  4.9909746211e-03
 3.14159  0.00000	 2.6579926789e-01  4.7142346577e-03	 2.6579926789e-01  4.7142346577e-03
 3.14159  1.57080	 3.4563309653e-01  4.9909746211e-03	 3.4563309653e-01  4.9909746211e-03
 3.14159  3.14159	 4.1152686762e-01  4.5942032318e-03	 4.1152686762e-01  4.5942032318e-03
