#    kx       ky   	              (0, 0)              	         trace over n_orb         
-1.57080 -1.57080	 2.6442112227e-01  4.5521431392e-03	 2.6442112227e-01  4.5521431392e-03
-1.57080  0.00000	 1.9434382230e-01  2.5753545556e-03	 1.9434382230e-01  2.5753545556e-03
-1.57080  1.57080	 2.6478961344e-01  3.6471291486e-03	 2.6478961344e-01  3.6471291486e-03
-1.57080  3.14159	 3.4735294394e-01  2.9551618833e-03	 3.4735294394e-01  2.9551618833e-03
 0.00000 -1.57080	 1.9415651340e-01  1.7792089656e-03	 1.9415651340e-01  1.7792089656e-03
 0.00000  0.00000	 3.6087741667e-02  2.5975168121e-03	 3.6087741667e-02  2.5975168121e-03
 0.00000  1.57080	 1.9415651340e-01  1.7792089656e-03	 1.9415651340e-01  1.7792089656e-03
 0.00000  3.14159	 2.6985158175e-01  3.0491661755e-03	 2.6985158175e-01  3.0491661755e-03
 1.57080 -1.57080	 2.6478961344e-01  3.6471291486e-03	 2.6478961344e-01  3.6471291486e-03
 1.57080  0.00000	 1.9434382230e-01  2.5753545556e-03	 1.9434382230e-01  2.5753545556e-03
 1.57080  1.57080	 2.6442112227e-01  4.5521431392e-03	 2.6442112227e-01  4.5521431392e-03
 1.57080  3.14159	 3.4735294394e-01  2.9551618833e-03	 3.4735294394e-01  2.9551618833e-03
 3.14159 -1.57080	 3.4841109211e-01  4.9001504904e-03	 3.4841109211e-01  4.9001504904e-03
 3.14159  0.00000	 2.6289824681e-01  4.6537884077e-03	 2.6289824681e-01  4.6537884077e-03
 3.14159  1.57080	 3.4841109211e-01  4.9001504904e-03	 3.4841109211e-01  4.9001504904e-03
 3.14159  3.14159	 4.0037462573e-01  2.1600118314e-02	 4.0037462573e-01  2.1600118314e-02
