     0.0000000       0.43203341       0.40901560
     0.1000000       0.22480003       0.40916430
     0.2000000       0.14270213       0.39508196
     0.3000000       0.08983558       0.38832834
     0.4000000       0.04156740       0.39048458
     0.5000000      -0.00254652       0.40448209
     0.6000000      -0.02266151       0.41911906
     0.7000000      -0.02161271       0.42618062
     0.8000000      -0.01532036       0.42555077
     0.9000000      -0.00983967       0.42601546
     1.0000000      -0.01840919       0.43639495
     1.1000000      -0.06033220       0.45296889
     1.2000000      -0.11558429       0.47653858
     1.3000000      -0.14258276       0.49909517
     1.4000000      -0.13095601       0.50001883
     1.5000000      -0.06764582       0.46522065
     1.6000000       0.01718491       0.41865106
     1.7000000       0.06919364       0.38632742
     1.8000000       0.08590076       0.37123020
     1.9000000       0.07633764       0.36986565
     2.0000000       0.05871747       0.37197506
     2.1000000       0.05154800       0.37356049
     2.2000000       0.06045037       0.37213000
     2.3000000       0.07320002       0.36916161
     2.4000000       0.08435145       0.36380405
     2.5000000       0.10965617       0.35763587
     2.6000000       0.14378199       0.34953630
     2.7000000       0.15594486       0.34340590
     2.8000000       0.17130135       0.33376299
     2.9000000       0.18725056       0.31866078
     3.0000000       0.19449501       0.30701717
     3.1000000       0.20548621       0.30609007
     3.2000000       0.21502309       0.31002242
     3.3000000       0.22182918       0.31190791
     3.4000000       0.21352765       0.31500483
     3.5000000       0.21846349       0.31389952
     3.6000000       0.24093139       0.30708826
     3.7000000       0.25681900       0.29846478
     3.8000000       0.26861683       0.29011268
     3.9000000       0.26606102       0.28707301
     4.0000000       0.24713174       0.28891148
     4.1000000       0.22137371       0.29148218
     4.2000000       0.20445693       0.29443253
     4.3000000       0.21202651       0.29646427
     4.4000000       0.21759062       0.29868269
     4.5000000       0.20611528       0.30516083
     4.6000000       0.20143400       0.31331678
     4.7000000       0.20575295       0.32323280
     4.8000000       0.19282257       0.33788118
     4.9000000       0.17594614       0.35514975
     5.0000000       0.15679928       0.37471582
     5.1000000       0.12456392       0.39340713
     5.2000000       0.09896373       0.40486744
     5.3000000       0.08676507       0.40706526
     5.4000000       0.08166407       0.40404008
     5.5000000       0.08494439       0.39314448
     5.6000000       0.10148282       0.38293228
     5.7000000       0.13311172       0.37799674
     5.8000000       0.18474882       0.38366214
     5.9000000       0.26880715       0.39439468
     6.0000000       0.43203341       0.40901560
