     0.0000000       0.08498731       0.00172377
     0.1000000       0.06641291       0.00169459
     0.2000000       0.05328557       0.00155386
     0.3000000       0.04271830       0.00157624
     0.4000000       0.03630311       0.00139364
     0.5000000       0.03424566       0.00141963
     0.6000000       0.03330866       0.00141827
     0.7000000       0.03333074       0.00142149
     0.8000000       0.03375718       0.00142216
     0.9000000       0.03495005       0.00138610
     1.0000000       0.03722136       0.00139351
     1.1000000       0.04052004       0.00136481
     1.2000000       0.04436612       0.00135025
     1.3000000       0.04797743       0.00138453
     1.4000000       0.05287745       0.00152399
     1.5000000       0.06090537       0.00157702
     1.6000000       0.06907183       0.00164026
     1.7000000       0.08125782       0.00171713
     1.8000000       0.09319791       0.00179854
     1.9000000       0.10774221       0.00194055
     2.0000000       0.12501419       0.00205650
     2.1000000       0.14674571       0.00205475
     2.2000000       0.17463854       0.00212960
     2.3000000       0.20727795       0.00215743
     2.4000000       0.25092261       0.00204514
     2.5000000       0.30513124       0.00207209
     2.6000000       0.37337989       0.00195968
     2.7000000       0.45989074       0.00187115
     2.8000000       0.57464666       0.00185792
     2.9000000       0.72116203       0.00179776
     3.0000000       0.91501269       0.00172377
