     0.0000000       0.74052268       0.00050128
     0.1000000       0.60823649       0.00071853
     0.2000000       0.50960299       0.00076549
     0.3000000       0.43453450       0.00076096
     0.4000000       0.37769417       0.00075086
     0.5000000       0.33486356       0.00072039
     0.6000000       0.30190102       0.00066851
     0.7000000       0.27842457       0.00057404
     0.8000000       0.26205529       0.00057141
     0.9000000       0.25604061       0.00048170
     1.0000000       0.25947732       0.00050128
