     0.0000000       0.79769842       0.03151089
     0.1000000       0.64341138       0.03175646
     0.2000000       0.52747895       0.02552805
     0.3000000       0.44022740       0.01880023
     0.4000000       0.37274198       0.01272286
     0.5000000       0.31828562       0.00846823
     0.6000000       0.27513908       0.00682821
     0.7000000       0.24310464       0.00634136
     0.8000000       0.21861159       0.00615075
     0.9000000       0.19920471       0.00623805
     1.0000000       0.18453413       0.00875288
     1.1000000       0.17316490       0.01303484
     1.2000000       0.16177835       0.01618066
     1.3000000       0.14912827       0.01649886
     1.4000000       0.13647562       0.01494139
     1.5000000       0.12472617       0.01316485
     1.6000000       0.11460411       0.01154623
     1.7000000       0.10711925       0.01069377
     1.8000000       0.10207060       0.01081943
     1.9000000       0.09715478       0.01079922
     2.0000000       0.09182646       0.01033608
     2.1000000       0.08672732       0.00999009
     2.2000000       0.08260121       0.00980526
     2.3000000       0.07968347       0.01016222
     2.4000000       0.07633177       0.00954537
     2.5000000       0.07322715       0.00869809
     2.6000000       0.07089220       0.00808060
     2.7000000       0.06839224       0.00710753
     2.8000000       0.06560739       0.00557202
     2.9000000       0.06423668       0.00466375
     3.0000000       0.06435163       0.00451959
     3.1000000       0.06382118       0.00432339
     3.2000000       0.06287832       0.00454146
     3.3000000       0.06330270       0.00472841
     3.4000000       0.06617385       0.00440560
     3.5000000       0.07054097       0.00416876
     3.6000000       0.07550346       0.00487136
     3.7000000       0.07952046       0.00503726
     3.8000000       0.08334464       0.00521772
     3.9000000       0.08905969       0.00649929
     4.0000000       0.09475160       0.00730220
     4.1000000       0.09836214       0.00663284
     4.2000000       0.10333060       0.00653956
     4.3000000       0.11090708       0.00748860
     4.4000000       0.11913499       0.00843934
     4.5000000       0.12723650       0.00890770
     4.6000000       0.13634005       0.00936846
     4.7000000       0.14775895       0.01020840
     4.8000000       0.16132360       0.01135727
     4.9000000       0.17759540       0.01315023
     5.0000000       0.19710370       0.01594970
     5.1000000       0.22111813       0.02081858
     5.2000000       0.24662691       0.02407602
     5.3000000       0.27116496       0.02288664
     5.4000000       0.29934162       0.02020791
     5.5000000       0.33706403       0.01961593
     5.6000000       0.38411048       0.01922301
     5.7000000       0.44439254       0.01939809
     5.8000000       0.52729410       0.02249524
     5.9000000       0.64015381       0.02647617
     6.0000000       0.79769842       0.03151089
