     0.0000000       0.25787893       0.00930168
     0.1000000       0.16666429       0.00513191
     0.2000000       0.12023103       0.00504206
     0.3000000       0.08559674       0.00351259
     0.4000000       0.06212649       0.00363788
     0.5000000       0.04150976       0.00455995
     0.6000000       0.02913887       0.00398988
     0.7000000       0.02032691       0.00329970
     0.8000000       0.01391786       0.00594646
     0.9000000       0.01994920       0.00527477
     1.0000000       0.01457714       0.00376602
     1.1000000       0.00849423       0.00337805
     1.2000000       0.00355372       0.00477889
     1.3000000       0.00581692       0.00320045
     1.4000000       0.01108910       0.00229858
     1.5000000       0.00618546       0.00490817
     1.6000000       0.01204741       0.00312689
     1.7000000       0.01592372       0.00646595
     1.8000000       0.00810746       0.00382228
     1.9000000       0.01019708       0.00262887
     2.0000000       0.00940563       0.00407570
     2.1000000       0.01069866       0.00389686
     2.2000000       0.01951682       0.00463381
     2.3000000       0.02158003       0.00585670
     2.4000000       0.01748048       0.00705085
     2.5000000       0.03437725       0.00609693
     2.6000000       0.05702989       0.00466805
     2.7000000       0.07501588       0.00684697
     2.8000000       0.11416579       0.00627037
     2.9000000       0.17696508       0.00803308
     3.0000000       0.25787893       0.00930168
