     0.0000000       0.36388045       0.00973619
     0.1000000       0.21629906       0.00974800
     0.2000000       0.13329296       0.00963678
     0.3000000       0.08624033       0.00919319
     0.4000000       0.05939117       0.00873043
     0.5000000       0.04363707       0.00850781
     0.6000000       0.03394594       0.00828677
     0.7000000       0.02570609       0.00812418
     0.8000000       0.01997306       0.00790379
     0.9000000       0.01584975       0.00790694
     1.0000000       0.01069445       0.00810893
     1.1000000       0.00720897       0.00816634
     1.2000000       0.00673157       0.00808851
     1.3000000       0.00667633       0.00793419
     1.4000000       0.00571917       0.00776225
     1.5000000       0.00566350       0.00751054
     1.6000000       0.00623121       0.00737582
     1.7000000       0.00695283       0.00738048
     1.8000000       0.00894770       0.00734708
     1.9000000       0.01328203       0.00714709
     2.0000000       0.01698568       0.00698442
     2.1000000       0.01877924       0.00703243
     2.2000000       0.02182597       0.00712259
     2.3000000       0.02836433       0.00716887
     2.4000000       0.03769775       0.00735132
     2.5000000       0.04918168       0.00784626
     2.6000000       0.06536342       0.00850928
     2.7000000       0.09106938       0.00919658
     2.8000000       0.13670178       0.00958024
     2.9000000       0.21761127       0.00962535
     3.0000000       0.36388045       0.00973619
