     0.0000000       0.19992406       0.01277199
     0.1000000       0.13114284       0.01193211
     0.2000000       0.08769352       0.01102615
     0.3000000       0.05924756       0.01021731
     0.4000000       0.04012112       0.00977300
     0.5000000       0.02652566       0.00974108
     0.6000000       0.01613519       0.01032950
     0.7000000       0.00862984       0.01133485
     0.8000000       0.00409988       0.01158435
     0.9000000       0.00194272       0.01084099
     1.0000000       0.00065578       0.01026048
     1.1000000       0.00024847       0.00979399
     1.2000000       0.00121402       0.00913107
     1.3000000       0.00132457       0.00886589
     1.4000000       0.00067945       0.00922282
     1.5000000       0.00053290       0.00951309
     1.6000000       0.00039272       0.00923509
     1.7000000       0.00025728       0.00889215
     1.8000000       0.00050097       0.00887186
     1.9000000       0.00131080       0.00903738
     2.0000000       0.00224425       0.00949033
     2.1000000       0.00395394       0.01013140
     2.2000000       0.00689363       0.01071542
     2.3000000       0.01094819       0.01126939
     2.4000000       0.01607102       0.01199575
     2.5000000       0.02339590       0.01282605
     2.6000000       0.03631034       0.01321785
     2.7000000       0.05702516       0.01326964
     2.8000000       0.08703360       0.01338424
     2.9000000       0.13110860       0.01336194
     3.0000000       0.19992406       0.01277199
