     0.0000000       0.35429115       0.00953359
     0.1000000       0.20173512       0.00601076
     0.2000000       0.12625846       0.00359385
     0.3000000       0.07752256       0.00348500
     0.4000000       0.05546414       0.00267059
     0.5000000       0.04095882       0.00488994
     0.6000000       0.03134317       0.00436991
     0.7000000       0.02396946       0.00366930
     0.8000000       0.01660900       0.00321368
     0.9000000       0.00852088       0.00326261
     1.0000000       0.00951180       0.00307190
     1.1000000       0.00526857       0.00404355
     1.2000000       0.00490469       0.00378532
     1.3000000       0.01238360       0.00296073
     1.4000000       0.01456882       0.00292935
     1.5000000       0.01713415       0.00451787
     1.6000000       0.01688167       0.00453194
     1.7000000       0.01394253       0.00422054
     1.8000000       0.00471383       0.00363284
     1.9000000       0.00650887       0.00321252
     2.0000000       0.01353941       0.00229492
     2.1000000       0.01442060       0.00515366
     2.2000000       0.01916436       0.00316264
     2.3000000       0.02136250       0.00261079
     2.4000000       0.02165349       0.00394459
     2.5000000       0.03535194       0.00446214
     2.6000000       0.05921036       0.00658221
     2.7000000       0.07834159       0.00401018
     2.8000000       0.12183912       0.00511659
     2.9000000       0.21159696       0.00730421
     3.0000000       0.35429115       0.00953359
