     0.0000000       0.45313732       0.02010143
     0.1000000       0.25447615       0.01729794
     0.2000000       0.15735651       0.01503433
     0.3000000       0.10875682       0.01476527
     0.4000000       0.07530778       0.01561929
     0.5000000       0.06194606       0.01434290
     0.6000000       0.05008925       0.01356350
     0.7000000       0.03573680       0.01405091
     0.8000000       0.03641904       0.01347609
     0.9000000       0.03276120       0.01364457
     1.0000000       0.03537490       0.01349617
     1.1000000       0.03318915       0.01373753
     1.2000000       0.03595435       0.01401620
     1.3000000       0.03988207       0.01352329
     1.4000000       0.03969209       0.01385008
     1.5000000       0.03691669       0.01345607
     1.6000000       0.03904116       0.01334736
     1.7000000       0.03972881       0.01390439
     1.8000000       0.03882992       0.01425896
     1.9000000       0.03935250       0.01424094
     2.0000000       0.03759013       0.01381000
     2.1000000       0.03993978       0.01340373
     2.2000000       0.04066018       0.01461289
     2.3000000       0.04168006       0.01515707
     2.4000000       0.04729370       0.01476333
     2.5000000       0.05638867       0.01520111
     2.6000000       0.07064042       0.01788153
     2.7000000       0.10535743       0.01700336
     2.8000000       0.16311180       0.01494487
     2.9000000       0.25575117       0.01866238
     3.0000000       0.45313732       0.02010143
