     0.0000000       0.87976856       0.00057875
     0.1000000       0.63840713       0.00065988
     0.2000000       0.47230014       0.00060853
     0.3000000       0.35592341       0.00057467
     0.4000000       0.27465693       0.00053358
     0.5000000       0.21769955       0.00053849
     0.6000000       0.17675413       0.00051283
     0.7000000       0.14902012       0.00044396
     0.8000000       0.13019976       0.00048683
     0.9000000       0.12110115       0.00051006
     1.0000000       0.12023144       0.00057875
