     0.0000000       0.28876064       0.01325910
     0.1000000       0.20256283       0.01334764
     0.2000000       0.14951822       0.01308717
     0.3000000       0.11893718       0.01243285
     0.4000000       0.10302049       0.01208279
     0.5000000       0.09839791       0.01208165
     0.6000000       0.10474292       0.01211656
     0.7000000       0.12144275       0.01226118
     0.8000000       0.15242156       0.01258760
     0.9000000       0.20424109       0.01298499
     1.0000000       0.28876064       0.01325910
