     0.0000000       0.20679235       0.01173010
     0.1000000       0.13903406       0.01076434
     0.2000000       0.09640859       0.00987401
     0.3000000       0.06804713       0.00909832
     0.4000000       0.04829161       0.00866148
     0.5000000       0.03443856       0.00868156
     0.6000000       0.02409649       0.00903272
     0.7000000       0.01593887       0.00954894
     0.8000000       0.01118408       0.00963717
     0.9000000       0.00957231       0.00918670
     1.0000000       0.00941223       0.00886000
     1.1000000       0.01002259       0.00856764
     1.2000000       0.01035109       0.00813682
     1.3000000       0.01063456       0.00805220
     1.4000000       0.01037858       0.00845270
     1.5000000       0.00880328       0.00865604
     1.6000000       0.00761441       0.00831034
     1.7000000       0.00742679       0.00785236
     1.8000000       0.00752070       0.00770440
     1.9000000       0.00747584       0.00776836
     2.0000000       0.00663644       0.00793193
     2.1000000       0.00706088       0.00808552
     2.2000000       0.00978076       0.00822708
     2.3000000       0.01346231       0.00862988
     2.4000000       0.01884568       0.00923907
     2.5000000       0.02691549       0.01017131
     2.6000000       0.03976896       0.01123805
     2.7000000       0.06067284       0.01204361
     2.8000000       0.09143945       0.01252851
     2.9000000       0.13682700       0.01244218
     3.0000000       0.20679235       0.01173010
