     0.0000000       0.91494045       0.00164849
     0.1000000       0.72184681       0.00192557
     0.2000000       0.57579607       0.00195268
     0.3000000       0.46342146       0.00200516
     0.4000000       0.37711258       0.00192728
     0.5000000       0.30912999       0.00189050
     0.6000000       0.25571266       0.00182061
     0.7000000       0.21046614       0.00178190
     0.8000000       0.17445455       0.00172484
     0.9000000       0.14582776       0.00169555
     1.0000000       0.12320617       0.00157408
     1.1000000       0.10623253       0.00159796
     1.2000000       0.08826315       0.00165614
     1.3000000       0.07698316       0.00158935
     1.4000000       0.06741594       0.00156140
     1.5000000       0.06002716       0.00166146
     1.6000000       0.05168728       0.00165280
     1.7000000       0.04669976       0.00153140
     1.8000000       0.04060697       0.00146996
     1.9000000       0.03807323       0.00136027
     2.0000000       0.03556191       0.00146123
     2.1000000       0.03340485       0.00151140
     2.2000000       0.03354670       0.00146754
     2.3000000       0.03185689       0.00149596
     2.4000000       0.03415255       0.00156366
     2.5000000       0.03490213       0.00141546
     2.6000000       0.03824570       0.00143306
     2.7000000       0.04268055       0.00152116
     2.8000000       0.05216228       0.00158447
     2.9000000       0.06421009       0.00166970
     3.0000000       0.08505955       0.00164849
