     0.0000000       0.36337796       0.01462177
     0.1000000       0.22738613       0.01538317
     0.2000000       0.15726639       0.01522486
     0.3000000       0.12207954       0.01399126
     0.4000000       0.10351676       0.01318739
     0.5000000       0.09719133       0.01283999
     0.6000000       0.10334086       0.01273728
     0.7000000       0.12096123       0.01291536
     0.8000000       0.15578907       0.01345095
     0.9000000       0.22653251       0.01405524
     1.0000000       0.36337796       0.01462177
