     0.0000000       0.66200022       0.02089763
     0.1000000       0.53206704       0.02335161
     0.2000000       0.43331022       0.02214171
     0.3000000       0.35740784       0.01961540
     0.4000000       0.29821839       0.01679182
     0.5000000       0.25138209       0.01494945
     0.6000000       0.21491084       0.01495100
     0.7000000       0.18613205       0.01512204
     0.8000000       0.16252263       0.01475471
     0.9000000       0.14333263       0.01541858
     1.0000000       0.12968844       0.01871662
     1.1000000       0.12056543       0.02393603
     1.2000000       0.11190558       0.02779915
     1.3000000       0.10317497       0.02987372
     1.4000000       0.09455004       0.03005338
     1.5000000       0.08282871       0.02572663
     1.6000000       0.07070443       0.02015570
     1.7000000       0.06200836       0.01694702
     1.8000000       0.05471267       0.01445257
     1.9000000       0.04868659       0.01265632
     2.0000000       0.04420818       0.01126365
     2.1000000       0.04178608       0.01142151
     2.2000000       0.04056182       0.01227665
     2.3000000       0.03927377       0.01243161
     2.4000000       0.03860732       0.01252739
     2.5000000       0.03895872       0.01381927
     2.6000000       0.03884001       0.01509851
     2.7000000       0.03788628       0.01509611
     2.8000000       0.03636329       0.01449905
     2.9000000       0.03432100       0.01332784
     3.0000000       0.03310265       0.01209620
     3.1000000       0.03326322       0.01147464
     3.2000000       0.03437384       0.01133817
     3.3000000       0.03562568       0.01180186
     3.4000000       0.03735860       0.01300670
     3.5000000       0.03843253       0.01339598
     3.6000000       0.03901253       0.01291063
     3.7000000       0.03984983       0.01182180
     3.8000000       0.03987070       0.00970865
     3.9000000       0.04018422       0.00788718
     4.0000000       0.04123251       0.00673055
     4.1000000       0.04231401       0.00564471
     4.2000000       0.04430711       0.00480406
     4.3000000       0.04826288       0.00474410
     4.4000000       0.05428280       0.00518503
     4.5000000       0.06085318       0.00488678
     4.6000000       0.06741255       0.00374523
     4.7000000       0.07632961       0.00327703
     4.8000000       0.08826314       0.00373975
     4.9000000       0.10113140       0.00379122
     5.0000000       0.11499932       0.00353513
     5.1000000       0.13252243       0.00409663
     5.2000000       0.15303841       0.00469197
     5.3000000       0.17596670       0.00483238
     5.4000000       0.20623299       0.00617645
     5.5000000       0.24666774       0.00978516
     5.6000000       0.29408538       0.01228672
     5.7000000       0.35092130       0.01305819
     5.8000000       0.42529128       0.01479791
     5.9000000       0.52501115       0.01702532
     6.0000000       0.66200022       0.02089763
