     0.0000000       0.29011843       0.01070613
     0.1000000       0.20549158       0.01140658
     0.2000000       0.15404255       0.01140399
     0.3000000       0.12459029       0.01070226
     0.4000000       0.10822226       0.01010471
     0.5000000       0.10275078       0.00964234
     0.6000000       0.10817305       0.00941088
     0.7000000       0.12396118       0.00939107
     0.8000000       0.15403330       0.00961602
     0.9000000       0.20497223       0.01009347
     1.0000000       0.29011843       0.01070613
