#    kx       ky   	         trace over n_orb         
-1.57080 -1.57080	 7.1444042868e-01  3.1340083602e-03
-1.57080  0.00000	 5.9504043564e-01  2.8379403400e-03
-1.57080  1.57080	 7.1526014449e-01  3.3448767069e-03
-1.57080  3.14159	 8.5137745038e-01  4.0387254982e-03
 0.00000 -1.57080	 5.9484117352e-01  2.7392969169e-03
 0.00000  0.00000	 4.7606265860e-01  2.6213962536e-03
 0.00000  1.57080	 5.9484117352e-01  2.7392969169e-03
 0.00000  3.14159	 7.1415759972e-01  3.0710709848e-03
 1.57080 -1.57080	 7.1526014449e-01  3.3448767069e-03
 1.57080  0.00000	 5.9504043564e-01  2.8379403400e-03
 1.57080  1.57080	 7.1444042868e-01  3.1340083602e-03
 1.57080  3.14159	 8.5137745038e-01  4.0387254982e-03
 3.14159 -1.57080	 8.5127009755e-01  4.2539722355e-03
 3.14159  0.00000	 7.1537634238e-01  3.6050423134e-03
 3.14159  1.57080	 8.5127009755e-01  4.2539722355e-03
 3.14159  3.14159	 1.0609353766e+00  6.5307495921e-03
