#    rx       ry   	         trace over n_orb         
 -1.00000  -1.00000	 6.8189702974e-03  2.1756947171e-04
 -1.00000   0.00000	-6.8684331797e-02  5.2268551130e-04
 -1.00000   1.00000	 6.6140413447e-03  1.6660586553e-04
 -1.00000   2.00000	-4.5771007918e-03  1.1957549459e-04
  0.00000  -1.00000	-6.8520500303e-02  4.7368700618e-04
  0.00000   0.00000	 7.2568696486e-01  3.4786009730e-03
  0.00000   1.00000	-6.8520500303e-02  4.7368700618e-04
  0.00000   2.00000	 6.7340038069e-03  1.7732824849e-04
  1.00000  -1.00000	 6.6140413447e-03  1.6660586553e-04
  1.00000   0.00000	-6.8684331797e-02  5.2268551130e-04
  1.00000   1.00000	 6.8189702974e-03  2.1756947171e-04
  1.00000   2.00000	-4.5771007918e-03  1.1957549459e-04
  2.00000  -1.00000	-4.4362466190e-03  7.1150997026e-05
  2.00000   0.00000	 6.6573500702e-03  2.1590439572e-04
  2.00000   1.00000	-4.4362466190e-03  7.1150997026e-05
  2.00000   2.00000	 2.5546755928e-03  7.7626044639e-05
