#    rx       ry   	         trace over n_orb         
 -1.00000  -1.00000	-4.8557879743e-05  1.2201069313e-04
 -1.00000   0.00000	 2.6390996335e-01  4.7786582671e-04
 -1.00000   1.00000	-1.5227266632e-04  1.2151581192e-04
 -1.00000   2.00000	-4.7135693909e-02  1.8949063856e-04
  0.00000  -1.00000	 2.6347508459e-01  4.4760107885e-04
  0.00000   0.00000	 1.0000000000e+00  5.6052520675e-15
  0.00000   1.00000	 2.6347508459e-01  4.4760107885e-04
  0.00000   2.00000	 7.9474122378e-16  3.0392522596e-16
  1.00000  -1.00000	 1.5227266632e-04  1.2151581192e-04
  1.00000   0.00000	 2.6390996335e-01  4.7786582671e-04
  1.00000   1.00000	 4.8557879745e-05  1.2201069313e-04
  1.00000   2.00000	-4.7135693909e-02  1.8949063856e-04
  2.00000  -1.00000	-4.7079074098e-02  2.0912912653e-04
  2.00000   0.00000	 1.7471972401e-16  5.4677207489e-16
  2.00000   1.00000	-4.7079074098e-02  2.0912912653e-04
  2.00000   2.00000	 1.7572748812e-15  3.4591099480e-16
