#    kx       ky   	              (0, 0)              	         trace over n_orb         
-1.57080 -1.57080	 1.0000000000e+00  3.8395101467e-15	 1.0000000000e+00  3.8395101467e-15
-1.57080  0.00000	 1.6211083174e+00  1.1658182398e-03	 1.6211083174e+00  1.1658182398e-03
-1.57080  1.57080	 1.0000000000e+00  0.0000000000e+00	 1.0000000000e+00  0.0000000000e+00
-1.57080  3.14159	 3.7889168263e-01  1.1658182398e-03	 3.7889168263e-01  1.1658182398e-03
 0.00000 -1.57080	 1.6220913145e+00  1.2000733898e-03	 1.6220913145e+00  1.2000733898e-03
 0.00000  0.00000	 1.8663405599e+00  9.2215542026e-04	 1.8663405599e+00  9.2215542026e-04
 0.00000  1.57080	 1.6220913145e+00  1.2000733898e-03	 1.6220913145e+00  1.2000733898e-03
 0.00000  3.14159	 1.0007565179e+00  1.2978903834e-03	 1.0007565179e+00  1.2978903834e-03
 1.57080 -1.57080	 1.0000000000e+00  0.0000000000e+00	 1.0000000000e+00  0.0000000000e+00
 1.57080  0.00000	 1.6211083174e+00  1.1658182398e-03	 1.6211083174e+00  1.1658182398e-03
 1.57080  1.57080	 1.0000000000e+00  3.8395101467e-15	 1.0000000000e+00  3.8395101467e-15
 1.57080  3.14159	 3.7889168263e-01  1.1658182398e-03	 3.7889168263e-01  1.1658182398e-03
 3.14159 -1.57080	 3.7790868548e-01  1.2000733898e-03	 3.7790868548e-01  1.2000733898e-03
 3.14159  0.00000	 9.9924348210e-01  1.2978903834e-03	 9.9924348210e-01  1.2978903834e-03
 3.14159  1.57080	 3.7790868548e-01  1.2000733898e-03	 3.7790868548e-01  1.2000733898e-03
 3.14159  3.14159	 1.3365944014e-01  9.2215542026e-04	 1.3365944014e-01  9.2215542026e-04
