#    kx       ky   	         trace over n_orb         
-1.57080 -1.57080	 3.5719890111e-01  3.2604163672e-03
-1.57080  0.00000	 4.2598782660e-01  4.2032574813e-03
-1.57080  1.57080	 3.5768166955e-01  3.5932747285e-03
-1.57080  3.14159	 2.9750525544e-01  3.0218545648e-03
 0.00000 -1.57080	 4.2536595026e-01  4.6856342094e-03
 0.00000  0.00000	 5.3030856090e-01  6.7744705108e-03
 0.00000  1.57080	 4.2536595026e-01  4.6856342094e-03
 0.00000  3.14159	 3.5675081893e-01  3.8045626853e-03
 1.57080 -1.57080	 3.5768166955e-01  3.5932747285e-03
 1.57080  0.00000	 4.2598782660e-01  4.2032574813e-03
 1.57080  1.57080	 3.5719890111e-01  3.2604163672e-03
 1.57080  3.14159	 2.9750525544e-01  3.0218545648e-03
 3.14159 -1.57080	 2.9801839647e-01  2.9894829099e-03
 3.14159  0.00000	 3.5818200782e-01  3.4925225615e-03
 3.14159  1.57080	 2.9801839647e-01  2.9894829099e-03
 3.14159  3.14159	 2.3898993092e-01  3.0446601127e-03
