#    rx       ry   	         trace over n_orb         
 -1.00000  -1.00000	 3.4582001214e-03  2.0963706661e-04
 -1.00000   0.00000	 3.4036409292e-02  4.8680502921e-04
 -1.00000   1.00000	 3.3375080115e-03  1.3058322875e-04
 -1.00000   2.00000	 2.1995208447e-03  5.0501067060e-05
  0.00000  -1.00000	 3.4357185074e-02  4.3512418688e-04
  0.00000   0.00000	 3.6298420734e-01  3.7623113104e-03
  0.00000   1.00000	 3.4357185074e-02  4.3512418688e-04
  0.00000   2.00000	 3.4179779923e-03  1.8220053039e-04
  1.00000  -1.00000	 3.3375080115e-03  1.3058322875e-04
  1.00000   0.00000	 3.4036409292e-02  4.8680502921e-04
  1.00000   1.00000	 3.4582001214e-03  2.0963706661e-04
  1.00000   2.00000	 2.1995208447e-03  5.0501067060e-05
  2.00000  -1.00000	 2.2365422847e-03  7.5331749608e-05
  2.00000   0.00000	 3.3907941658e-03  2.9117284719e-04
  2.00000   1.00000	 2.2365422847e-03  7.5331749608e-05
  2.00000   2.00000	 1.2648501454e-03  6.9540463178e-05
