#    kx       ky   	         trace over n_orb         
-1.57080 -1.57080	 2.7845958737e-01  4.4451456645e-03
-1.57080  0.00000	 2.1353439559e-01  3.9487061803e-03
-1.57080  1.57080	 2.7624450913e-01  4.2916879627e-03
-1.57080  3.14159	 3.3301148638e-01  5.4845852332e-03
 0.00000 -1.57080	 2.1494253039e-01  3.9048850139e-03
 0.00000  0.00000	 1.4496592686e-01  4.2051199011e-03
 0.00000  1.57080	 2.1494253039e-01  3.9048850139e-03
 0.00000  3.14159	 2.7367822278e-01  4.9874413721e-03
 1.57080 -1.57080	 2.7624450913e-01  4.2916879627e-03
 1.57080  0.00000	 2.1353439559e-01  3.9487061803e-03
 1.57080  1.57080	 2.7845958737e-01  4.4451456645e-03
 1.57080  3.14159	 3.3301148638e-01  5.4845852332e-03
 3.14159 -1.57080	 3.3353590860e-01  4.7492800099e-03
 3.14159  0.00000	 2.7767602663e-01  5.5624253898e-03
 3.14159  1.57080	 3.3353590860e-01  4.7492800099e-03
 3.14159  3.14159	 3.9326169822e-01  7.3036664382e-03
