#    kx       ky   	              (0, 0)              	         trace over n_orb         
-1.57080 -1.57080	 2.7764693610e-01  3.3730140933e-03	 2.7764693610e-01  3.3730140933e-03
-1.57080  0.00000	 2.1795284418e-01  3.7015636677e-03	 2.1795284418e-01  3.7015636677e-03
-1.57080  1.57080	 2.7702117142e-01  3.4962453732e-03	 2.7702117142e-01  3.4962453732e-03
-1.57080  3.14159	 3.3172044989e-01  3.3913883606e-03	 3.3172044989e-01  3.3913883606e-03
 0.00000 -1.57080	 2.1823172669e-01  3.4619058264e-03	 2.1823172669e-01  3.4619058264e-03
 0.00000  0.00000	 1.4046683324e-01  4.1399381551e-03	 1.4046683324e-01  4.1399381551e-03
 0.00000  1.57080	 2.1823172669e-01  3.4619058264e-03	 2.1823172669e-01  3.4619058264e-03
 0.00000  3.14159	 2.7768311768e-01  3.2239028118e-03	 2.7768311768e-01  3.2239028118e-03
 1.57080 -1.57080	 2.7702117142e-01  3.4962453732e-03	 2.7702117142e-01  3.4962453732e-03
 1.57080  0.00000	 2.1795284418e-01  3.7015636677e-03	 2.1795284418e-01  3.7015636677e-03
 1.57080  1.57080	 2.7764693610e-01  3.3730140933e-03	 2.7764693610e-01  3.3730140933e-03
 1.57080  3.14159	 3.3172044989e-01  3.3913883606e-03	 3.3172044989e-01  3.3913883606e-03
 3.14159 -1.57080	 3.3161810046e-01  3.5360150173e-03	 3.3161810046e-01  3.5360150173e-03
 3.14159  0.00000	 2.7830279176e-01  3.3933299800e-03	 2.7830279176e-01  3.3933299800e-03
 3.14159  1.57080	 3.3161810046e-01  3.5360150173e-03	 3.3161810046e-01  3.5360150173e-03
 3.14159  3.14159	 3.8417336203e-01  3.4740152376e-03	 3.8417336203e-01  3.4740152376e-03
