#    kx       ky   	         trace over n_orb         
-1.57080 -1.57080	 2.7791781985e-01  3.5464216062e-03
-1.57080  0.00000	 2.1648002798e-01  3.5703625832e-03
-1.57080  1.57080	 2.7676228399e-01  3.5528243161e-03
-1.57080  3.14159	 3.3215079539e-01  3.8978948744e-03
 0.00000 -1.57080	 2.1713532792e-01  3.4102423054e-03
 0.00000  0.00000	 1.4196653111e-01  3.7245940320e-03
 0.00000  1.57080	 2.1713532792e-01  3.4102423054e-03
 0.00000  3.14159	 2.7634815271e-01  3.3447828774e-03
 1.57080 -1.57080	 2.7676228399e-01  3.5528243161e-03
 1.57080  0.00000	 2.1648002798e-01  3.5703625832e-03
 1.57080  1.57080	 2.7791781985e-01  3.5464216062e-03
 1.57080  3.14159	 3.3215079539e-01  3.8978948744e-03
 3.14159 -1.57080	 3.3225736984e-01  3.7091091710e-03
 3.14159  0.00000	 2.7809387005e-01  3.7517010516e-03
 3.14159  1.57080	 3.3225736984e-01  3.7091091710e-03
 3.14159  3.14159	 3.8720280743e-01  4.4037513990e-03
