#    rx       ry   	         trace over n_orb         
 -1.00000  -1.00000	-2.0373277202e-03  1.3508104827e-04
 -1.00000   0.00000	-2.9443684402e-02  2.0547713285e-04
 -1.00000   1.00000	-1.8808865502e-03  6.7039703242e-05
 -1.00000   2.00000	-1.0970909575e-03  8.1353335119e-05
  0.00000  -1.00000	-2.9413879134e-02  2.2506425265e-04
  0.00000   0.00000	 2.7431303514e-01  3.4786009730e-03
  0.00000   1.00000	-2.9413879134e-02  2.2506425265e-04
  0.00000   2.00000	-1.8164485298e-03  6.5242329631e-05
  1.00000  -1.00000	-1.8808865502e-03  6.7039703242e-05
  1.00000   0.00000	-2.9443684402e-02  2.0547713285e-04
  1.00000   1.00000	-2.0373277202e-03  1.3508104827e-04
  1.00000   2.00000	-1.0970909575e-03  8.1353335119e-05
  2.00000  -1.00000	-9.7197770618e-04  2.8771081037e-05
  2.00000   0.00000	-1.7723152598e-03  6.2866482461e-05
  2.00000   1.00000	-9.7197770618e-04  2.8771081037e-05
  2.00000   2.00000	-5.6774516934e-04  3.5899953929e-05
