#    rx       ry   	              (0, 0)              	         trace over n_orb         
 -1.00000  -1.00000	-1.0972987994e-03  7.3686784955e-04	-1.0972987994e-03  7.3686784955e-04
 -1.00000   0.00000	-3.0592520726e-02  8.8826414782e-04	-3.0592520726e-02  8.8826414782e-04
 -1.00000   1.00000	-5.4352924106e-04  7.3802931828e-04	-5.4352924106e-04  7.3802931828e-04
 -1.00000   2.00000	-9.4417617485e-04  7.8017978511e-04	-9.4417617485e-04  7.8017978511e-04
  0.00000  -1.00000	-3.0203259318e-02  8.4984926229e-04	-3.0203259318e-02  8.4984926229e-04
  0.00000   0.00000	 2.7431491934e-01  3.4790827700e-03	 2.7431491934e-01  3.4790827700e-03
  0.00000   1.00000	-3.0203259318e-02  8.4984926229e-04	-3.0203259318e-02  8.4984926229e-04
  0.00000   2.00000	-1.4807145341e-03  1.0295304413e-03	-1.4807145341e-03  1.0295304413e-03
  1.00000  -1.00000	-5.4352924106e-04  7.3802931828e-04	-5.4352924106e-04  7.3802931828e-04
  1.00000   0.00000	-3.0592520726e-02  8.8826414782e-04	-3.0592520726e-02  8.8826414782e-04
  1.00000   1.00000	-1.0972987994e-03  7.3686784955e-04	-1.0972987994e-03  7.3686784955e-04
  1.00000   2.00000	-9.4417617485e-04  7.8017978511e-04	-9.4417617485e-04  7.8017978511e-04
  2.00000  -1.00000	-3.3398662046e-04  7.6071376457e-04	-3.3398662046e-04  7.6071376457e-04
  2.00000   0.00000	-9.9757527887e-04  1.0842365637e-03	-9.9757527887e-04  1.0842365637e-03
  2.00000   1.00000	-3.3398662046e-04  7.6071376457e-04	-3.3398662046e-04  7.6071376457e-04
  2.00000   2.00000	 5.5883909866e-04  1.1055999790e-03	 5.5883909866e-04  1.1055999790e-03
