#    rx       ry   	              (0, 0)              	         trace over n_orb         
 -1.00000  -1.00000	-1.7239847466e-03  2.6368098421e-04	-1.7239847466e-03  2.6368098421e-04
 -1.00000   0.00000	-2.9826629843e-02  3.4867913438e-04	-2.9826629843e-02  3.4867913438e-04
 -1.00000   1.00000	-1.4351007805e-03  2.5562488831e-04	-1.4351007805e-03  2.5562488831e-04
 -1.00000   2.00000	-1.0461193633e-03  2.5130986200e-04	-1.0461193633e-03  2.5130986200e-04
  0.00000  -1.00000	-2.9677005862e-02  3.2153500182e-04	-2.9677005862e-02  3.2153500182e-04
  0.00000   0.00000	 2.7431366320e-01  3.4787610455e-03	 2.7431366320e-01  3.4787610455e-03
  0.00000   1.00000	-2.9677005862e-02  3.2153500182e-04	-2.9677005862e-02  3.2153500182e-04
  0.00000   2.00000	-1.7045371979e-03  3.5255458426e-04	-1.7045371979e-03  3.5255458426e-04
  1.00000  -1.00000	-1.4351007805e-03  2.5562488831e-04	-1.4351007805e-03  2.5562488831e-04
  1.00000   0.00000	-2.9826629843e-02  3.4867913438e-04	-2.9826629843e-02  3.4867913438e-04
  1.00000   1.00000	-1.7239847466e-03  2.6368098421e-04	-1.7239847466e-03  2.6368098421e-04
  1.00000   2.00000	-1.0461193633e-03  2.5130986200e-04	-1.0461193633e-03  2.5130986200e-04
  2.00000  -1.00000	-7.5931401094e-04  2.5729058132e-04	-7.5931401094e-04  2.5729058132e-04
  2.00000   0.00000	-1.5140685995e-03  3.6625869455e-04	-1.5140685995e-03  3.6625869455e-04
  2.00000   1.00000	-7.5931401094e-04  2.5729058132e-04	-7.5931401094e-04  2.5729058132e-04
  2.00000   2.00000	-1.9221708001e-04  3.6800909333e-04	-1.9221708001e-04  3.6800909333e-04
