     0.0000000       0.27145677       0.08249971
     0.1000000       0.13987597       0.06611692
     0.2000000       0.07251347       0.05616125
     0.3000000       0.03872702       0.04881774
     0.4000000       0.02207903       0.04171970
     0.5000000       0.01254587       0.03657902
     0.6000000       0.00252213       0.03615660
     0.7000000      -0.00383527       0.03314365
     0.8000000      -0.00605629       0.02810525
     0.9000000      -0.00721718       0.02610661
     1.0000000      -0.00477112       0.02321930
     1.1000000       0.00311199       0.01517474
     1.2000000       0.01355924       0.00651474
     1.3000000       0.02083145       0.00808218
     1.4000000       0.02732195       0.01470943
     1.5000000       0.03269737       0.01986880
     1.6000000       0.03109423       0.01844344
     1.7000000       0.02693327       0.01594743
     1.8000000       0.01987018       0.01148380
     1.9000000       0.01378604       0.00792317
     2.0000000       0.01458402       0.00960146
     2.1000000       0.01815074       0.01324246
     2.2000000       0.02275468       0.01648949
     2.3000000       0.02937471       0.02172128
     2.4000000       0.03292486       0.02455695
     2.5000000       0.03657838       0.02755283
     2.6000000       0.03810442       0.02978859
     2.7000000       0.03946638       0.03115480
     2.8000000       0.04282623       0.03526378
     2.9000000       0.04492113       0.03855937
     3.0000000       0.04749012       0.04116142
     3.1000000       0.04548055       0.04054139
     3.2000000       0.03924704       0.03700723
     3.3000000       0.02964759       0.02996941
     3.4000000       0.01798227       0.02008138
     3.5000000       0.00760225       0.01171424
     3.6000000       0.00194905       0.00876165
     3.7000000       0.00028488       0.00800762
     3.8000000      -0.00261252       0.00626903
     3.9000000      -0.00345682       0.00640893
     4.0000000       0.00270448       0.00712184
     4.1000000       0.00867763       0.00940094
     4.2000000       0.01310828       0.01231341
     4.3000000       0.01216381       0.01257934
     4.4000000       0.00448929       0.00714468
     4.5000000      -0.00094113       0.00611168
     4.6000000      -0.00460303       0.00919619
     4.7000000      -0.00561139       0.01082419
     4.8000000      -0.00356039       0.00984784
     4.9000000      -0.00641036       0.01193238
     5.0000000      -0.01176470       0.01742544
     5.1000000      -0.01310851       0.02161883
     5.2000000      -0.01309693       0.02442919
     5.3000000      -0.01092335       0.02676864
     5.4000000      -0.00624608       0.03077513
     5.5000000       0.00079809       0.03661374
     5.6000000       0.01309303       0.04242689
     5.7000000       0.02776660       0.05491551
     5.8000000       0.05267750       0.07493071
     5.9000000       0.11868309       0.08823862
     6.0000000       0.27145677       0.08249971
