     0.0000000       0.39734127       0.01578856
     0.1000000       0.21902952       0.00793962
     0.2000000       0.13737593       0.00392246
     0.3000000       0.08250385       0.00358426
     0.4000000       0.05542728       0.00297349
     0.5000000       0.04115018       0.00449710
     0.6000000       0.02977796       0.00446812
     0.7000000       0.02081199       0.00309213
     0.8000000       0.01917659       0.00310423
     0.9000000       0.01017346       0.00339235
     1.0000000       0.01168491       0.00282394
     1.1000000       0.00826915       0.00330034
     1.2000000       0.00942667       0.00393340
     1.3000000       0.01472769       0.00509715
     1.4000000       0.01268737       0.00303557
     1.5000000       0.01601827       0.00384687
     1.6000000       0.01700835       0.00368996
     1.7000000       0.01350542       0.00350745
     1.8000000       0.00607509       0.00599324
     1.9000000       0.00546794       0.00468395
     2.0000000       0.01467313       0.00260520
     2.1000000       0.01503574       0.00431115
     2.2000000       0.01462174       0.00448060
     2.3000000       0.01796112       0.00453648
     2.4000000       0.01884641       0.00763151
     2.5000000       0.03748739       0.00417018
     2.6000000       0.06329822       0.00685348
     2.7000000       0.08471158       0.00417782
     2.8000000       0.13300739       0.00368484
     2.9000000       0.23227911       0.00799314
     3.0000000       0.39734127       0.01578856
