     0.0000000       0.07262074       0.00189307
     0.1000000       0.04871907       0.00176416
     0.2000000       0.03668665       0.00182349
     0.3000000       0.02614002       0.00190340
     0.4000000       0.02089084       0.00169220
     0.5000000       0.01544533       0.00178546
     0.6000000       0.01215162       0.00171625
     0.7000000       0.00921110       0.00182787
     0.8000000       0.00693901       0.00189046
     0.9000000       0.00635324       0.00191273
     1.0000000       0.00611848       0.00175322
     1.1000000       0.00570358       0.00180847
     1.2000000       0.00439982       0.00184602
     1.3000000       0.00440141       0.00159913
     1.4000000       0.00510681       0.00178183
     1.5000000       0.00617108       0.00168502
     1.6000000       0.00547556       0.00171920
     1.7000000       0.00483247       0.00157215
     1.8000000       0.00542685       0.00167177
     1.9000000       0.00540558       0.00177591
     2.0000000       0.00534852       0.00181367
     2.1000000       0.00469148       0.00178154
     2.2000000       0.00413254       0.00167659
     2.3000000       0.00537256       0.00180628
     2.4000000       0.00487067       0.00170666
     2.5000000       0.00314909       0.00156486
     2.6000000       0.00481835       0.00139690
     2.7000000       0.00443353       0.00140985
     2.8000000       0.00434235       0.00159221
     2.9000000       0.00490383       0.00157239
     3.0000000       0.00568770       0.00151731
     3.1000000       0.00426979       0.00157769
     3.2000000       0.00542659       0.00161859
     3.3000000       0.00806041       0.00170068
     3.4000000       0.00833135       0.00172194
     3.5000000       0.00862400       0.00170908
     3.6000000       0.01078654       0.00165168
     3.7000000       0.01216024       0.00161826
     3.8000000       0.01364870       0.00154888
     3.9000000       0.01585024       0.00155804
     4.0000000       0.01753361       0.00166899
     4.1000000       0.02058642       0.00164172
     4.2000000       0.02515023       0.00166165
     4.3000000       0.02949549       0.00164962
     4.4000000       0.03745832       0.00167734
     4.5000000       0.04503679       0.00172545
     4.6000000       0.05177820       0.00164325
     4.7000000       0.06242410       0.00157790
     4.8000000       0.07559271       0.00167138
     4.9000000       0.09202880       0.00179349
     5.0000000       0.11029300       0.00183961
     5.1000000       0.13598673       0.00197350
     5.2000000       0.16480962       0.00167675
     5.3000000       0.19964257       0.00172793
     5.4000000       0.24536207       0.00178838
     5.5000000       0.29918937       0.00169640
     5.6000000       0.37227119       0.00171865
     5.7000000       0.46227689       0.00181898
     5.8000000       0.57860884       0.00199416
     5.9000000       0.72982040       0.00182195
     6.0000000       0.92737926       0.00189307
