     0.0000000       0.27064819       0.02225256
     0.1000000       0.17398766       0.01099172
     0.2000000       0.10171942       0.01246151
     0.3000000       0.07559289       0.01387865
     0.4000000       0.03166500       0.01012649
     0.5000000       0.03232355       0.00498949
     0.6000000       0.02624954       0.00935804
     0.7000000       0.02794932       0.01054625
     0.8000000       0.00629786       0.00707584
     0.9000000       0.01010537       0.01116839
     1.0000000       0.01209306       0.01132999
     1.1000000       0.00645906       0.00436787
     1.2000000      -0.00064896       0.00527655
     1.3000000       0.01167188       0.01649432
     1.4000000       0.00799828       0.00621321
     1.5000000      -0.00171223       0.00563039
     1.6000000      -0.00330089       0.00450047
     1.7000000      -0.00400610       0.00808865
     1.8000000      -0.00780046       0.00460328
     1.9000000       0.00714853       0.01649735
     2.0000000       0.01459370       0.01320994
     2.1000000       0.00392669       0.00946067
     2.2000000       0.00518610       0.00678808
     2.3000000       0.00403100       0.00383879
     2.4000000       0.01114927       0.00662722
     2.5000000       0.01972456       0.01126387
     2.6000000       0.01208587       0.01042309
     2.7000000       0.01245035       0.01224315
     2.8000000       0.00183364       0.01483285
     2.9000000       0.00331070       0.00357883
     3.0000000       0.00235205       0.00476941
     3.1000000       0.00053541       0.00647267
     3.2000000       0.00530083       0.00582245
     3.3000000       0.00810289       0.00891248
     3.4000000       0.00919566       0.00412843
     3.5000000      -0.01130258       0.00789154
     3.6000000      -0.00254583       0.00365714
     3.7000000      -0.00111216       0.00809525
     3.8000000       0.00527839       0.00488807
     3.9000000      -0.00480629       0.00482849
     4.0000000       0.01051127       0.00519307
     4.1000000      -0.00191169       0.00465862
     4.2000000       0.00075646       0.00301811
     4.3000000      -0.00242315       0.00399152
     4.4000000       0.00066550       0.00286496
     4.5000000       0.00856473       0.00921094
     4.6000000       0.00029817       0.00396949
     4.7000000      -0.00074637       0.00529167
     4.8000000      -0.00444168       0.00671444
     4.9000000      -0.00627939       0.00897228
     5.0000000      -0.00050200       0.00549252
     5.1000000       0.01164745       0.00315185
     5.2000000       0.01653687       0.00844014
     5.3000000       0.00807099       0.00574206
     5.4000000       0.02090829       0.00451277
     5.5000000       0.02259074       0.00542014
     5.6000000       0.01930173       0.01467868
     5.7000000       0.04727304       0.00782704
     5.8000000       0.08354376       0.01488838
     5.9000000       0.15710368       0.01279877
     6.0000000       0.27064819       0.02225256
