     0.0000000       0.29351603       0.00774220
     0.1000000       0.19547028       0.00768007
     0.2000000       0.14817796       0.00441813
     0.3000000       0.11336185       0.00359867
     0.4000000       0.09376218       0.00376983
     0.5000000       0.08580672       0.00452951
     0.6000000       0.09369928       0.00365256
     0.7000000       0.10957664       0.00428432
     0.8000000       0.14111603       0.00412493
     0.9000000       0.19512945       0.00553706
     1.0000000       0.29351603       0.00774220
