     0.0000000       0.43150642       0.00558689
     0.1000000       0.37032133       0.00550948
     0.2000000       0.32083441       0.00557915
     0.3000000       0.28004730       0.00554045
     0.4000000       0.24612402       0.00540144
     0.5000000       0.21842781       0.00563194
     0.6000000       0.19491366       0.00557797
     0.7000000       0.17440611       0.00522804
     0.8000000       0.15651099       0.00502173
     0.9000000       0.14042673       0.00489120
     1.0000000       0.12647342       0.00494504
     1.1000000       0.11462805       0.00503894
     1.2000000       0.10385512       0.00443006
     1.3000000       0.09387729       0.00335267
     1.4000000       0.08516266       0.00258831
     1.5000000       0.07797273       0.00218501
     1.6000000       0.07184576       0.00208462
     1.7000000       0.06676209       0.00216536
     1.8000000       0.06281626       0.00239775
     1.9000000       0.05969788       0.00283314
     2.0000000       0.05743487       0.00352090
     2.1000000       0.05590874       0.00448559
     2.2000000       0.05396253       0.00516729
     2.3000000       0.05133324       0.00551728
     2.4000000       0.04947067       0.00599284
     2.5000000       0.04818093       0.00629706
     2.6000000       0.04692461       0.00628896
     2.7000000       0.04578281       0.00603196
     2.8000000       0.04500137       0.00576370
     2.9000000       0.04433024       0.00519607
     3.0000000       0.04358273       0.00438010
     3.1000000       0.04359061       0.00401691
     3.2000000       0.04366643       0.00368412
     3.3000000       0.04345817       0.00308110
     3.4000000       0.04371873       0.00257429
     3.5000000       0.04465805       0.00231154
     3.6000000       0.04613465       0.00220997
     3.7000000       0.04797610       0.00216576
     3.8000000       0.05030626       0.00229932
     3.9000000       0.05312288       0.00268621
     4.0000000       0.05617312       0.00289743
     4.1000000       0.05989349       0.00293366
     4.2000000       0.06449079       0.00304794
     4.3000000       0.06943083       0.00322663
     4.4000000       0.07427186       0.00306159
     4.5000000       0.07977861       0.00286828
     4.6000000       0.08691686       0.00302316
     4.7000000       0.09539871       0.00335873
     4.8000000       0.10543518       0.00409823
     4.9000000       0.11677901       0.00489090
     5.0000000       0.12893687       0.00527113
     5.1000000       0.14176814       0.00507247
     5.2000000       0.15605891       0.00453409
     5.3000000       0.17345689       0.00458049
     5.4000000       0.19412784       0.00475162
     5.5000000       0.21849980       0.00473557
     5.6000000       0.24720759       0.00472952
     5.7000000       0.28064081       0.00463228
     5.8000000       0.32075684       0.00481652
     5.9000000       0.37022409       0.00526780
     6.0000000       0.43150642       0.00558689
