     0.0000000       0.24806872       0.01706736
     0.1000000       0.14142135       0.01707214
     0.2000000       0.07994998       0.01547839
     0.3000000       0.04451110       0.01352040
     0.4000000       0.02474347       0.01238634
     0.5000000       0.01292686       0.01206936
     0.6000000       0.00707998       0.01190193
     0.7000000       0.00419451       0.01246127
     0.8000000       0.00268784       0.01231921
     0.9000000       0.00099947       0.01074490
     1.0000000      -0.00532359       0.01007492
     1.1000000      -0.01204161       0.01132661
     1.2000000      -0.01464643       0.01185035
     1.3000000      -0.01343929       0.01148726
     1.4000000      -0.01335349       0.01121334
     1.5000000      -0.01369758       0.01096140
     1.6000000      -0.01111378       0.01072677
     1.7000000      -0.00926154       0.01095216
     1.8000000      -0.01032848       0.01168665
     1.9000000      -0.01265668       0.01231482
     2.0000000      -0.01478639       0.01296163
     2.1000000      -0.01567616       0.01319587
     2.2000000      -0.01505750       0.01281458
     2.3000000      -0.01277648       0.01201186
     2.4000000      -0.01133429       0.01218041
     2.5000000      -0.01201146       0.01307886
     2.6000000      -0.01052504       0.01261468
     2.7000000      -0.00752157       0.01119695
     2.8000000      -0.00482289       0.00946820
     2.9000000      -0.00308449       0.00808036
     3.0000000      -0.00290132       0.00732812
     3.1000000      -0.00239521       0.00694188
     3.2000000       0.00002635       0.00643979
     3.3000000       0.00274969       0.00611023
     3.4000000       0.00505963       0.00634316
     3.5000000       0.00795435       0.00644586
     3.6000000       0.00954410       0.00640789
     3.7000000       0.00978462       0.00667877
     3.8000000       0.00997961       0.00686714
     3.9000000       0.01027748       0.00690364
     4.0000000       0.01028329       0.00678669
     4.1000000       0.00981680       0.00679001
     4.2000000       0.01082715       0.00689717
     4.3000000       0.01259279       0.00722072
     4.4000000       0.01236526       0.00759273
     4.5000000       0.01002284       0.00791358
     4.6000000       0.00707227       0.00830097
     4.7000000       0.00440538       0.00878285
     4.8000000       0.00183161       0.00943787
     4.9000000       0.00077743       0.01023819
     5.0000000      -0.00019444       0.01104249
     5.1000000      -0.00109190       0.01141273
     5.2000000       0.00121251       0.01123483
     5.3000000       0.00486794       0.01163975
     5.4000000       0.00943974       0.01227032
     5.5000000       0.01686043       0.01275721
     5.6000000       0.03034159       0.01325296
     5.7000000       0.05246917       0.01393022
     5.8000000       0.08685771       0.01531507
     5.9000000       0.14505124       0.01646475
     6.0000000       0.24806872       0.01706736
