     0.0000000       0.02849587       0.00787027
     0.1000000       0.02345261       0.01003945
     0.2000000       0.01364172       0.00598920
     0.3000000       0.01713376       0.00666320
     0.4000000       0.00855872       0.00705511
     0.5000000       0.00797810       0.00663132
     0.6000000       0.00111260       0.00940565
     0.7000000       0.00815746       0.00797742
     0.8000000       0.01188195       0.00811397
     0.9000000       0.00994085       0.00701989
     1.0000000       0.00660818       0.00729394
     1.1000000       0.01486408       0.01087298
     1.2000000       0.02427705       0.01474003
     1.3000000       0.01466226       0.00872142
     1.4000000       0.01699462       0.00542800
     1.5000000       0.00955012       0.00392872
     1.6000000       0.00782878       0.00706511
     1.7000000       0.00015183       0.00619621
     1.8000000       0.00409443       0.00465206
     1.9000000       0.00336468       0.00434786
     2.0000000       0.00365987       0.00417310
     2.1000000       0.00471811       0.00380864
     2.2000000       0.00090378       0.00402518
     2.3000000       0.00392350       0.00398583
     2.4000000       0.01154917       0.00394906
     2.5000000       0.00679380       0.00550893
     2.6000000       0.00139714       0.00684016
     2.7000000       0.00417169       0.00590601
     2.8000000       0.00310298       0.00567720
     2.9000000       0.00078256       0.00460379
     3.0000000       0.00037844       0.00538300
     3.1000000       0.00367796       0.00413771
     3.2000000       0.00247880       0.00408714
     3.3000000       0.00760249       0.00499424
     3.4000000       0.00710267       0.00494956
     3.5000000       0.00529254       0.00443770
     3.6000000       0.00328161       0.00505864
     3.7000000       0.00307339       0.00448783
     3.8000000       0.00565091       0.00545900
     3.9000000       0.00419055       0.00581348
     4.0000000      -0.00033537       0.00553640
     4.1000000      -0.00043314       0.00466081
     4.2000000      -0.00104511       0.00462825
     4.3000000      -0.00011794       0.00531127
     4.4000000       0.00096601       0.00445214
     4.5000000       0.01116768       0.00468953
     4.6000000       0.00628586       0.00528019
     4.7000000       0.01386282       0.00462040
     4.8000000       0.01054701       0.00465769
     4.9000000       0.00847713       0.00390800
     5.0000000       0.00261952       0.00870569
     5.1000000       0.00292048       0.00835787
     5.2000000      -0.00308721       0.00944161
     5.3000000      -0.00597696       0.01248182
     5.4000000       0.00286005       0.00557138
     5.5000000       0.00829169       0.00462308
     5.6000000       0.00818004       0.00406367
     5.7000000       0.00176569       0.00461980
     5.8000000       0.00585158       0.00576221
     5.9000000       0.01913066       0.00533810
     6.0000000       0.02849587       0.00787027
