     0.0000000       0.79021975       0.02183866
     0.1000000       0.63934455       0.02404479
     0.2000000       0.52953079       0.02273236
     0.3000000       0.44853204       0.02085285
     0.4000000       0.38803871       0.01998953
     0.5000000       0.34270792       0.02166932
     0.6000000       0.30708715       0.02412134
     0.7000000       0.27832447       0.02652985
     0.8000000       0.25468146       0.02918161
     0.9000000       0.23486014       0.03184465
     1.0000000       0.21874501       0.03541639
     1.1000000       0.20682438       0.04018361
     1.2000000       0.19694797       0.04449689
     1.3000000       0.18613065       0.04636094
     1.4000000       0.17279743       0.04351949
     1.5000000       0.15506574       0.03446460
     1.6000000       0.13590245       0.02369872
     1.7000000       0.12022926       0.01607664
     1.8000000       0.10765315       0.01063475
     1.9000000       0.09861724       0.00733347
     2.0000000       0.09352952       0.00693546
     2.1000000       0.09054463       0.00795252
     2.2000000       0.08825460       0.00870484
     2.3000000       0.08606518       0.00899200
     2.4000000       0.08200460       0.00786820
     2.5000000       0.07702482       0.00679498
     2.6000000       0.07400372       0.00712689
     2.7000000       0.07387072       0.00818909
     2.8000000       0.07459748       0.00913419
     2.9000000       0.07450363       0.00952928
     3.0000000       0.07435471       0.00951073
     3.1000000       0.07423422       0.00935299
     3.2000000       0.07401806       0.00946162
     3.3000000       0.07412439       0.00937965
     3.4000000       0.07539334       0.00959127
     3.5000000       0.07688232       0.01017546
     3.6000000       0.07813951       0.01031165
     3.7000000       0.07969348       0.00897678
     3.8000000       0.08177868       0.00712949
     3.9000000       0.08600982       0.00684285
     4.0000000       0.09082731       0.00636043
     4.1000000       0.09618868       0.00565181
     4.2000000       0.10340629       0.00605727
     4.3000000       0.11052562       0.00666690
     4.4000000       0.11838240       0.00724081
     4.5000000       0.12695675       0.00716296
     4.6000000       0.13515979       0.00619444
     4.7000000       0.14525663       0.00588060
     4.8000000       0.15951057       0.00690132
     4.9000000       0.17677522       0.00868201
     5.0000000       0.19543459       0.01024109
     5.1000000       0.21712374       0.01191478
     5.2000000       0.24131929       0.01273742
     5.3000000       0.26694130       0.01189759
     5.4000000       0.29793363       0.01164174
     5.5000000       0.33688505       0.01259142
     5.6000000       0.38373069       0.01295513
     5.7000000       0.44268391       0.01297365
     5.8000000       0.52223074       0.01447839
     5.9000000       0.63277833       0.01748626
     6.0000000       0.79021975       0.02183866
