     0.0000000       0.60862870       0.00050223
     0.1000000       0.53341671       0.00072477
     0.2000000       0.47770876       0.00085348
     0.3000000       0.43633215       0.00091822
     0.4000000       0.40588186       0.00090452
     0.5000000       0.38455676       0.00090832
     0.6000000       0.36992126       0.00085919
     0.7000000       0.36334112       0.00077521
     0.8000000       0.36181849       0.00070331
     0.9000000       0.37124049       0.00056905
     1.0000000       0.39137130       0.00050223
