     0.0000000       0.34646344       0.00458744
     0.1000000       0.21484307       0.00409470
     0.2000000       0.15009497       0.00361164
     0.3000000       0.11038942       0.00299397
     0.4000000       0.08895805       0.00302733
     0.5000000       0.08089646       0.00384512
     0.6000000       0.09472087       0.00364108
     0.7000000       0.11086509       0.00324957
     0.8000000       0.15430586       0.00342328
     0.9000000       0.21688842       0.00345379
     1.0000000       0.34646344       0.00458744
