     0.0000000       0.83704137       0.00878233
     0.1000000       0.68869650       0.00808256
     0.2000000       0.58460316       0.00756250
     0.3000000       0.50875223       0.00690796
     0.4000000       0.45231228       0.00625419
     0.5000000       0.40965749       0.00583261
     0.6000000       0.37709890       0.00555194
     0.7000000       0.35192479       0.00534996
     0.8000000       0.33199611       0.00517909
     0.9000000       0.31588759       0.00494645
     1.0000000       0.30320874       0.00480177
     1.1000000       0.29346354       0.00467889
     1.2000000       0.28598768       0.00458672
     1.3000000       0.28037998       0.00445083
     1.4000000       0.27748613       0.00434255
     1.5000000       0.27684808       0.00436042
     1.6000000       0.27771321       0.00438972
     1.7000000       0.28113566       0.00456369
     1.8000000       0.28720492       0.00492625
     1.9000000       0.29554130       0.00541808
     2.0000000       0.30607775       0.00587686
     2.1000000       0.31890097       0.00600695
     2.2000000       0.33498837       0.00614147
     2.3000000       0.35586426       0.00677260
     2.4000000       0.38220963       0.00756309
     2.5000000       0.41588565       0.00853120
     2.6000000       0.45877824       0.00946571
     2.7000000       0.51405923       0.00992291
     2.8000000       0.58777598       0.00998680
     2.9000000       0.68995990       0.00955968
     3.0000000       0.83704137       0.00878233
