     0.0000000       0.48150886       0.00720920
     0.1000000       0.40395596       0.00635308
     0.2000000       0.34370339       0.00545517
     0.3000000       0.29549371       0.00505386
     0.4000000       0.25665062       0.00527339
     0.5000000       0.22506980       0.00572276
     0.6000000       0.19945206       0.00573172
     0.7000000       0.17865131       0.00524138
     0.8000000       0.16053553       0.00490229
     0.9000000       0.14511658       0.00443367
     1.0000000       0.13246384       0.00397185
     1.1000000       0.12116953       0.00373024
     1.2000000       0.11115939       0.00345285
     1.3000000       0.10296619       0.00351332
     1.4000000       0.09496651       0.00360420
     1.5000000       0.08681573       0.00319352
     1.6000000       0.07992131       0.00290144
     1.7000000       0.07401533       0.00260159
     1.8000000       0.06925866       0.00251959
     1.9000000       0.06539027       0.00258588
     2.0000000       0.06104160       0.00248443
     2.1000000       0.05678994       0.00258381
     2.2000000       0.05311509       0.00292679
     2.3000000       0.05040319       0.00314144
     2.4000000       0.04857956       0.00296314
     2.5000000       0.04736673       0.00283288
     2.6000000       0.04715576       0.00331250
     2.7000000       0.04727478       0.00400661
     2.8000000       0.04712404       0.00439297
     2.9000000       0.04621950       0.00427860
     3.0000000       0.04506521       0.00392307
     3.1000000       0.04464450       0.00381446
     3.2000000       0.04556694       0.00384837
     3.3000000       0.04670151       0.00369604
     3.4000000       0.04727777       0.00352970
     3.5000000       0.04846124       0.00351151
     3.6000000       0.05034316       0.00347566
     3.7000000       0.05305269       0.00345326
     3.8000000       0.05626978       0.00345095
     3.9000000       0.05926801       0.00339770
     4.0000000       0.06271149       0.00359712
     4.1000000       0.06698561       0.00384103
     4.2000000       0.07182036       0.00391915
     4.3000000       0.07703118       0.00395895
     4.4000000       0.08230908       0.00387141
     4.5000000       0.08862190       0.00392632
     4.6000000       0.09690988       0.00452826
     4.7000000       0.10639217       0.00538613
     4.8000000       0.11664257       0.00641234
     4.9000000       0.12835180       0.00801976
     5.0000000       0.14110648       0.00955209
     5.1000000       0.15391649       0.00990238
     5.2000000       0.16799111       0.00959271
     5.3000000       0.18546662       0.00961568
     5.4000000       0.20692331       0.00944839
     5.5000000       0.23268082       0.00912651
     5.6000000       0.26308648       0.00851262
     5.7000000       0.29985775       0.00771738
     5.8000000       0.34648606       0.00767003
     5.9000000       0.40546941       0.00764974
     6.0000000       0.48150886       0.00720920
