     0.0000000       0.64239766       0.00721219
     0.1000000       0.52740241       0.00644077
     0.2000000       0.44035967       0.00565985
     0.3000000       0.37373771       0.00510960
     0.4000000       0.32207317       0.00476910
     0.5000000       0.28149844       0.00455039
     0.6000000       0.24964499       0.00437158
     0.7000000       0.22471680       0.00428965
     0.8000000       0.20428965       0.00409218
     0.9000000       0.18759510       0.00376917
     1.0000000       0.17483936       0.00364894
     1.1000000       0.16492731       0.00355194
     1.2000000       0.15695140       0.00327615
     1.3000000       0.15125934       0.00294736
     1.4000000       0.14822019       0.00277866
     1.5000000       0.14738647       0.00266761
     1.6000000       0.14836038       0.00253587
     1.7000000       0.15149645       0.00258091
     1.8000000       0.15673568       0.00276244
     1.9000000       0.16406593       0.00296798
     2.0000000       0.17411955       0.00334687
     2.1000000       0.18694782       0.00372598
     2.2000000       0.20336795       0.00417142
     2.3000000       0.22509749       0.00518304
     2.4000000       0.25273518       0.00650709
     2.5000000       0.28724535       0.00808455
     2.6000000       0.32881227       0.00909635
     2.7000000       0.37926052       0.00894325
     2.8000000       0.44385956       0.00844457
     2.9000000       0.52875153       0.00783145
     3.0000000       0.64239766       0.00721219
