     0.0000000       0.19428985       0.07289564
     0.1000000       0.11012134       0.04705776
     0.2000000       0.04597711       0.04922290
     0.3000000       0.02398339       0.03804303
     0.4000000       0.02280680       0.01948310
     0.5000000      -0.00667510       0.03352663
     0.6000000       0.00493042       0.01567313
     0.7000000      -0.00516522       0.02271874
     0.8000000      -0.01268594       0.02594914
     0.9000000      -0.01158263       0.02039006
     1.0000000      -0.00045722       0.00821794
     1.1000000       0.00821376       0.00368098
     1.2000000      -0.00171337       0.00828308
     1.3000000      -0.01103579       0.01764671
     1.4000000      -0.00237636       0.00790167
     1.5000000      -0.01675131       0.02175514
     1.6000000      -0.00862640       0.01504446
     1.7000000      -0.01705991       0.02331419
     1.8000000      -0.02290775       0.02637733
     1.9000000      -0.02552494       0.02950013
     2.0000000      -0.01861274       0.02317406
     2.1000000      -0.00193803       0.00685456
     2.2000000      -0.00022114       0.00402540
     2.3000000       0.00763933       0.00441348
     2.4000000       0.00196750       0.00301226
     2.5000000       0.00022781       0.00638828
     2.6000000       0.00391089       0.00198774
     2.7000000      -0.00109321       0.00410422
     2.8000000       0.00044523       0.00261376
     2.9000000       0.00119099       0.00318196
     3.0000000      -0.00048266       0.00439123
     3.1000000       0.00512666       0.00181961
     3.2000000      -0.00025575       0.00566996
     3.3000000      -0.00820581       0.01176548
     3.4000000      -0.01375020       0.01853149
     3.5000000      -0.01183724       0.01689482
     3.6000000      -0.01840876       0.02270085
     3.7000000      -0.01525070       0.01846055
     3.8000000      -0.02343739       0.02611073
     3.9000000      -0.02035537       0.02625019
     4.0000000      -0.00944331       0.01607416
     4.1000000      -0.01512313       0.02120099
     4.2000000      -0.00266659       0.00871491
     4.3000000       0.00136826       0.00479669
     4.4000000      -0.01422459       0.02098720
     4.5000000       0.00116359       0.00699353
     4.6000000      -0.02173494       0.03143963
     4.7000000      -0.01124563       0.01989253
     4.8000000      -0.02172405       0.03001756
     4.9000000       0.00303567       0.00708406
     5.0000000       0.00425578       0.00707327
     5.1000000      -0.00450273       0.01691583
     5.2000000      -0.00814422       0.02088795
     5.3000000      -0.00477871       0.02199120
     5.4000000      -0.00674298       0.02800594
     5.5000000       0.00521822       0.02390078
     5.6000000       0.01197727       0.03042251
     5.7000000       0.03536376       0.02645050
     5.8000000       0.08307338       0.01414258
     5.9000000       0.11587500       0.04154589
     6.0000000       0.19428985       0.07289564
