     0.0000000       0.33410186       0.00723532
     0.1000000       0.21045388       0.00691891
     0.2000000       0.15666448       0.00639358
     0.3000000       0.11673298       0.00395494
     0.4000000       0.09412509       0.00285577
     0.5000000       0.08555291       0.00411950
     0.6000000       0.09449463       0.00221516
     0.7000000       0.11139069       0.00423903
     0.8000000       0.14651308       0.00273816
     0.9000000       0.20906868       0.00398658
     1.0000000       0.33410186       0.00723532
