     0.0000000       0.26716307       0.00890279
     0.1000000       0.17427248       0.00875254
     0.2000000       0.11432653       0.00845839
     0.3000000       0.07544723       0.00800350
     0.4000000       0.04974756       0.00763623
     0.5000000       0.03186425       0.00748959
     0.6000000       0.01818582       0.00762903
     0.7000000       0.00797660       0.00791672
     0.8000000       0.00242292       0.00775995
     0.9000000      -0.00037429       0.00720861
     1.0000000      -0.00220422       0.00671163
     1.1000000      -0.00220552       0.00630275
     1.2000000      -0.00107192       0.00600264
     1.3000000      -0.00086788       0.00596898
     1.4000000      -0.00067428       0.00611819
     1.5000000       0.00037791       0.00628024
     1.6000000       0.00151531       0.00627033
     1.7000000       0.00238739       0.00621960
     1.8000000       0.00391117       0.00623384
     1.9000000       0.00667962       0.00615095
     2.0000000       0.00882023       0.00625129
     2.1000000       0.01080892       0.00658884
     2.2000000       0.01461728       0.00694113
     2.3000000       0.01882936       0.00752157
     2.4000000       0.02456208       0.00825266
     2.5000000       0.03472745       0.00915253
     2.6000000       0.05103604       0.00970256
     2.7000000       0.07647215       0.00962071
     2.8000000       0.11578612       0.00935650
     2.9000000       0.17580797       0.00909853
     3.0000000       0.26716307       0.00890279
