     0.0000000       0.29071488       0.00530523
     0.1000000       0.19882072       0.00476831
     0.2000000       0.15034358       0.00382649
     0.3000000       0.11936628       0.00354631
     0.4000000       0.10206482       0.00362779
     0.5000000       0.09521253       0.00405748
     0.6000000       0.10524974       0.00372897
     0.7000000       0.11924327       0.00360447
     0.8000000       0.15239047       0.00377258
     0.9000000       0.20036346       0.00437135
     1.0000000       0.29071488       0.00530523
