     0.0000000       0.06692629       0.00052233
     0.1000000       0.06526540       0.00046678
     0.2000000       0.07062263       0.00044317
     0.3000000       0.08292842       0.00041557
     0.4000000       0.10417451       0.00044404
     0.5000000       0.13795991       0.00043544
     0.6000000       0.19084499       0.00044501
     0.7000000       0.27396625       0.00049038
     0.8000000       0.40260091       0.00053344
     0.9000000       0.60734007       0.00053863
     1.0000000       0.93307371       0.00052233
