     0.0000000       0.50000000       0.00000000
     0.1000000       0.44722553       0.00154046
     0.2000000       0.41001334       0.00215388
     0.3000000       0.37576995       0.00270174
     0.4000000       0.35177562       0.00291422
     0.5000000       0.33224927       0.00308686
     0.6000000       0.31606277       0.00316845
     0.7000000       0.30004759       0.00322545
     0.8000000       0.28897838       0.00340217
     0.9000000       0.27792405       0.00352414
     1.0000000       0.27062460       0.00355601
     1.1000000       0.26422252       0.00350656
     1.2000000       0.25998206       0.00356488
     1.3000000       0.25374838       0.00356875
     1.4000000       0.25142810       0.00364802
     1.5000000       0.25387850       0.00364801
     1.6000000       0.25380460       0.00348073
     1.7000000       0.25761497       0.00341022
     1.8000000       0.25943014       0.00321060
     1.9000000       0.26413839       0.00324764
     2.0000000       0.26959380       0.00338370
     2.1000000       0.27750808       0.00330309
     2.2000000       0.28767870       0.00321189
     2.3000000       0.29856393       0.00307345
     2.4000000       0.31456147       0.00295764
     2.5000000       0.33113536       0.00287977
     2.6000000       0.35333752       0.00251004
     2.7000000       0.37753395       0.00239905
     2.8000000       0.40837618       0.00216743
     2.9000000       0.44642122       0.00162656
     3.0000000       0.50000000       0.00000000
