     0.0000000       0.27896240       0.00725825
     0.1000000       0.19239262       0.00722373
     0.2000000       0.15523922       0.00718069
     0.3000000       0.12186283       0.00477970
     0.4000000       0.10156427       0.00309281
     0.5000000       0.09318307       0.00391458
     0.6000000       0.10143950       0.00240082
     0.7000000       0.11595161       0.00391360
     0.8000000       0.14352876       0.00281979
     0.9000000       0.19024018       0.00424190
     1.0000000       0.27896240       0.00725825
