     0.0000000       0.09411505       0.00755689
     0.1000000       0.07486051       0.00600255
     0.2000000       0.06621296       0.00405973
     0.3000000       0.06045381       0.00325068
     0.4000000       0.05600814       0.00292549
     0.5000000       0.04506030       0.00398292
     0.6000000       0.03978337       0.00334798
     0.7000000       0.03358254       0.00316173
     0.8000000       0.03580726       0.00296955
     0.9000000       0.03177320       0.00307273
     1.0000000       0.02787741       0.00320769
     1.1000000       0.02316466       0.00281501
     1.2000000       0.02038048       0.00357688
     1.3000000       0.02121406       0.00440380
     1.4000000       0.02439296       0.00252776
     1.5000000       0.02603912       0.00332361
     1.6000000       0.02866498       0.00312849
     1.7000000       0.02896276       0.00369083
     1.8000000       0.02922650       0.00375576
     1.9000000       0.02676580       0.00329324
     2.0000000       0.02960479       0.00257766
     2.1000000       0.02627646       0.00356307
     2.2000000       0.03039765       0.00362240
     2.3000000       0.03452806       0.00323303
     2.4000000       0.03278984       0.00417577
     2.5000000       0.04163519       0.00390203
     2.6000000       0.05007313       0.00327015
     2.7000000       0.05380151       0.00542564
     2.8000000       0.06360294       0.00650828
     2.9000000       0.08481431       0.00546996
     3.0000000       0.09411505       0.00755689
