     0.0000000       0.28984513       0.18316685
     0.1000000       0.13091306       0.13942284
     0.2000000       0.01846856       0.14476005
     0.3000000      -0.02402322       0.13940278
     0.4000000      -0.04781532       0.13927269
     0.5000000      -0.04974085       0.12297255
     0.6000000      -0.04387226       0.10950521
     0.7000000      -0.04803642       0.11104253
     0.8000000      -0.05516904       0.10407737
     0.9000000      -0.06493535       0.11271599
     1.0000000      -0.07075473       0.11165001
     1.1000000      -0.05101910       0.09154689
     1.2000000      -0.07440772       0.10854350
     1.3000000      -0.09877765       0.13588425
     1.4000000      -0.10012277       0.13919823
     1.5000000      -0.09159898       0.13626856
     1.6000000      -0.13270392       0.17894666
     1.7000000      -0.16247932       0.20635092
     1.8000000      -0.15572734       0.19260979
     1.9000000      -0.17539008       0.21062599
     2.0000000      -0.15601718       0.19568194
     2.1000000      -0.10995667       0.14905277
     2.2000000      -0.10133780       0.14105106
     2.3000000      -0.11473067       0.15108646
     2.4000000      -0.11230811       0.14764559
     2.5000000      -0.09329107       0.12854498
     2.6000000      -0.10470840       0.13865209
     2.7000000      -0.08782959       0.11764228
     2.8000000      -0.09451745       0.12102939
     2.9000000      -0.09537596       0.13016101
     3.0000000      -0.08886615       0.13265286
     3.1000000      -0.07621959       0.12429993
     3.2000000      -0.08058184       0.12930869
     3.3000000      -0.09488074       0.14074747
     3.4000000      -0.09332661       0.14734846
     3.5000000      -0.06230421       0.11715448
     3.6000000      -0.04524315       0.10033534
     3.7000000      -0.07552986       0.12238833
     3.8000000      -0.07385572       0.12513757
     3.9000000      -0.10189359       0.15229389
     4.0000000      -0.08972790       0.13536664
     4.1000000      -0.08504858       0.12906786
     4.2000000      -0.08054683       0.12783219
     4.3000000      -0.08846438       0.13472761
     4.4000000      -0.07291069       0.12047372
     4.5000000      -0.05772587       0.11145040
     4.6000000      -0.07541488       0.13841852
     4.7000000      -0.05575060       0.11943920
     4.8000000      -0.04812580       0.11258239
     4.9000000      -0.06502826       0.12980055
     5.0000000      -0.05602331       0.11609081
     5.1000000      -0.01873927       0.08357426
     5.2000000      -0.03935664       0.10519093
     5.3000000      -0.05023652       0.11754940
     5.4000000      -0.05387557       0.13357168
     5.5000000      -0.02944012       0.12431149
     5.6000000      -0.01375088       0.12365550
     5.7000000       0.02094301       0.11075664
     5.8000000       0.04842638       0.13037354
     5.9000000       0.09226927       0.18065229
     6.0000000       0.28984513       0.18316685
