     0.0000000       0.20345855       0.01200189
     0.1000000       0.13221491       0.01238042
     0.2000000       0.08760827       0.01230819
     0.3000000       0.05995969       0.01170835
     0.4000000       0.04281201       0.01087037
     0.5000000       0.02988128       0.01069691
     0.6000000       0.01955062       0.01083707
     0.7000000       0.01162210       0.01155808
     0.8000000       0.00680367       0.01206750
     0.9000000       0.00567915       0.01154939
     1.0000000       0.00379147       0.01123400
     1.1000000       0.00016686       0.01179834
     1.2000000      -0.00161305       0.01137257
     1.3000000      -0.00144820       0.00948377
     1.4000000      -0.00104956       0.00770058
     1.5000000      -0.00083286       0.00681298
     1.6000000      -0.00134805       0.00676979
     1.7000000      -0.00073660       0.00648392
     1.8000000       0.00037130       0.00628891
     1.9000000       0.00042729       0.00675273
     2.0000000       0.00023439       0.00732251
     2.1000000      -0.00079219       0.00786692
     2.2000000      -0.00245524       0.00858811
     2.3000000      -0.00492797       0.00902028
     2.4000000      -0.00601071       0.00845419
     2.5000000      -0.00460947       0.00746324
     2.6000000      -0.00348116       0.00692285
     2.7000000      -0.00310927       0.00669294
     2.8000000      -0.00299685       0.00677740
     2.9000000      -0.00310215       0.00690884
     3.0000000      -0.00331854       0.00659512
     3.1000000      -0.00288730       0.00613596
     3.2000000      -0.00186302       0.00581599
     3.3000000       0.00029824       0.00548087
     3.4000000       0.00213248       0.00527973
     3.5000000       0.00269485       0.00518839
     3.6000000       0.00359418       0.00508750
     3.7000000       0.00481994       0.00486190
     3.8000000       0.00540084       0.00476820
     3.9000000       0.00500493       0.00526985
     4.0000000       0.00499344       0.00591925
     4.1000000       0.00443844       0.00626980
     4.2000000       0.00347806       0.00683112
     4.3000000       0.00377680       0.00744347
     4.4000000       0.00494551       0.00730134
     4.5000000       0.00652771       0.00676589
     4.6000000       0.00781462       0.00638235
     4.7000000       0.00862479       0.00634711
     4.8000000       0.00834508       0.00678890
     4.9000000       0.00796891       0.00705283
     5.0000000       0.00946317       0.00673853
     5.1000000       0.01271332       0.00605922
     5.2000000       0.01739955       0.00568831
     5.3000000       0.02118262       0.00638230
     5.4000000       0.02478245       0.00781359
     5.5000000       0.03112141       0.00901101
     5.6000000       0.04206522       0.00970363
     5.7000000       0.05997392       0.01028463
     5.8000000       0.08771825       0.01105015
     5.9000000       0.13252197       0.01140229
     6.0000000       0.20345855       0.01200189
