     0.0000000       0.26116075       0.00715045
     0.1000000       0.18974634       0.00462080
     0.2000000       0.15308611       0.00650063
     0.3000000       0.11986677       0.00307209
     0.4000000       0.09869548       0.00481339
     0.5000000       0.09594816       0.00494552
     0.6000000       0.09999009       0.00295165
     0.7000000       0.11752603       0.00496248
     0.8000000       0.14333108       0.00323502
     0.9000000       0.18309428       0.00490946
     1.0000000       0.26116075       0.00715045
