     0.0000000       0.71040547       0.00176563
     0.1000000       0.62510879       0.00186620
     0.2000000       0.55793080       0.00207320
     0.3000000       0.50455203       0.00215528
     0.4000000       0.45934827       0.00223393
     0.5000000       0.41975044       0.00224989
     0.6000000       0.38781153       0.00208851
     0.7000000       0.35980467       0.00214452
     0.8000000       0.33634283       0.00226535
     0.9000000       0.31521273       0.00221043
     1.0000000       0.29776688       0.00228120
     1.1000000       0.28120569       0.00217666
     1.2000000       0.26791087       0.00216560
     1.3000000       0.25564617       0.00214204
     1.4000000       0.24450338       0.00222652
     1.5000000       0.23502735       0.00213146
     1.6000000       0.22624704       0.00211143
     1.7000000       0.22012912       0.00215898
     1.8000000       0.21460733       0.00222349
     1.9000000       0.20946888       0.00216914
     2.0000000       0.20610367       0.00197774
     2.1000000       0.20398899       0.00186986
     2.2000000       0.20228365       0.00174101
     2.3000000       0.20327898       0.00170547
     2.4000000       0.20544224       0.00174845
     2.5000000       0.20887810       0.00168114
     2.6000000       0.21461495       0.00171788
     2.7000000       0.22603141       0.00173264
     2.8000000       0.23764569       0.00185215
     2.9000000       0.26007912       0.00173803
     3.0000000       0.28959453       0.00176563
