     0.0000000       0.26861670       0.01100473
     0.1000000       0.16402638       0.01104840
     0.2000000       0.10124226       0.01102587
     0.3000000       0.06298196       0.01091011
     0.4000000       0.04043542       0.01081818
     0.5000000       0.02882276       0.01082486
     0.6000000       0.02151562       0.01077068
     0.7000000       0.01571833       0.01062724
     0.8000000       0.01189237       0.01042695
     0.9000000       0.00919415       0.01015142
     1.0000000       0.00798493       0.00989540
     1.1000000       0.00604466       0.00973751
     1.2000000       0.00311098       0.00968229
     1.3000000       0.00293444       0.00958591
     1.4000000       0.00502242       0.00962390
     1.5000000       0.00670983       0.00980712
     1.6000000       0.00663706       0.01016477
     1.7000000       0.00565227       0.01071747
     1.8000000       0.00683228       0.01093693
     1.9000000       0.00928012       0.01086843
     2.0000000       0.01126500       0.01054166
     2.1000000       0.01445290       0.00999558
     2.2000000       0.01880745       0.00965076
     2.3000000       0.02469058       0.00943406
     2.4000000       0.03056982       0.00939970
     2.5000000       0.03955321       0.00944850
     2.6000000       0.05395193       0.00971495
     2.7000000       0.07510980       0.01006342
     2.8000000       0.10965608       0.01040055
     2.9000000       0.16878160       0.01076664
     3.0000000       0.26861670       0.01100473
