     0.0000000       0.86118656       0.00973813
     0.1000000       0.73433079       0.01100306
     0.2000000       0.65372980       0.01081267
     0.3000000       0.60271107       0.00919358
     0.4000000       0.57504352       0.00807396
     0.5000000       0.56637508       0.00747451
     0.6000000       0.57467642       0.00725794
     0.7000000       0.60133245       0.00728698
     0.8000000       0.65095620       0.00773558
     0.9000000       0.73225997       0.00866931
     1.0000000       0.86118656       0.00973813
