     0.0000000       0.21589620       0.00660350
     0.1000000       0.17102545       0.00601911
     0.2000000       0.15068218       0.00485592
     0.3000000       0.12973883       0.00327254
     0.4000000       0.11605429       0.00307326
     0.5000000       0.11072251       0.00377497
     0.6000000       0.11527174       0.00284921
     0.7000000       0.12551617       0.00405715
     0.8000000       0.14199898       0.00358583
     0.9000000       0.16848700       0.00488883
     1.0000000       0.21589620       0.00660350
