     0.0000000       0.25035339       0.01050837
     0.1000000       0.17652592       0.01071439
     0.2000000       0.13147618       0.01047953
     0.3000000       0.10571406       0.00982821
     0.4000000       0.09192620       0.00957395
     0.5000000       0.08696231       0.00964761
     0.6000000       0.09162524       0.00973780
     0.7000000       0.10630183       0.00992054
     0.8000000       0.13358884       0.01011293
     0.9000000       0.17827656       0.01028202
     1.0000000       0.25035339       0.01050837
