     0.0000000       0.28703887       0.01177826
     0.1000000       0.20676934       0.01160731
     0.2000000       0.15980195       0.01158758
     0.3000000       0.13311072       0.01158598
     0.4000000       0.11935814       0.01160097
     0.5000000       0.11410586       0.01172744
     0.6000000       0.11594623       0.01185890
     0.7000000       0.12776542       0.01193747
     0.8000000       0.15393906       0.01199525
     0.9000000       0.20253107       0.01194494
     1.0000000       0.28703887       0.01177826
