     0.0000000       0.40552404       0.03259446
     0.1000000       0.22119375       0.03161158
     0.2000000       0.12694430       0.03066498
     0.3000000       0.07601071       0.02929896
     0.4000000       0.04742218       0.02807506
     0.5000000       0.03011726       0.02724006
     0.6000000       0.01602344       0.02717099
     0.7000000       0.00716836       0.02808787
     0.8000000       0.00738161       0.02878024
     0.9000000       0.00910796       0.02827964
     1.0000000       0.00482797       0.02784128
     1.1000000      -0.00114172       0.02741758
     1.2000000      -0.00435876       0.02721318
     1.3000000      -0.00677331       0.02809423
     1.4000000      -0.01019505       0.02938857
     1.5000000      -0.01452319       0.03086828
     1.6000000      -0.02050838       0.03144386
     1.7000000      -0.02839672       0.03184749
     1.8000000      -0.03567847       0.03195523
     1.9000000      -0.03598097       0.03158596
     2.0000000      -0.02925041       0.03146904
     2.1000000      -0.01576175       0.03044719
     2.2000000      -0.00460741       0.02958014
     2.3000000      -0.00298577       0.02994680
     2.4000000       0.00138283       0.03120127
     2.5000000       0.01295633       0.03291508
     2.6000000       0.03598364       0.03462183
     2.7000000       0.07353456       0.03515372
     2.8000000       0.13149538       0.03456222
     2.9000000       0.22856982       0.03379194
     3.0000000       0.40552404       0.03259446
