     0.0000000       0.50000000       0.00000000
     0.1000000       0.40054034       0.00056421
     0.2000000       0.32776577       0.00073937
     0.3000000       0.27321795       0.00081860
     0.4000000       0.23106540       0.00075112
     0.5000000       0.19825977       0.00079912
     0.6000000       0.17199520       0.00081786
     0.7000000       0.15119787       0.00075126
     0.8000000       0.13377147       0.00076018
     0.9000000       0.11970895       0.00075166
     1.0000000       0.10718506       0.00075800
     1.1000000       0.09714092       0.00079837
     1.2000000       0.08903855       0.00076060
     1.3000000       0.08128560       0.00076905
     1.4000000       0.07441195       0.00074928
     1.5000000       0.06836331       0.00076671
     1.6000000       0.06337491       0.00073553
     1.7000000       0.05884063       0.00075640
     1.8000000       0.05510287       0.00074981
     1.9000000       0.05225558       0.00069776
     2.0000000       0.04945883       0.00073911
     2.1000000       0.04744423       0.00073332
     2.2000000       0.04475684       0.00069682
     2.3000000       0.04334643       0.00071695
     2.4000000       0.04177116       0.00072176
     2.5000000       0.04103714       0.00074853
     2.6000000       0.03956268       0.00073025
     2.7000000       0.03870523       0.00074342
     2.8000000       0.03814309       0.00070761
     2.9000000       0.03783318       0.00072649
     3.0000000       0.03754949       0.00070479
     3.1000000       0.03723144       0.00068856
     3.2000000       0.03778610       0.00068009
     3.3000000       0.03786805       0.00066748
     3.4000000       0.03808705       0.00068355
     3.5000000       0.03870443       0.00071696
     3.6000000       0.04003730       0.00070742
     3.7000000       0.04178471       0.00075256
     3.8000000       0.04369423       0.00076967
     3.9000000       0.04557885       0.00077629
     4.0000000       0.04786590       0.00081713
     4.1000000       0.05095186       0.00081160
     4.2000000       0.05409421       0.00084279
     4.3000000       0.05797322       0.00084369
     4.4000000       0.06261343       0.00083705
     4.5000000       0.06718314       0.00084884
     4.6000000       0.07342654       0.00076184
     4.7000000       0.07928912       0.00077568
     4.8000000       0.08728289       0.00081232
     4.9000000       0.09588528       0.00080524
     5.0000000       0.10636023       0.00080012
     5.1000000       0.11840718       0.00077081
     5.2000000       0.13279382       0.00072557
     5.3000000       0.15044202       0.00074861
     5.4000000       0.17214841       0.00071536
     5.5000000       0.19784903       0.00075930
     5.6000000       0.23077416       0.00074466
     5.7000000       0.27239643       0.00069050
     5.8000000       0.32665388       0.00058537
     5.9000000       0.40027024       0.00055534
     6.0000000       0.50000000       0.00000000
