     0.0000000       0.29852935       0.01326310
     0.1000000       0.18422143       0.00778676
     0.2000000       0.11406526       0.00802761
     0.3000000       0.06024035       0.00532250
     0.4000000       0.03170760       0.00714432
     0.5000000       0.01939448       0.00841750
     0.6000000       0.01895733       0.00330309
     0.7000000       0.01708759       0.00427645
     0.8000000       0.00761935       0.00355307
     0.9000000       0.00429630       0.00517411
     1.0000000      -0.00336664       0.01068099
     1.1000000       0.01146569       0.00554339
     1.2000000       0.01357125       0.00785277
     1.3000000      -0.00079534       0.00690464
     1.4000000      -0.00729854       0.00932503
     1.5000000       0.00668541       0.00672655
     1.6000000       0.01591576       0.01352152
     1.7000000       0.01327819       0.01193544
     1.8000000       0.00921231       0.00883799
     1.9000000       0.00348068       0.00376078
     2.0000000      -0.00042984       0.00500109
     2.1000000       0.00568570       0.00601444
     2.2000000      -0.00520280       0.00331598
     2.3000000      -0.00195307       0.00406149
     2.4000000       0.00094672       0.00276718
     2.5000000      -0.00180430       0.00331465
     2.6000000       0.00092106       0.00343471
     2.7000000       0.00222827       0.00392471
     2.8000000       0.00495391       0.00433056
     2.9000000      -0.00137428       0.00363479
     3.0000000      -0.00299633       0.00423820
     3.1000000      -0.00681544       0.00521997
     3.2000000       0.00014135       0.00416638
     3.3000000       0.00199294       0.00499219
     3.4000000       0.00103908       0.00369953
     3.5000000      -0.00196089       0.00271716
     3.6000000      -0.00624560       0.00746771
     3.7000000       0.00065227       0.00362713
     3.8000000       0.00443813       0.00386456
     3.9000000      -0.00136741       0.00269928
     4.0000000       0.00769954       0.00359079
     4.1000000       0.00573543       0.00428910
     4.2000000       0.00022386       0.00494526
     4.3000000       0.00532303       0.00361236
     4.4000000       0.00618313       0.00458003
     4.5000000       0.01070351       0.00633223
     4.6000000       0.00120066       0.00461376
     4.7000000      -0.00265247       0.00698940
     4.8000000       0.00119009       0.00481104
     4.9000000       0.00430640       0.00406205
     5.0000000       0.01450811       0.00601504
     5.1000000       0.01127874       0.00288951
     5.2000000       0.00274296       0.00422455
     5.3000000       0.00898755       0.00409278
     5.4000000       0.01694267       0.00369686
     5.5000000       0.02191093       0.00801747
     5.6000000       0.03094039       0.00674554
     5.7000000       0.06461649       0.00397970
     5.8000000       0.09976077       0.00734054
     5.9000000       0.17376205       0.00884846
     6.0000000       0.29852935       0.01326310
