     0.0000000       0.70691392       0.00736859
     0.1000000       0.61851963       0.00810338
     0.2000000       0.55776505       0.00795319
     0.3000000       0.51722134       0.00681908
     0.4000000       0.49448725       0.00606709
     0.5000000       0.48717524       0.00567500
     0.6000000       0.49403329       0.00544738
     0.7000000       0.51624515       0.00559466
     0.8000000       0.55583653       0.00604311
     0.9000000       0.61696771       0.00667196
     1.0000000       0.70691392       0.00736859
