     0.0000000       0.83023842       0.00544260
     0.1000000       0.70451860       0.00558367
     0.2000000       0.62600274       0.00562361
     0.3000000       0.57758389       0.00542589
     0.4000000       0.55179091       0.00532480
     0.5000000       0.54421431       0.00532255
     0.6000000       0.55300009       0.00535829
     0.7000000       0.57952266       0.00547460
     0.8000000       0.62776954       0.00552121
     0.9000000       0.70572657       0.00543360
     1.0000000       0.83023842       0.00544260
