     0.0000000       0.27759294       0.00636198
     0.1000000       0.17257213       0.00409610
     0.2000000       0.11013933       0.00371721
     0.3000000       0.07435614       0.00323009
     0.4000000       0.04983733       0.00304458
     0.5000000       0.03421320       0.00286700
     0.6000000       0.02912283       0.00247419
     0.7000000       0.01871199       0.00273735
     0.8000000       0.01826890       0.00271206
     0.9000000       0.01192131       0.00273363
     1.0000000       0.01187956       0.00275294
     1.1000000       0.01043082       0.00237655
     1.2000000       0.00885645       0.00261216
     1.3000000       0.01161336       0.00260990
     1.4000000       0.00896612       0.00268301
     1.5000000       0.01132120       0.00285367
     1.6000000       0.00748044       0.00252595
     1.7000000       0.00766027       0.00272638
     1.8000000       0.00930763       0.00319013
     1.9000000       0.00957857       0.00262546
     2.0000000       0.00889215       0.00262973
     2.1000000       0.01006829       0.00287981
     2.2000000       0.01660551       0.00287582
     2.3000000       0.01902006       0.00276391
     2.4000000       0.02141903       0.00254370
     2.5000000       0.03055834       0.00293783
     2.6000000       0.04293754       0.00315804
     2.7000000       0.06909708       0.00272937
     2.8000000       0.10907384       0.00464608
     2.9000000       0.16469761       0.00443309
     3.0000000       0.27759294       0.00636198
