     0.0000000       0.28302883       0.00938904
     0.1000000       0.19871856       0.00970613
     0.2000000       0.14974238       0.00964988
     0.3000000       0.12291139       0.00912667
     0.4000000       0.10866638       0.00876921
     0.5000000       0.10350077       0.00861244
     0.6000000       0.10808236       0.00858043
     0.7000000       0.12333460       0.00863263
     0.8000000       0.15127298       0.00883496
     0.9000000       0.19966589       0.00913744
     1.0000000       0.28302883       0.00938904
