     0.0000000       0.54426423       0.00761311
     0.1000000       0.46971854       0.00703215
     0.2000000       0.41281212       0.00652752
     0.3000000       0.36809366       0.00594314
     0.4000000       0.33308037       0.00560480
     0.5000000       0.30573566       0.00569354
     0.6000000       0.28417225       0.00606826
     0.7000000       0.26714490       0.00667473
     0.8000000       0.25279290       0.00686247
     0.9000000       0.24023811       0.00630554
     1.0000000       0.23052869       0.00588988
     1.1000000       0.22307395       0.00552650
     1.2000000       0.21692751       0.00495913
     1.3000000       0.21240262       0.00473032
     1.4000000       0.21027277       0.00506830
     1.5000000       0.20986986       0.00520216
     1.6000000       0.21001669       0.00465426
     1.7000000       0.21182456       0.00412662
     1.8000000       0.21613174       0.00412803
     1.9000000       0.22237820       0.00444477
     2.0000000       0.23052339       0.00488018
     2.1000000       0.24053348       0.00523561
     2.2000000       0.25245111       0.00538232
     2.3000000       0.26716509       0.00557357
     2.4000000       0.28551882       0.00597053
     2.5000000       0.30854785       0.00673462
     2.6000000       0.33717530       0.00766881
     2.7000000       0.37225058       0.00826283
     2.8000000       0.41582442       0.00851678
     2.9000000       0.47131789       0.00829051
     3.0000000       0.54426423       0.00761311
