     0.0000000       0.48824691       0.00566293
     0.1000000       0.42883137       0.00526064
     0.2000000       0.38080626       0.00488913
     0.3000000       0.34133952       0.00448734
     0.4000000       0.30905499       0.00410482
     0.5000000       0.28253827       0.00382329
     0.6000000       0.26058168       0.00362564
     0.7000000       0.24277487       0.00349333
     0.8000000       0.22812594       0.00331916
     0.9000000       0.21592105       0.00310444
     1.0000000       0.20648832       0.00306621
     1.1000000       0.19917862       0.00306932
     1.2000000       0.19339955       0.00300795
     1.3000000       0.18906355       0.00297992
     1.4000000       0.18652674       0.00301716
     1.5000000       0.18576042       0.00301324
     1.6000000       0.18625009       0.00280786
     1.7000000       0.18850469       0.00266871
     1.8000000       0.19292891       0.00280880
     1.9000000       0.19928745       0.00312403
     2.0000000       0.20751695       0.00341777
     2.1000000       0.21767247       0.00357190
     2.2000000       0.22994269       0.00365487
     2.3000000       0.24494047       0.00382570
     2.4000000       0.26321472       0.00406199
     2.5000000       0.28539080       0.00450391
     2.6000000       0.31234722       0.00526158
     2.7000000       0.34470233       0.00591814
     2.8000000       0.38323601       0.00616613
     2.9000000       0.42999045       0.00602513
     3.0000000       0.48824691       0.00566293
