     0.0000000       0.26250183       0.01069461
     0.1000000       0.15941013       0.01045182
     0.2000000       0.09745695       0.01011462
     0.3000000       0.05903214       0.00984657
     0.4000000       0.03476448       0.00968418
     0.5000000       0.01873258       0.00969901
     0.6000000       0.00702541       0.00986913
     0.7000000       0.00054206       0.00996755
     0.8000000      -0.00127320       0.00983280
     0.9000000      -0.00206801       0.00935574
     1.0000000      -0.00298883       0.00882238
     1.1000000      -0.00396678       0.00841457
     1.2000000      -0.00415924       0.00801692
     1.3000000      -0.00306160       0.00774053
     1.4000000      -0.00323668       0.00768772
     1.5000000      -0.00547959       0.00785732
     1.6000000      -0.00715310       0.00795986
     1.7000000      -0.00661232       0.00792612
     1.8000000      -0.00425725       0.00785714
     1.9000000      -0.00109796       0.00779242
     2.0000000       0.00223974       0.00790357
     2.1000000       0.00511657       0.00818166
     2.2000000       0.00716377       0.00850656
     2.3000000       0.00954817       0.00880421
     2.4000000       0.01334112       0.00919007
     2.5000000       0.02084350       0.00982776
     2.6000000       0.03523829       0.01062209
     2.7000000       0.05910077       0.01095633
     2.8000000       0.09759269       0.01087576
     2.9000000       0.15920427       0.01080241
     3.0000000       0.26250183       0.01069461
