     0.0000000       0.42175863       0.03956100
     0.1000000       0.23508895       0.03745532
     0.2000000       0.14305971       0.03326944
     0.3000000       0.09682452       0.02927259
     0.4000000       0.07381644       0.02632771
     0.5000000       0.06511483       0.02609932
     0.6000000       0.06396338       0.02672568
     0.7000000       0.06476755       0.02607778
     0.8000000       0.06073668       0.02324063
     0.9000000       0.05031134       0.02010954
     1.0000000       0.04085759       0.01925968
     1.1000000       0.03758587       0.01908045
     1.2000000       0.04029340       0.01826780
     1.3000000       0.04691674       0.01827247
     1.4000000       0.05061329       0.01904110
     1.5000000       0.04607161       0.01724121
     1.6000000       0.03798947       0.01595256
     1.7000000       0.03165381       0.01543980
     1.8000000       0.02953854       0.01483092
     1.9000000       0.02716492       0.01458206
     2.0000000       0.02480187       0.01504664
     2.1000000       0.02575952       0.01571948
     2.2000000       0.02932196       0.01578173
     2.3000000       0.03087202       0.01608949
     2.4000000       0.03198840       0.01652504
     2.5000000       0.03313897       0.01691178
     2.6000000       0.03202907       0.01743015
     2.7000000       0.03135123       0.01768552
     2.8000000       0.03014870       0.01852328
     2.9000000       0.03004312       0.01943079
     3.0000000       0.03093385       0.02000705
     3.1000000       0.02880888       0.01999561
     3.2000000       0.02330051       0.02002674
     3.3000000       0.02265746       0.01992065
     3.4000000       0.02393483       0.02005914
     3.5000000       0.02335054       0.01988458
     3.6000000       0.02340163       0.01978491
     3.7000000       0.02744382       0.01971094
     3.8000000       0.03512951       0.01870003
     3.9000000       0.03849400       0.01921623
     4.0000000       0.03490552       0.02083813
     4.1000000       0.03048792       0.02146296
     4.2000000       0.02651398       0.02226042
     4.3000000       0.02186064       0.02368562
     4.4000000       0.01819152       0.02524141
     4.5000000       0.01316609       0.02671720
     4.6000000       0.00863081       0.02728187
     4.7000000       0.00680405       0.02843828
     4.8000000       0.00544422       0.03141339
     4.9000000       0.00683196       0.03438009
     5.0000000       0.01029299       0.03634762
     5.1000000       0.01251529       0.03848599
     5.2000000       0.01412806       0.04004912
     5.3000000       0.01987277       0.03929005
     5.4000000       0.03216328       0.03765207
     5.5000000       0.04846519       0.03641888
     5.6000000       0.06757552       0.03577033
     5.7000000       0.09837610       0.03498140
     5.8000000       0.14965531       0.03576947
     5.9000000       0.24130685       0.03815350
     6.0000000       0.42175863       0.03956100
