     0.0000000       0.28123345       0.00932474
     0.1000000       0.17060536       0.00676983
     0.2000000       0.11030142       0.00708494
     0.3000000       0.07656172       0.00454766
     0.4000000       0.06277661       0.00398543
     0.5000000       0.04297495       0.00590132
     0.6000000       0.03615018       0.00781420
     0.7000000       0.02881033       0.00784687
     0.8000000       0.02070903       0.00332935
     0.9000000       0.01417822       0.00218174
     1.0000000       0.00381264       0.00692813
     1.1000000       0.00409448       0.00346857
     1.2000000      -0.00189280       0.00930230
     1.3000000       0.00924545       0.00192778
     1.4000000       0.01620220       0.00590217
     1.5000000       0.01010763       0.00232400
     1.6000000       0.01562164       0.00540587
     1.7000000       0.01405958       0.00629419
     1.8000000       0.00969284       0.00236667
     1.9000000       0.00551917       0.00443733
     2.0000000       0.00932621       0.00542174
     2.1000000       0.01395476       0.00417938
     2.2000000       0.02359518       0.00339837
     2.3000000       0.02502811       0.00297587
     2.4000000       0.02168144       0.00424909
     2.5000000       0.03458220       0.00522590
     2.6000000       0.05654736       0.00650425
     2.7000000       0.07235625       0.00558167
     2.8000000       0.10730015       0.00729085
     2.9000000       0.18591655       0.00676610
     3.0000000       0.28123345       0.00932474
