     0.0000000       0.89330621       0.00911682
     0.1000000       0.72939200       0.00833635
     0.2000000       0.61523315       0.00768678
     0.3000000       0.53217274       0.00693451
     0.4000000       0.47035520       0.00627848
     0.5000000       0.42359349       0.00580921
     0.6000000       0.38754327       0.00541106
     0.7000000       0.35968420       0.00516362
     0.8000000       0.33739904       0.00495611
     0.9000000       0.31966142       0.00474746
     1.0000000       0.30676312       0.00481556
     1.1000000       0.29688817       0.00486417
     1.2000000       0.28934556       0.00488111
     1.3000000       0.28351048       0.00488866
     1.4000000       0.27998529       0.00490554
     1.5000000       0.27901630       0.00500435
     1.6000000       0.27988169       0.00499538
     1.7000000       0.28390462       0.00523775
     1.8000000       0.29063842       0.00569944
     1.9000000       0.29943547       0.00621097
     2.0000000       0.31074443       0.00663455
     2.1000000       0.32443046       0.00657513
     2.2000000       0.34172382       0.00648133
     2.3000000       0.36444974       0.00689335
     2.4000000       0.39347690       0.00761736
     2.5000000       0.43080208       0.00883372
     2.6000000       0.47801794       0.01016141
     2.7000000       0.53853853       0.01069383
     2.8000000       0.61912627       0.01051364
     2.9000000       0.73117118       0.00993202
     3.0000000       0.89330621       0.00911682
