     0.0000000       0.29658863       0.00717579
     0.1000000       0.19832413       0.00731337
     0.2000000       0.15597790       0.00731302
     0.3000000       0.11972516       0.00483347
     0.4000000       0.09856277       0.00308524
     0.5000000       0.08911869       0.00389706
     0.6000000       0.09805484       0.00250127
     0.7000000       0.11321295       0.00391705
     0.8000000       0.14416044       0.00272955
     0.9000000       0.19677035       0.00399844
     1.0000000       0.29658863       0.00717579
