     0.0000000       0.08417117       0.47398825
     0.1000000      -0.06544533       0.42902982
     0.2000000      -0.13587917       0.39945859
     0.3000000      -0.15810048       0.37097983
     0.4000000      -0.15270904       0.34477563
     0.5000000      -0.14276038       0.32578407
     0.6000000      -0.14078665       0.31390814
     0.7000000      -0.15141008       0.31388172
     0.8000000      -0.17184977       0.31866751
     0.9000000      -0.18931944       0.32200329
     1.0000000      -0.19528598       0.32400364
     1.1000000      -0.20272683       0.33065767
     1.2000000      -0.21728081       0.34263205
     1.3000000      -0.23259113       0.36096279
     1.4000000      -0.26195966       0.39055941
     1.5000000      -0.30635157       0.43678402
     1.6000000      -0.34510713       0.47864712
     1.7000000      -0.38774546       0.51444267
     1.8000000      -0.43913866       0.55593541
     1.9000000      -0.45579384       0.56735091
     2.0000000      -0.43729619       0.54994449
     2.1000000      -0.42803480       0.54159386
     2.2000000      -0.41325991       0.52436069
     2.3000000      -0.38726990       0.49037701
     2.4000000      -0.35362365       0.44500073
     2.5000000      -0.32455883       0.40851054
     2.6000000      -0.29841279       0.37797481
     2.7000000      -0.27639628       0.35252516
     2.8000000      -0.27538654       0.35564730
     2.9000000      -0.27435755       0.36776045
     3.0000000      -0.26887433       0.37696706
     3.1000000      -0.26372034       0.38671045
     3.2000000      -0.25942559       0.38786594
     3.3000000      -0.25683327       0.39035601
     3.4000000      -0.24997623       0.39684273
     3.5000000      -0.24001525       0.39708654
     3.6000000      -0.23620417       0.38978614
     3.7000000      -0.23914366       0.38667073
     3.8000000      -0.25504815       0.39874302
     3.9000000      -0.27635902       0.41739531
     4.0000000      -0.29092638       0.43076497
     4.1000000      -0.29942590       0.43386043
     4.2000000      -0.29044557       0.42550380
     4.3000000      -0.27034067       0.41295246
     4.4000000      -0.26097640       0.41068900
     4.5000000      -0.25609787       0.41703150
     4.6000000      -0.23967894       0.41772724
     4.7000000      -0.22174466       0.40844754
     4.8000000      -0.20835780       0.39477092
     4.9000000      -0.21125845       0.39317778
     5.0000000      -0.21348457       0.39264912
     5.1000000      -0.19196329       0.37168153
     5.2000000      -0.17906168       0.35938978
     5.3000000      -0.17631922       0.36116540
     5.4000000      -0.16573141       0.36727820
     5.5000000      -0.14464807       0.36374223
     5.6000000      -0.12890941       0.36316414
     5.7000000      -0.13861224       0.39630001
     5.8000000      -0.16361739       0.46005905
     5.9000000      -0.11930970       0.49589300
     6.0000000       0.08417117       0.47398825
