     0.0000000       0.86806172       0.08029204
     0.1000000       0.68930760       0.06443008
     0.2000000       0.56471347       0.05509176
     0.3000000       0.47168793       0.04829309
     0.4000000       0.39736864       0.04121746
     0.5000000       0.33795802       0.03532565
     0.6000000       0.29359467       0.03411289
     0.7000000       0.25426267       0.03103822
     0.8000000       0.21954051       0.02640980
     0.9000000       0.19215822       0.02486038
     1.0000000       0.16682773       0.02195125
     1.1000000       0.13970587       0.01402081
     1.2000000       0.11394662       0.00493307
     1.3000000       0.09344874       0.00480597
     1.4000000       0.07510025       0.01011726
     1.5000000       0.06054685       0.01298378
     1.6000000       0.05386448       0.00985768
     1.7000000       0.04994389       0.00660794
     1.8000000       0.04960616       0.00339422
     1.9000000       0.04890434       0.00454400
     2.0000000       0.04180466       0.00311855
     2.1000000       0.03378319       0.00563843
     2.2000000       0.02683609       0.00946815
     2.3000000       0.01872754       0.01512961
     2.4000000       0.01345560       0.01810260
     2.5000000       0.00865469       0.02118276
     2.6000000       0.00492794       0.02373653
     2.7000000       0.00174434       0.02527992
     2.8000000      -0.00349301       0.02892841
     2.9000000      -0.00809205       0.03220817
     3.0000000      -0.01177236       0.03516728
     3.1000000      -0.01175754       0.03550549
     3.2000000      -0.00839491       0.03275589
     3.3000000      -0.00098326       0.02578688
     3.4000000       0.00931560       0.01639171
     3.5000000       0.01977103       0.00786807
     3.6000000       0.02630705       0.00433568
     3.7000000       0.02927250       0.00381980
     3.8000000       0.03550030       0.00394202
     3.9000000       0.04068156       0.00481020
     4.0000000       0.04009662       0.00340957
     4.1000000       0.04100395       0.00634108
     4.2000000       0.04225147       0.01071248
     4.3000000       0.04913262       0.01095135
     4.4000000       0.06472974       0.00407305
     4.5000000       0.08126456       0.00577814
     4.6000000       0.09822058       0.01138263
     4.7000000       0.11328894       0.01394361
     4.8000000       0.12523286       0.01220979
     4.9000000       0.14270921       0.01325616
     5.0000000       0.16512789       0.01719780
     5.1000000       0.18941482       0.02007232
     5.2000000       0.21827302       0.02226594
     5.3000000       0.25141879       0.02420684
     5.4000000       0.29114299       0.02803668
     5.5000000       0.34012397       0.03384491
     5.6000000       0.39822477       0.03948549
     5.7000000       0.47434346       0.05106924
     5.8000000       0.57879314       0.07069566
     5.9000000       0.70933100       0.08503774
     6.0000000       0.86806172       0.08029204
