     0.0000000       0.20980080       0.01399761
     0.1000000       0.15095357       0.01232766
     0.2000000       0.10261266       0.00873438
     0.3000000       0.05245568       0.00808715
     0.4000000       0.03162397       0.00838191
     0.5000000       0.01763647       0.00777854
     0.6000000       0.00580659       0.01374321
     0.7000000       0.01512175       0.00699113
     0.8000000       0.01290400       0.00555017
     0.9000000       0.00400386       0.00394432
     1.0000000       0.00144653       0.00661350
     1.1000000       0.00093248       0.00492779
     1.2000000       0.01871310       0.02071028
     1.3000000       0.01763875       0.01588869
     1.4000000       0.01305014       0.00445207
     1.5000000      -0.00488319       0.00571829
     1.6000000       0.00058786       0.00497386
     1.7000000       0.00447013       0.00412583
     1.8000000       0.00962593       0.00938042
     1.9000000       0.00584353       0.00587236
     2.0000000       0.00701940       0.00527003
     2.1000000       0.00039253       0.00418359
     2.2000000       0.00199015       0.00742153
     2.3000000       0.01509658       0.01307235
     2.4000000       0.00102097       0.00837997
     2.5000000       0.00665744       0.00600656
     2.6000000      -0.00435491       0.00583679
     2.7000000      -0.00290192       0.00593452
     2.8000000      -0.00194438       0.00375201
     2.9000000       0.00321749       0.00469824
     3.0000000       0.00354922       0.00502374
     3.1000000       0.00112661       0.00373873
     3.2000000       0.00275566       0.00609189
     3.3000000       0.01294863       0.00935584
     3.4000000       0.00545467       0.00508703
     3.5000000       0.00529650       0.00824618
     3.6000000       0.00452119       0.00438763
     3.7000000       0.00729246       0.00483570
     3.8000000      -0.00293292       0.00626213
     3.9000000      -0.00010614       0.00634426
     4.0000000      -0.00269583       0.00679117
     4.1000000       0.00018356       0.00529949
     4.2000000      -0.00275274       0.00561991
     4.3000000      -0.00604769       0.00762891
     4.4000000      -0.00735959       0.00450906
     4.5000000       0.00291216       0.00784660
     4.6000000      -0.00143045       0.00404776
     4.7000000      -0.00275365       0.00573586
     4.8000000      -0.00398737       0.00950309
     4.9000000       0.00544185       0.00610449
     5.0000000       0.01178983       0.00501433
     5.1000000       0.00767372       0.00361539
     5.2000000       0.01635564       0.00911290
     5.3000000       0.01495052       0.00531548
     5.4000000       0.01578763       0.00481063
     5.5000000       0.01700401       0.00641052
     5.6000000       0.02839590       0.00634249
     5.7000000       0.04714377       0.00498478
     5.8000000       0.07606784       0.00970097
     5.9000000       0.13001518       0.01055602
     6.0000000       0.20980080       0.01399761
