     0.0000000       0.23239179       0.00745626
     0.1000000       0.17817975       0.00534416
     0.2000000       0.15306161       0.00696980
     0.3000000       0.12664856       0.00370909
     0.4000000       0.10828494       0.00410836
     0.5000000       0.10491395       0.00485903
     0.6000000       0.10915833       0.00263372
     0.7000000       0.12319024       0.00480600
     0.8000000       0.14184847       0.00328998
     0.9000000       0.17178466       0.00511423
     1.0000000       0.23239179       0.00745626
