     0.0000000       0.83123288       0.00570980
     0.1000000       0.70594690       0.00589187
     0.2000000       0.62748719       0.00588303
     0.3000000       0.57888743       0.00561509
     0.4000000       0.55297705       0.00547405
     0.5000000       0.54542248       0.00545870
     0.6000000       0.55428115       0.00548694
     0.7000000       0.58087729       0.00559155
     0.8000000       0.62902456       0.00567479
     0.9000000       0.70672215       0.00564101
     1.0000000       0.83123288       0.00570980
