     0.0000000       0.74832582       0.00316771
     0.1000000       0.65668992       0.00334848
     0.2000000       0.58404826       0.00356921
     0.3000000       0.52429089       0.00364403
     0.4000000       0.47127374       0.00353305
     0.5000000       0.42722731       0.00356112
     0.6000000       0.38826414       0.00373918
     0.7000000       0.35485211       0.00368296
     0.8000000       0.32267512       0.00336284
     0.9000000       0.29469652       0.00359058
     1.0000000       0.26837151       0.00369695
     1.1000000       0.24642858       0.00367835
     1.2000000       0.22617785       0.00376798
     1.3000000       0.20690244       0.00366435
     1.4000000       0.19031735       0.00370374
     1.5000000       0.17509937       0.00370023
     1.6000000       0.16364651       0.00352822
     1.7000000       0.14929009       0.00341133
     1.8000000       0.14063011       0.00357275
     1.9000000       0.12824636       0.00358666
     2.0000000       0.11976601       0.00349568
     2.1000000       0.11423193       0.00350095
     2.2000000       0.10842163       0.00348502
     2.3000000       0.10102328       0.00327525
     2.4000000       0.09572562       0.00334847
     2.5000000       0.09246713       0.00340221
     2.6000000       0.08804190       0.00327661
     2.7000000       0.08303158       0.00323399
     2.8000000       0.07686101       0.00312347
     2.9000000       0.07475734       0.00319370
     3.0000000       0.07020646       0.00330444
     3.1000000       0.06859625       0.00334989
     3.2000000       0.07053771       0.00336211
     3.3000000       0.06906395       0.00332468
     3.4000000       0.06416681       0.00344120
     3.5000000       0.06333690       0.00335887
     3.6000000       0.06312203       0.00337903
     3.7000000       0.06537186       0.00358554
     3.8000000       0.06652975       0.00358287
     3.9000000       0.06472868       0.00346551
     4.0000000       0.06589080       0.00354014
     4.1000000       0.06650885       0.00350604
     4.2000000       0.06629666       0.00355853
     4.3000000       0.06646606       0.00348759
     4.4000000       0.07183928       0.00350558
     4.5000000       0.07477344       0.00345020
     4.6000000       0.07700816       0.00317744
     4.7000000       0.07920883       0.00329693
     4.8000000       0.07995677       0.00325383
     4.9000000       0.08454376       0.00295405
     5.0000000       0.09029785       0.00283271
     5.1000000       0.09394432       0.00288511
     5.2000000       0.10077589       0.00307390
     5.3000000       0.11160855       0.00305222
     5.4000000       0.12475837       0.00330089
     5.5000000       0.13709129       0.00343062
     5.6000000       0.15076292       0.00349722
     5.7000000       0.16689823       0.00337501
     5.8000000       0.18932168       0.00323273
     5.9000000       0.21550614       0.00336899
     6.0000000       0.25167418       0.00316771
