     0.0000000       0.71208842       0.00714513
     0.1000000       0.62475838       0.00786709
     0.2000000       0.56604072       0.00776519
     0.3000000       0.52743436       0.00675102
     0.4000000       0.50596054       0.00606592
     0.5000000       0.49907287       0.00569408
     0.6000000       0.50553823       0.00549042
     0.7000000       0.52648880       0.00560269
     0.8000000       0.56418997       0.00596974
     0.9000000       0.62327705       0.00650920
     1.0000000       0.71208842       0.00714513
