     0.0000000       0.70186740       0.07664856
     0.1000000       0.57972035       0.06543026
     0.2000000       0.48866309       0.05583564
     0.3000000       0.42091157       0.04905162
     0.4000000       0.37211285       0.04663446
     0.5000000       0.33455274       0.04522260
     0.6000000       0.30220497       0.04164875
     0.7000000       0.27417907       0.03731506
     0.8000000       0.24895998       0.03172314
     0.9000000       0.22859046       0.02803444
     1.0000000       0.21241593       0.02626742
     1.1000000       0.19470847       0.02115806
     1.2000000       0.17770582       0.01488838
     1.3000000       0.16307192       0.00937308
     1.4000000       0.14938457       0.00490336
     1.5000000       0.13368540       0.00695736
     1.6000000       0.12038947       0.01312529
     1.7000000       0.11425874       0.01364295
     1.8000000       0.11744637       0.00602370
     1.9000000       0.12675713       0.01035240
     2.0000000       0.13035384       0.01776454
     2.1000000       0.12888711       0.02065399
     2.2000000       0.12844526       0.02404847
     2.3000000       0.12305417       0.02168164
     2.4000000       0.11140368       0.01236347
     2.5000000       0.09782686       0.00376600
     2.6000000       0.08279683       0.01538213
     2.7000000       0.07544955       0.02211529
     2.8000000       0.07744831       0.01971641
     2.9000000       0.08519499       0.01145962
     3.0000000       0.09404090       0.00397796
     3.1000000       0.10053081       0.00616817
     3.2000000       0.11157476       0.01578794
     3.3000000       0.12738455       0.02997563
     3.4000000       0.13970519       0.04072080
     3.5000000       0.14863310       0.04872716
     3.6000000       0.15155638       0.05045103
     3.7000000       0.14844526       0.04564301
     3.8000000       0.14583119       0.04133152
     3.9000000       0.14884235       0.04198292
     4.0000000       0.15459070       0.04332069
     4.1000000       0.15774165       0.04037887
     4.2000000       0.16153771       0.03801854
     4.3000000       0.17187388       0.04214267
     4.4000000       0.18395604       0.04800136
     4.5000000       0.19232833       0.04982416
     4.6000000       0.20018928       0.05046637
     4.7000000       0.20645739       0.04906321
     4.8000000       0.20919947       0.04366065
     4.9000000       0.21297194       0.03799499
     5.0000000       0.22395851       0.03765711
     5.1000000       0.23598431       0.03612588
     5.2000000       0.24406695       0.02814963
     5.3000000       0.25835913       0.02387138
     5.4000000       0.28775322       0.03083247
     5.5000000       0.32458760       0.03890334
     5.6000000       0.36964775       0.04675840
     5.7000000       0.43177613       0.06182210
     5.8000000       0.50936481       0.07841918
     5.9000000       0.59673630       0.08381408
     6.0000000       0.70186740       0.07664856
