     0.0000000       0.60248469       0.00603601
     0.1000000       0.50352706       0.00545356
     0.2000000       0.42710039       0.00496894
     0.3000000       0.36702725       0.00453415
     0.4000000       0.31977031       0.00418348
     0.5000000       0.28235955       0.00398549
     0.6000000       0.25252119       0.00390753
     0.7000000       0.22904363       0.00402695
     0.8000000       0.20993820       0.00411356
     0.9000000       0.19382159       0.00388243
     1.0000000       0.18114459       0.00365853
     1.1000000       0.17119510       0.00342261
     1.2000000       0.16314277       0.00304449
     1.3000000       0.15721379       0.00285982
     1.4000000       0.15421246       0.00308600
     1.5000000       0.15355981       0.00329471
     1.6000000       0.15429456       0.00319129
     1.7000000       0.15738351       0.00310628
     1.8000000       0.16321709       0.00328623
     1.9000000       0.17134356       0.00371442
     2.0000000       0.18171631       0.00405250
     2.1000000       0.19447500       0.00403691
     2.2000000       0.21001788       0.00385299
     2.3000000       0.22919219       0.00378290
     2.4000000       0.25330710       0.00385493
     2.5000000       0.28404769       0.00440135
     2.6000000       0.32283972       0.00551989
     2.7000000       0.37077273       0.00649525
     2.8000000       0.43008617       0.00686400
     2.9000000       0.50508988       0.00659809
     3.0000000       0.60248469       0.00603601
