     0.0000000       0.58276206       0.00383591
     0.1000000       0.53763696       0.00391468
     0.2000000       0.50509346       0.00391096
     0.3000000       0.48286213       0.00382898
     0.4000000       0.47014258       0.00377050
     0.5000000       0.46614439       0.00372893
     0.6000000       0.47047358       0.00371906
     0.7000000       0.48336781       0.00375215
     0.8000000       0.50537773       0.00378623
     0.9000000       0.53768204       0.00379281
     1.0000000       0.58276206       0.00383591
