     0.0000000       0.25666351       0.01450096
     0.1000000       0.14773971       0.01534760
     0.2000000       0.08462426       0.01468022
     0.3000000       0.04991375       0.01319443
     0.4000000       0.03269597       0.01133876
     0.5000000       0.02621556       0.01039376
     0.6000000       0.02325526       0.01063534
     0.7000000       0.01845245       0.00985115
     0.8000000       0.01409837       0.00839380
     0.9000000       0.01149984       0.00777420
     1.0000000       0.00797993       0.00773778
     1.1000000       0.00523501       0.00757461
     1.2000000       0.00230573       0.00792836
     1.3000000       0.00026256       0.00823325
     1.4000000       0.00161709       0.00725368
     1.5000000       0.00343277       0.00720250
     1.6000000       0.00357002       0.00812232
     1.7000000       0.00252183       0.00903213
     1.8000000      -0.00035778       0.01003708
     1.9000000      -0.00354533       0.01054583
     2.0000000      -0.00559733       0.00968295
     2.1000000      -0.00768995       0.00865963
     2.2000000      -0.00946264       0.00821888
     2.3000000      -0.00985758       0.00786320
     2.4000000      -0.00875511       0.00744833
     2.5000000      -0.00858847       0.00715363
     2.6000000      -0.00924373       0.00683613
     2.7000000      -0.01054286       0.00676995
     2.8000000      -0.01343608       0.00682500
     2.9000000      -0.01489705       0.00685688
     3.0000000      -0.01345264       0.00675674
     3.1000000      -0.01078862       0.00665418
     3.2000000      -0.00793243       0.00660262
     3.3000000      -0.00609179       0.00646331
     3.4000000      -0.00712697       0.00638035
     3.5000000      -0.00747407       0.00637957
     3.6000000      -0.00644948       0.00665537
     3.7000000      -0.00554760       0.00674674
     3.8000000      -0.00420813       0.00647035
     3.9000000      -0.00434864       0.00647556
     4.0000000      -0.00583351       0.00653458
     4.1000000      -0.00712269       0.00653486
     4.2000000      -0.00605584       0.00653447
     4.3000000      -0.00422357       0.00651002
     4.4000000      -0.00455357       0.00663275
     4.5000000      -0.00546524       0.00699670
     4.6000000      -0.00593135       0.00706534
     4.7000000      -0.00473212       0.00693326
     4.8000000      -0.00297552       0.00713005
     4.9000000      -0.00265766       0.00725542
     5.0000000      -0.00327159       0.00730189
     5.1000000      -0.00332328       0.00733231
     5.2000000      -0.00062485       0.00748242
     5.3000000       0.00497728       0.00740385
     5.4000000       0.01149737       0.00779344
     5.5000000       0.02038689       0.00921498
     5.6000000       0.03569990       0.01034705
     5.7000000       0.05817385       0.01095622
     5.8000000       0.09273528       0.01214870
     5.9000000       0.15263157       0.01332208
     6.0000000       0.25666351       0.01450096
