     0.0000000       0.73191524       0.00968215
     0.1000000       0.62044490       0.00901803
     0.2000000       0.53978038       0.00839231
     0.3000000       0.47936595       0.00781016
     0.4000000       0.43326105       0.00744378
     0.5000000       0.39762342       0.00729227
     0.6000000       0.36984373       0.00730524
     0.7000000       0.34831419       0.00761722
     0.8000000       0.33072209       0.00778380
     0.9000000       0.31559006       0.00731515
     1.0000000       0.30378910       0.00684897
     1.1000000       0.29480483       0.00647993
     1.2000000       0.28785031       0.00616604
     1.3000000       0.28278227       0.00605298
     1.4000000       0.28015296       0.00616333
     1.5000000       0.27976966       0.00636297
     1.6000000       0.28068628       0.00635596
     1.7000000       0.28382481       0.00649658
     1.8000000       0.28907426       0.00672290
     1.9000000       0.29596704       0.00680497
     2.0000000       0.30512261       0.00700561
     2.1000000       0.31633900       0.00695247
     2.2000000       0.33034110       0.00683292
     2.3000000       0.34871196       0.00723090
     2.4000000       0.37214521       0.00802304
     2.5000000       0.40169660       0.00917662
     2.6000000       0.43816587       0.01024891
     2.7000000       0.48358406       0.01069758
     2.8000000       0.54245699       0.01071845
     2.9000000       0.62163182       0.01035627
     3.0000000       0.73191524       0.00968215
