     0.0000000       0.27412236       0.01213806
     0.1000000       0.19084301       0.01272101
     0.2000000       0.14213199       0.01259727
     0.3000000       0.11533298       0.01173157
     0.4000000       0.10144240       0.01121769
     0.5000000       0.09620293       0.01093227
     0.6000000       0.09926435       0.01076597
     0.7000000       0.11314517       0.01083381
     0.8000000       0.14163404       0.01112725
     0.9000000       0.19043404       0.01160784
     1.0000000       0.27412236       0.01213806
