     0.0000000       3.49653868       0.48142167
     0.1000000       3.23538345       0.43533371
     0.2000000       3.04678026       0.40180756
     0.3000000       2.89808045       0.36877569
     0.4000000       2.78244353       0.34067663
     0.5000000       2.69742701       0.32168074
     0.6000000       2.63497628       0.31067925
     0.7000000       2.58901150       0.30943926
     0.8000000       2.55083700       0.30924540
     0.9000000       2.51520002       0.30664584
     1.0000000       2.48487982       0.30706642
     1.1000000       2.46160430       0.31289329
     1.2000000       2.44852374       0.32592854
     1.3000000       2.44430062       0.34553126
     1.4000000       2.44470951       0.36983275
     1.5000000       2.46816179       0.41499429
     1.6000000       2.50121634       0.46199951
     1.7000000       2.52727803       0.49671735
     1.8000000       2.55603308       0.53408212
     1.9000000       2.55951292       0.54435942
     2.0000000       2.53535565       0.52542852
     2.1000000       2.51811377       0.51278463
     2.2000000       2.49286397       0.49296943
     2.3000000       2.45275023       0.46185043
     2.4000000       2.40839017       0.42177094
     2.5000000       2.37379643       0.39015184
     2.6000000       2.34124339       0.36331720
     2.7000000       2.31667948       0.34072319
     2.8000000       2.32333462       0.34521619
     2.9000000       2.33697787       0.35847326
     3.0000000       2.34322650       0.36640836
     3.1000000       2.34673708       0.37242588
     3.2000000       2.34302428       0.37033492
     3.3000000       2.34573566       0.36978132
     3.4000000       2.36366864       0.37853362
     3.5000000       2.37834134       0.38267349
     3.6000000       2.38010555       0.37602969
     3.7000000       2.38783998       0.37947477
     3.8000000       2.40708494       0.39595762
     3.9000000       2.42558820       0.41195821
     4.0000000       2.44257529       0.42301908
     4.1000000       2.45216164       0.42249947
     4.2000000       2.45412603       0.41263460
     4.3000000       2.45935468       0.40257234
     4.4000000       2.47237413       0.40173290
     4.5000000       2.48931519       0.40804931
     4.6000000       2.50636323       0.41096079
     4.7000000       2.51382865       0.40087405
     4.8000000       2.51491810       0.38451418
     4.9000000       2.53919864       0.38369502
     5.0000000       2.57348723       0.38774027
     5.1000000       2.59012229       0.37255253
     5.2000000       2.61457956       0.36234283
     5.3000000       2.65102784       0.36359783
     5.4000000       2.69748393       0.37098771
     5.5000000       2.74573177       0.36901526
     5.6000000       2.81356605       0.37069564
     5.7000000       2.93372849       0.40790947
     5.8000000       3.11017107       0.47413120
     5.9000000       3.30106060       0.50766851
     6.0000000       3.49653868       0.48142167
