     0.0000000       0.23433663       0.00743536
     0.1000000       0.17955013       0.00584769
     0.2000000       0.15160704       0.00385604
     0.3000000       0.12720527       0.00271034
     0.4000000       0.11171178       0.00419875
     0.5000000       0.10798379       0.00483110
     0.6000000       0.11162150       0.00375073
     0.7000000       0.12416617       0.00512117
     0.8000000       0.14395362       0.00409590
     0.9000000       0.17542278       0.00587637
     1.0000000       0.23433663       0.00743536
