     0.0000000       0.50021258       0.00039772
     0.1000000       0.45718955       0.00062165
     0.2000000       0.42822803       0.00076845
     0.3000000       0.40988299       0.00088863
     0.4000000       0.39975018       0.00090705
     0.5000000       0.39690130       0.00090835
     0.6000000       0.40008396       0.00090378
     0.7000000       0.41105420       0.00082421
     0.8000000       0.42795930       0.00075321
     0.9000000       0.45714769       0.00059239
     1.0000000       0.49978742       0.00039772
