     0.0000000       0.11448853       0.00686246
     0.1000000       0.08128362       0.00699021
     0.2000000       0.05906331       0.00685099
     0.3000000       0.04367952       0.00657801
     0.4000000       0.03243931       0.00633767
     0.5000000       0.02434693       0.00622617
     0.6000000       0.01872521       0.00607362
     0.7000000       0.01455385       0.00592503
     0.8000000       0.01140864       0.00572189
     0.9000000       0.00867496       0.00559933
     1.0000000       0.00640884       0.00579865
     1.1000000       0.00484069       0.00583588
     1.2000000       0.00374177       0.00543890
     1.3000000       0.00381785       0.00444956
     1.4000000       0.00510941       0.00343210
     1.5000000       0.00592035       0.00324637
     1.6000000       0.00601573       0.00339336
     1.7000000       0.00583694       0.00360954
     1.8000000       0.00500606       0.00373235
     1.9000000       0.00414486       0.00391703
     2.0000000       0.00340322       0.00404604
     2.1000000       0.00268262       0.00406951
     2.2000000       0.00190679       0.00403885
     2.3000000       0.00141673       0.00387582
     2.4000000       0.00153746       0.00364396
     2.5000000       0.00187519       0.00357862
     2.6000000       0.00230824       0.00356541
     2.7000000       0.00293605       0.00349350
     2.8000000       0.00349894       0.00339622
     2.9000000       0.00360182       0.00328683
     3.0000000       0.00352090       0.00327471
     3.1000000       0.00334709       0.00338500
     3.2000000       0.00269795       0.00357473
     3.3000000       0.00181466       0.00372646
     3.4000000       0.00070898       0.00394457
     3.5000000      -0.00012410       0.00436466
     3.6000000       0.00013884       0.00465245
     3.7000000       0.00132590       0.00458841
     3.8000000       0.00211304       0.00456561
     3.9000000       0.00237392       0.00456718
     4.0000000       0.00286771       0.00437113
     4.1000000       0.00331930       0.00415889
     4.2000000       0.00385643       0.00402545
     4.3000000       0.00435328       0.00385475
     4.4000000       0.00472932       0.00369283
     4.5000000       0.00514754       0.00368929
     4.6000000       0.00531939       0.00382866
     4.7000000       0.00531915       0.00403614
     4.8000000       0.00531719       0.00438909
     4.9000000       0.00558946       0.00476930
     5.0000000       0.00601407       0.00493561
     5.1000000       0.00761323       0.00451802
     5.2000000       0.01049272       0.00409042
     5.3000000       0.01374961       0.00415192
     5.4000000       0.01811910       0.00440172
     5.5000000       0.02381075       0.00478043
     5.6000000       0.03199393       0.00506262
     5.7000000       0.04369025       0.00526213
     5.8000000       0.05929637       0.00589819
     5.9000000       0.08157631       0.00650913
     6.0000000       0.11448853       0.00686246
