     0.0000000       0.12115652       0.01841262
     0.1000000       0.10051950       0.00858591
     0.2000000       0.06329233       0.01406903
     0.3000000       0.05280581       0.00465578
     0.4000000       0.03767643       0.01018891
     0.5000000       0.03704800       0.00766158
     0.6000000       0.01174678       0.01583478
     0.7000000       0.01398561       0.01238375
     0.8000000       0.01933199       0.01068940
     0.9000000       0.00336908       0.00738356
     1.0000000       0.00759768       0.00583021
     1.1000000       0.00203675       0.00414728
     1.2000000       0.01047026       0.01415410
     1.3000000       0.01294865       0.00664242
     1.4000000      -0.00233812       0.01173076
     1.5000000       0.00846193       0.00751126
     1.6000000       0.00138993       0.00641241
     1.7000000      -0.00404043       0.01452698
     1.8000000       0.00449449       0.01484911
     1.9000000      -0.00398714       0.01063240
     2.0000000      -0.00686437       0.01278797
     2.1000000      -0.00933809       0.01569808
     2.2000000      -0.00280104       0.00733459
     2.3000000      -0.00076260       0.00521131
     2.4000000      -0.01022085       0.01506921
     2.5000000      -0.00708913       0.01161296
     2.6000000      -0.02065912       0.01746414
     2.7000000      -0.00920073       0.01160258
     2.8000000      -0.00801700       0.01166861
     2.9000000      -0.00066621       0.00387741
     3.0000000       0.00545795       0.00892965
     3.1000000       0.00572743       0.00395830
     3.2000000       0.01517826       0.01399692
     3.3000000       0.00745240       0.00693488
     3.4000000      -0.00388619       0.00471224
     3.5000000       0.00481559       0.00339089
     3.6000000       0.01204032       0.00610784
     3.7000000       0.01170714       0.01161553
     3.8000000       0.00607627       0.00400905
     3.9000000       0.01015655       0.00418346
     4.0000000       0.01535392       0.00746206
     4.1000000       0.01432983       0.00631477
     4.2000000       0.00993774       0.00660454
     4.3000000       0.01606624       0.01273943
     4.4000000       0.00972154       0.00666238
     4.5000000      -0.00399335       0.00460913
     4.6000000      -0.00372539       0.00657413
     4.7000000       0.00460188       0.00964875
     4.8000000       0.00716110       0.00470781
     4.9000000       0.00748197       0.00466220
     5.0000000      -0.00556824       0.00851946
     5.1000000       0.00377948       0.00687862
     5.2000000      -0.00214092       0.01205520
     5.3000000       0.00674242       0.01055374
     5.4000000       0.01540428       0.00546593
     5.5000000       0.01384568       0.00493979
     5.6000000       0.02266084       0.00745358
     5.7000000       0.02780941       0.01189623
     5.8000000       0.05389600       0.00823727
     5.9000000       0.09103636       0.00770794
     6.0000000       0.12115652       0.01841262
