     0.0000000       0.26224599       0.01928612
     0.1000000       0.15786260       0.00792377
     0.2000000       0.09395808       0.00707133
     0.3000000       0.05795549       0.00853858
     0.4000000       0.03697075       0.00884827
     0.5000000       0.02210094       0.01066949
     0.6000000       0.00670663       0.01445156
     0.7000000       0.00696689       0.00936482
     0.8000000       0.00251833       0.00686746
     0.9000000       0.00209668       0.00609461
     1.0000000      -0.00229394       0.00462390
     1.1000000       0.00696376       0.00476674
     1.2000000       0.00518688       0.00320508
     1.3000000       0.00352243       0.00556493
     1.4000000      -0.00197902       0.00872341
     1.5000000      -0.00106583       0.00502624
     1.6000000      -0.00185385       0.00732133
     1.7000000       0.00627974       0.00415725
     1.8000000       0.00362899       0.00519341
     1.9000000       0.01028149       0.00566221
     2.0000000       0.00941573       0.00332765
     2.1000000       0.00142744       0.00334670
     2.2000000      -0.00597892       0.00571474
     2.3000000       0.00246162       0.00483625
     2.4000000       0.00579590       0.00536264
     2.5000000      -0.00079319       0.00373613
     2.6000000       0.00303677       0.00419785
     2.7000000       0.00103116       0.00302479
     2.8000000      -0.00554862       0.00621300
     2.9000000       0.01230209       0.00702173
     3.0000000       0.00452614       0.00336799
     3.1000000       0.00509867       0.00379562
     3.2000000       0.00884834       0.00532383
     3.3000000       0.00759234       0.00723274
     3.4000000       0.00772014       0.00944398
     3.5000000       0.00060437       0.00342842
     3.6000000       0.00189865       0.00361643
     3.7000000       0.00212988       0.00309412
     3.8000000       0.00123755       0.00408086
     3.9000000      -0.00427337       0.00876564
     4.0000000       0.00427046       0.00298276
     4.1000000       0.00446267       0.00422046
     4.2000000       0.00379758       0.00554612
     4.3000000       0.00026004       0.00807779
     4.4000000      -0.00428784       0.00750358
     4.5000000       0.00036913       0.00414303
     4.6000000      -0.00194640       0.00472831
     4.7000000       0.00522280       0.00299942
     4.8000000      -0.00004926       0.00597255
     4.9000000      -0.00023300       0.00612428
     5.0000000      -0.01247002       0.01633781
     5.1000000      -0.00924823       0.01530890
     5.2000000      -0.00106298       0.01078088
     5.3000000       0.00901960       0.00524772
     5.4000000       0.00860099       0.01123729
     5.5000000       0.01270973       0.01133503
     5.6000000       0.02153965       0.01381539
     5.7000000       0.05012850       0.01076859
     5.8000000       0.07729297       0.01864620
     5.9000000       0.15332766       0.01028712
     6.0000000       0.26224599       0.01928612
