     0.0000000       0.26762358       0.02000645
     0.1000000       0.16361283       0.00469845
     0.2000000       0.09705778       0.00422782
     0.3000000       0.05986131       0.00643731
     0.4000000       0.03847707       0.00776052
     0.5000000       0.02283718       0.01141663
     0.6000000       0.00373710       0.01780997
     0.7000000       0.00710421       0.01045070
     0.8000000       0.00342845       0.00710168
     0.9000000       0.00554599       0.00972738
     1.0000000       0.00107236       0.00536761
     1.1000000       0.01586876       0.01079620
     1.2000000       0.01415255       0.00687651
     1.3000000       0.01123999       0.00421048
     1.4000000      -0.00032539       0.00731790
     1.5000000      -0.00260613       0.00479204
     1.6000000      -0.00543593       0.00812205
     1.7000000       0.00656168       0.00502418
     1.8000000       0.00312897       0.00569586
     1.9000000       0.01373823       0.00821223
     2.0000000       0.01302125       0.00584232
     2.1000000       0.00205164       0.00530543
     2.2000000      -0.00800875       0.00755341
     2.3000000       0.00550138       0.00830031
     2.4000000       0.01075308       0.00994787
     2.5000000       0.00023344       0.00397426
     2.6000000       0.00499277       0.00581247
     2.7000000       0.00082189       0.00338356
     2.8000000      -0.01009000       0.00931324
     2.9000000       0.01618304       0.00929923
     3.0000000       0.00408446       0.00386451
     3.1000000       0.00401859       0.00430263
     3.2000000       0.00917479       0.00573453
     3.3000000       0.00783475       0.00791154
     3.4000000       0.00924833       0.01206601
     3.5000000      -0.00131750       0.00354848
     3.6000000      -0.00019673       0.00487223
     3.7000000      -0.00042789       0.00333216
     3.8000000      -0.00147264       0.00495007
     3.9000000      -0.00816405       0.01098829
     4.0000000       0.00564959       0.00272445
     4.1000000       0.00580194       0.00377837
     4.2000000       0.00474817       0.00494136
     4.3000000      -0.00021269       0.00795254
     4.4000000      -0.00741137       0.00686044
     4.5000000      -0.00174751       0.00414570
     4.6000000      -0.00686976       0.00413556
     4.7000000       0.00296328       0.00563206
     4.8000000      -0.00523897       0.00564802
     4.9000000      -0.00539613       0.00608748
     5.0000000      -0.02340916       0.02187571
     5.1000000      -0.01783089       0.01995649
     5.2000000      -0.00548081       0.01278580
     5.3000000       0.00838206       0.00505861
     5.4000000       0.00592595       0.01291157
     5.5000000       0.00908543       0.01201080
     5.6000000       0.01664464       0.01527508
     5.7000000       0.04949994       0.00972027
     5.8000000       0.07276170       0.02055293
     5.9000000       0.15644972       0.00777656
     6.0000000       0.26762358       0.02000645
