     0.0000000       0.28358086       0.00824227
     0.1000000       0.19638178       0.00807708
     0.2000000       0.15377839       0.00470214
     0.3000000       0.12042054       0.00394588
     0.4000000       0.10140518       0.00357054
     0.5000000       0.09327055       0.00487308
     0.6000000       0.10136955       0.00399677
     0.7000000       0.11653449       0.00489571
     0.8000000       0.14633729       0.00464462
     0.9000000       0.19590093       0.00622838
     1.0000000       0.28358086       0.00824227
