     0.0000000       0.26209363       0.01067799
     0.1000000       0.18768226       0.01125080
     0.2000000       0.14235820       0.01116052
     0.3000000       0.11616175       0.01038352
     0.4000000       0.10270499       0.00973425
     0.5000000       0.09934799       0.00938376
     0.6000000       0.10429471       0.00934593
     0.7000000       0.11877867       0.00942975
     0.8000000       0.14533488       0.00963016
     0.9000000       0.18954269       0.01009099
     1.0000000       0.26209363       0.01067799
