     0.0000000       0.27495702       0.00945714
     0.1000000       0.19063279       0.00970475
     0.2000000       0.14033029       0.00955155
     0.3000000       0.11154970       0.00898771
     0.4000000       0.09654603       0.00867934
     0.5000000       0.09190004       0.00852875
     0.6000000       0.09752034       0.00846492
     0.7000000       0.11363319       0.00855510
     0.8000000       0.14274944       0.00875342
     0.9000000       0.19162765       0.00910495
     1.0000000       0.27495702       0.00945714
