     0.0000000       0.10728698       0.00966471
     0.1000000       0.08558046       0.00893166
     0.2000000       0.06552782       0.00881555
     0.3000000       0.04759345       0.00429643
     0.4000000       0.03567141       0.00372403
     0.5000000       0.02798432       0.00556109
     0.6000000       0.01865160       0.00446756
     0.7000000       0.02362059       0.00552728
     0.8000000       0.02008837       0.00532728
     0.9000000       0.00686059       0.00376540
     1.0000000       0.00330809       0.00929614
     1.1000000      -0.00394775       0.00954611
     1.2000000       0.01419727       0.00837406
     1.3000000       0.01526463       0.00677323
     1.4000000       0.00379558       0.00756896
     1.5000000      -0.00071040       0.00618788
     1.6000000       0.00762822       0.00572830
     1.7000000       0.00885157       0.00446063
     1.8000000       0.01624163       0.00755348
     1.9000000       0.00452341       0.00704759
     2.0000000       0.00617942       0.00544097
     2.1000000       0.00241770       0.00344082
     2.2000000       0.00322621       0.00487866
     2.3000000       0.01452513       0.00700745
     2.4000000       0.01005335       0.00368792
     2.5000000       0.00468491       0.00450907
     2.6000000       0.00317921       0.00426855
     2.7000000      -0.00329616       0.00419553
     2.8000000      -0.00072544       0.00406626
     2.9000000      -0.00559760       0.00348992
     3.0000000      -0.00961420       0.00584718
     3.1000000      -0.00097708       0.00422838
     3.2000000      -0.00199543       0.00345590
     3.3000000      -0.00057433       0.00683155
     3.4000000      -0.00013606       0.00608902
     3.5000000       0.00211723       0.00337033
     3.6000000      -0.00174899       0.00568554
     3.7000000       0.00231557       0.00539664
     3.8000000       0.00407761       0.00420046
     3.9000000       0.00384379       0.00343308
     4.0000000       0.00556327       0.00329701
     4.1000000      -0.00301582       0.00349712
     4.2000000      -0.00243707       0.00397244
     4.3000000       0.00324234       0.00460471
     4.4000000       0.00051217       0.00459935
     4.5000000       0.00979239       0.00390657
     4.6000000       0.01047745       0.00311632
     4.7000000       0.00974906       0.00357564
     4.8000000       0.01035400       0.00374287
     4.9000000       0.00557449       0.00872284
     5.0000000       0.00772858       0.00497939
     5.1000000      -0.00211772       0.00680091
     5.2000000       0.00396952       0.00548795
     5.3000000       0.01802623       0.00876818
     5.4000000       0.01965615       0.00488724
     5.5000000       0.01634034       0.00654487
     5.6000000       0.02604431       0.00591276
     5.7000000       0.03496700       0.00433551
     5.8000000       0.04920240       0.00545486
     5.9000000       0.07181462       0.00876410
     6.0000000       0.10728698       0.00966471
