     0.0000000       0.21313666       0.04971833
     0.1000000       0.12851074       0.02478479
     0.2000000       0.06264944       0.02588329
     0.3000000       0.02297892       0.03202225
     0.4000000       0.02642546       0.01173567
     0.5000000      -0.00015661       0.02210369
     0.6000000       0.01365109       0.00373878
     0.7000000      -0.01230370       0.02372905
     0.8000000      -0.01026956       0.02148143
     0.9000000      -0.00689524       0.01355043
     1.0000000      -0.00476210       0.01061497
     1.1000000       0.00508636       0.00348376
     1.2000000       0.00756899       0.00437288
     1.3000000       0.01492544       0.00950520
     1.4000000       0.01982260       0.01758124
     1.5000000       0.01507263       0.01451510
     1.6000000       0.03203806       0.02949598
     1.7000000      -0.00930327       0.01182576
     1.8000000      -0.00930965       0.00888581
     1.9000000      -0.01992710       0.02045571
     2.0000000      -0.01244191       0.01240126
     2.1000000      -0.02043673       0.01882257
     2.2000000       0.00168489       0.00604814
     2.3000000       0.00871500       0.00933277
     2.4000000       0.02188457       0.01917740
     2.5000000       0.00456911       0.00337800
     2.6000000      -0.00877773       0.01308263
     2.7000000      -0.01734669       0.01895504
     2.8000000       0.00439668       0.00257815
     2.9000000       0.00973975       0.00931340
     3.0000000       0.01079606       0.01420050
     3.1000000       0.00247183       0.00485916
     3.2000000       0.00441413       0.00413089
     3.3000000      -0.01352378       0.01214358
     3.4000000      -0.00484254       0.00752294
     3.5000000      -0.02002076       0.01845506
     3.6000000      -0.03281274       0.03504078
     3.7000000      -0.03331870       0.03285223
     3.8000000      -0.03815183       0.03731424
     3.9000000      -0.02202294       0.02478232
     4.0000000      -0.00532181       0.01107653
     4.1000000      -0.00366391       0.00872047
     4.2000000       0.00195753       0.00614895
     4.3000000      -0.00931263       0.01468383
     4.4000000      -0.00753382       0.01336110
     4.5000000       0.02625125       0.02139367
     4.6000000       0.00455575       0.00464686
     4.7000000      -0.00103155       0.01000100
     4.8000000      -0.01061100       0.01614616
     4.9000000       0.00812341       0.00501027
     5.0000000       0.00379087       0.00433414
     5.1000000      -0.01232276       0.01711409
     5.2000000      -0.02685204       0.03588277
     5.3000000      -0.01444925       0.02593019
     5.4000000      -0.01477884       0.03139962
     5.5000000       0.01045945       0.01390774
     5.6000000       0.01196500       0.02687752
     5.7000000       0.03044643       0.02427474
     5.8000000       0.08739090       0.01017319
     5.9000000       0.13537260       0.01928805
     6.0000000       0.21313666       0.04971833
