     0.0000000       0.33292465       0.01998058
     0.1000000       0.19882984       0.01824542
     0.2000000       0.12370221       0.01641454
     0.3000000       0.07949335       0.01481426
     0.4000000       0.05360035       0.01335665
     0.5000000       0.03679123       0.01223493
     0.6000000       0.02415685       0.01180899
     0.7000000       0.01656501       0.01140001
     0.8000000       0.01352493       0.01074156
     0.9000000       0.01305728       0.00996394
     1.0000000       0.01288967       0.00959175
     1.1000000       0.01148819       0.00975800
     1.2000000       0.01016110       0.01013495
     1.3000000       0.01021112       0.01009109
     1.4000000       0.01045984       0.00982333
     1.5000000       0.01080254       0.00975739
     1.6000000       0.01162142       0.00983646
     1.7000000       0.01286397       0.01006261
     1.8000000       0.01384111       0.01037103
     1.9000000       0.01466399       0.01071901
     2.0000000       0.01413923       0.01124826
     2.1000000       0.01206216       0.01170716
     2.2000000       0.01166963       0.01234242
     2.3000000       0.01438060       0.01375507
     2.4000000       0.01951628       0.01547896
     2.5000000       0.02915526       0.01732186
     2.6000000       0.04570892       0.01957052
     2.7000000       0.07110680       0.02130090
     2.8000000       0.11462155       0.02180275
     2.9000000       0.19345594       0.02133617
     3.0000000       0.33292465       0.01998058
