     0.0000000       0.27906585       0.00877823
     0.1000000       0.19655711       0.00889245
     0.2000000       0.14735667       0.00889265
     0.3000000       0.11988703       0.00873767
     0.4000000       0.10591283       0.00860645
     0.5000000       0.10104839       0.00851846
     0.6000000       0.10538087       0.00843926
     0.7000000       0.11915686       0.00843522
     0.8000000       0.14651060       0.00851356
     0.9000000       0.19569501       0.00863786
     1.0000000       0.27906585       0.00877823
