     0.0000000       0.18660880       0.02869053
     0.1000000       0.14680921       0.01098610
     0.2000000       0.10266407       0.01565065
     0.3000000       0.06731232       0.00528811
     0.4000000       0.02972091       0.00667620
     0.5000000       0.02054267       0.00760380
     0.6000000       0.01044363       0.00893939
     0.7000000       0.01241438       0.00438829
     0.8000000       0.00608995       0.00721883
     0.9000000      -0.00381732       0.01629627
     1.0000000      -0.00594643       0.01534385
     1.1000000      -0.01825882       0.02474626
     1.2000000       0.01102274       0.00832520
     1.3000000       0.00707332       0.00654982
     1.4000000      -0.01785958       0.01614146
     1.5000000       0.01497263       0.01927728
     1.6000000       0.01938201       0.01881716
     1.7000000       0.00926239       0.00925821
     1.8000000       0.00318002       0.00620653
     1.9000000      -0.00219396       0.00506399
     2.0000000       0.00101632       0.00743048
     2.1000000       0.00779810       0.00762048
     2.2000000      -0.00428373       0.01033367
     2.3000000      -0.00556461       0.00373111
     2.4000000       0.00895592       0.00858364
     2.5000000       0.02314855       0.01812668
     2.6000000      -0.00175844       0.00556231
     2.7000000      -0.00574097       0.00558207
     2.8000000      -0.00561895       0.00517826
     2.9000000      -0.00363398       0.00745817
     3.0000000      -0.00547411       0.00602818
     3.1000000       0.01358990       0.00955783
     3.2000000       0.00351860       0.00747582
     3.3000000       0.00862487       0.00718826
     3.4000000       0.00215303       0.00704400
     3.5000000      -0.00263564       0.00434117
     3.6000000      -0.00340604       0.00620191
     3.7000000       0.00728368       0.01003804
     3.8000000       0.01355526       0.00752070
     3.9000000      -0.00444822       0.00756315
     4.0000000       0.00226700       0.00299182
     4.1000000       0.00267144       0.00641750
     4.2000000      -0.00571140       0.00724227
     4.3000000      -0.01431813       0.01384939
     4.4000000      -0.01936036       0.01870693
     4.5000000      -0.00324981       0.00618534
     4.6000000      -0.00145810       0.00537917
     4.7000000       0.00114500       0.00433120
     4.8000000      -0.00293130       0.00729713
     4.9000000      -0.01734722       0.02340122
     5.0000000      -0.02528076       0.03154804
     5.1000000      -0.02494431       0.03240968
     5.2000000       0.00561402       0.00663794
     5.3000000       0.01116540       0.00656846
     5.4000000       0.00359404       0.01402736
     5.5000000       0.00974763       0.01292791
     5.6000000       0.01312630       0.02301451
     5.7000000       0.04139152       0.01611225
     5.8000000       0.05614145       0.02549711
     5.9000000       0.10557524       0.02577376
     6.0000000       0.18660880       0.02869053
