     0.0000000       0.40697575       0.00737439
     0.1000000       0.24494494       0.00699839
     0.2000000       0.16651460       0.00551452
     0.3000000       0.12359522       0.00569549
     0.4000000       0.10108723       0.00586717
     0.5000000       0.09265747       0.00650544
     0.6000000       0.10416423       0.00575646
     0.7000000       0.12138266       0.00624234
     0.8000000       0.16814185       0.00617122
     0.9000000       0.24598642       0.00622043
     1.0000000       0.40697575       0.00737439
