     0.0000000       0.19142271       0.02121394
     0.1000000       0.14071950       0.00650393
     0.2000000       0.09671096       0.00900774
     0.3000000       0.06443519       0.00357177
     0.4000000       0.03365318       0.00628441
     0.5000000       0.02327532       0.00675286
     0.6000000       0.01353822       0.00733139
     0.7000000       0.01305921       0.00408997
     0.8000000       0.00765304       0.00576717
     0.9000000      -0.00007700       0.01221110
     1.0000000      -0.00272980       0.01231030
     1.1000000      -0.01177998       0.01894927
     1.2000000       0.00753710       0.00429370
     1.3000000       0.00521485       0.00436746
     1.4000000      -0.01129237       0.01194304
     1.5000000       0.01032312       0.01210953
     1.6000000       0.01330534       0.01199883
     1.7000000       0.00716262       0.00621586
     1.8000000       0.00379864       0.00455946
     1.9000000       0.00047592       0.00369717
     2.0000000       0.00267174       0.00512884
     2.1000000       0.00705459       0.00517758
     2.2000000      -0.00128639       0.00714653
     2.3000000      -0.00230106       0.00281425
     2.4000000       0.00732518       0.00573826
     2.5000000       0.01663699       0.01190246
     2.6000000       0.00001394       0.00384686
     2.7000000      -0.00246595       0.00415802
     2.8000000      -0.00221416       0.00381277
     2.9000000      -0.00102333       0.00544999
     3.0000000      -0.00279039       0.00468583
     3.1000000       0.00930104       0.00605996
     3.2000000       0.00207360       0.00481642
     3.3000000       0.00517374       0.00462052
     3.4000000       0.00049482       0.00528487
     3.5000000      -0.00330826       0.00363816
     3.6000000      -0.00438380       0.00489864
     3.7000000       0.00234275       0.00673414
     3.8000000       0.00656611       0.00503450
     3.9000000      -0.00531631       0.00568393
     4.0000000      -0.00063942       0.00251762
     4.1000000       0.00002534       0.00478769
     4.2000000      -0.00539016       0.00541104
     4.3000000      -0.01108185       0.00996166
     4.4000000      -0.01445831       0.01325125
     4.5000000      -0.00348202       0.00483538
     4.6000000      -0.00141952       0.00397641
     4.7000000       0.00140472       0.00331481
     4.8000000      -0.00059528       0.00494764
     4.9000000      -0.00960041       0.01535724
     5.0000000      -0.01393738       0.02076976
     5.1000000      -0.01268545       0.02154325
     5.2000000       0.00873988       0.00481831
     5.3000000       0.01390085       0.00483417
     5.4000000       0.01058679       0.00954546
     5.5000000       0.01702086       0.00915639
     5.6000000       0.02321142       0.01586344
     5.7000000       0.04804385       0.01159371
     5.8000000       0.06716876       0.01807643
     5.9000000       0.11466532       0.01871643
     6.0000000       0.19142271       0.02121394
