     0.0000000       0.41849757       0.15960761
     0.1000000       0.23866225       0.13237160
     0.2000000       0.14336283       0.12632701
     0.3000000       0.10192960       0.11728121
     0.4000000       0.04757510       0.13055019
     0.5000000       0.01763865       0.13245285
     0.6000000      -0.00394250       0.14437918
     0.7000000      -0.02058161       0.16044513
     0.8000000      -0.00832854       0.14837601
     0.9000000       0.00008490       0.14249504
     1.0000000      -0.02061850       0.15792286
     1.1000000      -0.02170457       0.15489747
     1.2000000      -0.04536843       0.16360830
     1.3000000      -0.03913094       0.16085617
     1.4000000      -0.05734702       0.18091716
     1.5000000      -0.02997589       0.16289415
     1.6000000      -0.01334955       0.15299633
     1.7000000       0.00278334       0.14171503
     1.8000000       0.01077968       0.13551770
     1.9000000       0.01587768       0.12893786
     2.0000000       0.01481317       0.12687751
     2.1000000       0.01283713       0.12896378
     2.2000000       0.00924688       0.12972555
     2.3000000       0.02814285       0.12196457
     2.4000000       0.02807907       0.12249411
     2.5000000       0.03031969       0.12258093
     2.6000000       0.05123341       0.11543157
     2.7000000       0.04657372       0.11924895
     2.8000000       0.05391022       0.11449094
     2.9000000       0.07147558       0.10176707
     3.0000000       0.06664876       0.10009815
     3.1000000       0.05861135       0.10657290
     3.2000000       0.06853090       0.10475424
     3.3000000       0.07707700       0.10081092
     3.4000000       0.06920862       0.10362735
     3.5000000       0.06090943       0.11017952
     3.6000000       0.07567413       0.10339366
     3.7000000       0.09512364       0.09357298
     3.8000000       0.09977700       0.09098843
     3.9000000       0.08660993       0.09795442
     4.0000000       0.08972611       0.09456829
     4.1000000       0.08105840       0.09468472
     4.2000000       0.07131963       0.09930705
     4.3000000       0.07219957       0.10257451
     4.4000000       0.07331395       0.10121580
     4.5000000       0.07238194       0.10085435
     4.6000000       0.05865264       0.11185789
     4.7000000       0.06436936       0.11392088
     4.8000000       0.05988275       0.11870609
     4.9000000       0.05592686       0.12156561
     5.0000000       0.05253024       0.12691667
     5.1000000       0.04809595       0.12940644
     5.2000000       0.02505974       0.14623438
     5.3000000       0.04002328       0.13438449
     5.4000000       0.04345743       0.13525621
     5.5000000       0.03306410       0.14521296
     5.6000000       0.05041633       0.13816878
     5.7000000       0.09551773       0.12695354
     5.8000000       0.13741464       0.13923328
     5.9000000       0.23500927       0.14182984
     6.0000000       0.41849757       0.15960761
