     0.0000000       0.31279292       0.02332044
     0.1000000       0.17028834       0.02592404
     0.2000000       0.09428586       0.02415520
     0.3000000       0.05155545       0.02159391
     0.4000000       0.02644237       0.01975113
     0.5000000       0.00908605       0.02067998
     0.6000000      -0.00438230       0.02344430
     0.7000000      -0.01453675       0.02627140
     0.8000000      -0.02265238       0.02917748
     0.9000000      -0.02766680       0.03212196
     1.0000000      -0.02977773       0.03617489
     1.1000000      -0.03222516       0.04123414
     1.2000000      -0.03487330       0.04505103
     1.3000000      -0.03511337       0.04625804
     1.4000000      -0.03091177       0.04285704
     1.5000000      -0.02104821       0.03366302
     1.6000000      -0.01045530       0.02301949
     1.7000000      -0.00508847       0.01563158
     1.8000000      -0.00283364       0.01042216
     1.9000000      -0.00309694       0.00761648
     2.0000000      -0.00548036       0.00729765
     2.1000000      -0.00738387       0.00780847
     2.2000000      -0.00803616       0.00807365
     2.3000000      -0.00644156       0.00789460
     2.4000000      -0.00333430       0.00711883
     2.5000000      -0.00046800       0.00652424
     2.6000000       0.00245947       0.00664455
     2.7000000       0.00216659       0.00715134
     2.8000000      -0.00017296       0.00764841
     2.9000000      -0.00255078       0.00814571
     3.0000000      -0.00543296       0.00848199
     3.1000000      -0.00526262       0.00848541
     3.2000000      -0.00263485       0.00854172
     3.3000000      -0.00140635       0.00822611
     3.4000000      -0.00089648       0.00802558
     3.5000000       0.00046306       0.00833260
     3.6000000       0.00134250       0.00842942
     3.7000000       0.00017672       0.00783254
     3.8000000      -0.00133368       0.00732910
     3.9000000      -0.00295110       0.00753465
     4.0000000      -0.00375224       0.00757842
     4.1000000      -0.00137988       0.00740283
     4.2000000       0.00250341       0.00774382
     4.3000000       0.00432052       0.00817962
     4.4000000       0.00363438       0.00874550
     4.5000000       0.00211054       0.00854145
     4.6000000       0.00065552       0.00777285
     4.7000000       0.00071495       0.00776539
     4.8000000       0.00067565       0.00871868
     4.9000000      -0.00037925       0.01045986
     5.0000000      -0.00132117       0.01199153
     5.1000000      -0.00101328       0.01360315
     5.2000000       0.00035519       0.01456570
     5.3000000       0.00369427       0.01407183
     5.4000000       0.00961440       0.01385509
     5.5000000       0.01931480       0.01432295
     5.6000000       0.03612249       0.01390688
     5.7000000       0.06211047       0.01327397
     5.8000000       0.10388579       0.01480202
     5.9000000       0.17818418       0.01818979
     6.0000000       0.31279292       0.02332044
