     0.0000000       0.33023540       0.00349781
     0.1000000       0.31210513       0.00332245
     0.2000000       0.29671926       0.00320045
     0.3000000       0.28355025       0.00310203
     0.4000000       0.27228280       0.00305945
     0.5000000       0.26264789       0.00307284
     0.6000000       0.25440447       0.00311292
     0.7000000       0.24743470       0.00318968
     0.8000000       0.24130477       0.00316181
     0.9000000       0.23586391       0.00303491
     1.0000000       0.23134595       0.00295072
     1.1000000       0.22765359       0.00287342
     1.2000000       0.22470869       0.00277790
     1.3000000       0.22267597       0.00270637
     1.4000000       0.22157590       0.00268391
     1.5000000       0.22131980       0.00271473
     1.6000000       0.22184494       0.00276950
     1.7000000       0.22317277       0.00284287
     1.8000000       0.22525622       0.00290454
     1.9000000       0.22793543       0.00289800
     2.0000000       0.23145597       0.00293795
     2.1000000       0.23587880       0.00300564
     2.2000000       0.24118901       0.00307453
     2.3000000       0.24764135       0.00321108
     2.4000000       0.25528321       0.00340195
     2.5000000       0.26405859       0.00362128
     2.6000000       0.27384138       0.00371579
     2.7000000       0.28490947       0.00367754
     2.8000000       0.29774003       0.00365979
     2.9000000       0.31268718       0.00363039
     3.0000000       0.33023540       0.00349781
