     0.0000000       0.23886657       0.00949461
     0.1000000       0.18229363       0.00975468
     0.2000000       0.14763638       0.00957243
     0.3000000       0.12783574       0.00907227
     0.4000000       0.11730161       0.00876851
     0.5000000       0.11382663       0.00866136
     0.6000000       0.11734139       0.00866239
     0.7000000       0.12827319       0.00874916
     0.8000000       0.14899664       0.00891552
     0.9000000       0.18363341       0.00917711
     1.0000000       0.23886657       0.00949461
