     0.0000000       0.27881373       0.00999064
     0.1000000       0.17140778       0.00731610
     0.2000000       0.11814814       0.00498519
     0.3000000       0.07898399       0.00430498
     0.4000000       0.05512376       0.00412131
     0.5000000       0.03578634       0.00482040
     0.6000000       0.02442344       0.00456328
     0.7000000       0.01951156       0.00434846
     0.8000000       0.01050505       0.00613035
     0.9000000       0.01321414       0.00390075
     1.0000000       0.00960443       0.00349667
     1.1000000       0.00450485       0.00470426
     1.2000000       0.00333553       0.00478584
     1.3000000       0.00564404       0.00341083
     1.4000000       0.00954715       0.00293728
     1.5000000       0.00467049       0.00429893
     1.6000000       0.00873168       0.00319924
     1.7000000       0.00997669       0.00398167
     1.8000000       0.00297750       0.00566810
     1.9000000       0.00832197       0.00370547
     2.0000000       0.00860232       0.00412403
     2.1000000       0.00816344       0.00410388
     2.2000000       0.01351032       0.00577385
     2.3000000       0.01556490       0.00591777
     2.4000000       0.01461655       0.00817183
     2.5000000       0.02886645       0.00564515
     2.6000000       0.04563138       0.00486134
     2.7000000       0.06627156       0.00876294
     2.8000000       0.10878826       0.00847433
     2.9000000       0.17611232       0.00991640
     3.0000000       0.27881373       0.00999064
