     0.0000000       0.27359329       0.00728554
     0.1000000       0.19052255       0.00637088
     0.2000000       0.15064206       0.00270475
     0.3000000       0.12092322       0.00156379
     0.4000000       0.10342575       0.00312324
     0.5000000       0.09828307       0.00402952
     0.6000000       0.10370582       0.00255198
     0.7000000       0.11807907       0.00411776
     0.8000000       0.14371149       0.00316893
     0.9000000       0.18805959       0.00522770
     1.0000000       0.27359329       0.00728554
