     0.0000000       0.31671786       0.00741154
     0.1000000       0.20585183       0.00596269
     0.2000000       0.15465751       0.00568233
     0.3000000       0.11665662       0.00304814
     0.4000000       0.09392448       0.00363659
     0.5000000       0.08878672       0.00436972
     0.6000000       0.09544386       0.00222052
     0.7000000       0.11380725       0.00447988
     0.8000000       0.14575810       0.00293413
     0.9000000       0.20201782       0.00474186
     1.0000000       0.31671786       0.00741154
