     0.0000000       0.16163603       0.00635165
     0.1000000       0.15029569       0.00483015
     0.2000000       0.14825329       0.00551873
     0.3000000       0.13844113       0.00334597
     0.4000000       0.12992508       0.00351411
     0.5000000       0.12822763       0.00429570
     0.6000000       0.12953648       0.00325569
     0.7000000       0.13486239       0.00443871
     0.8000000       0.13865819       0.00352250
     0.9000000       0.14472371       0.00505012
     1.0000000       0.16163603       0.00635165
