     0.0000000       0.35820691       0.00905009
     0.1000000       0.22084144       0.00845791
     0.2000000       0.15690882       0.00426778
     0.3000000       0.11728346       0.00393233
     0.4000000       0.09533706       0.00491319
     0.5000000       0.08860353       0.00547412
     0.6000000       0.09625732       0.00462157
     0.7000000       0.11449821       0.00541374
     0.8000000       0.15066852       0.00501431
     0.9000000       0.21932320       0.00683423
     1.0000000       0.35820691       0.00905009
