     0.0000000       0.05540805       0.00082671
     0.1000000       0.03971814       0.00077080
     0.2000000       0.02947564       0.00076089
     0.3000000       0.02416366       0.00079985
     0.4000000       0.01972641       0.00074895
     0.5000000       0.01745383       0.00070605
     0.6000000       0.01546125       0.00074268
     0.7000000       0.01540259       0.00064893
     0.8000000       0.01581366       0.00070004
     0.9000000       0.01547593       0.00071622
     1.0000000       0.01624519       0.00076744
     1.1000000       0.01610258       0.00078392
     1.2000000       0.01830266       0.00078407
     1.3000000       0.02167008       0.00078105
     1.4000000       0.02374376       0.00079964
     1.5000000       0.02698416       0.00078388
     1.6000000       0.03177053       0.00076702
     1.7000000       0.03786780       0.00078049
     1.8000000       0.04555043       0.00070901
     1.9000000       0.05566128       0.00072355
     2.0000000       0.06655361       0.00077602
     2.1000000       0.08307970       0.00077300
     2.2000000       0.10315439       0.00081595
     2.3000000       0.13059342       0.00085618
     2.4000000       0.16776681       0.00092428
     2.5000000       0.21807166       0.00089773
     2.6000000       0.28657548       0.00093098
     2.7000000       0.38138552       0.00092208
     2.8000000       0.50841431       0.00092585
     2.9000000       0.68917559       0.00092873
     3.0000000       0.94459195       0.00082671
