     0.0000000       0.21432311       0.00882157
     0.1000000       0.14173058       0.00626744
     0.2000000       0.10559546       0.00343968
     0.3000000       0.08011664       0.00337982
     0.4000000       0.06133378       0.00362943
     0.5000000       0.04006144       0.00430554
     0.6000000       0.03254875       0.00323692
     0.7000000       0.02143147       0.00419985
     0.8000000       0.02868758       0.00408573
     0.9000000       0.02415894       0.00617903
     1.0000000       0.01981071       0.00439910
     1.1000000       0.01498356       0.00257427
     1.2000000       0.01126005       0.00358752
     1.3000000       0.01031288       0.00685228
     1.4000000       0.01448870       0.00362097
     1.5000000       0.01296833       0.00568753
     1.6000000       0.01934277       0.00400903
     1.7000000       0.01839047       0.00399698
     1.8000000       0.02216726       0.00687864
     1.9000000       0.01791390       0.00305643
     2.0000000       0.02047670       0.00267302
     2.1000000       0.01973708       0.00335969
     2.2000000       0.02768778       0.00425780
     2.3000000       0.03048501       0.00461661
     2.4000000       0.02767333       0.00516704
     2.5000000       0.04267520       0.00424313
     2.6000000       0.05965401       0.00496523
     2.7000000       0.07296584       0.00507031
     2.8000000       0.10099185       0.00592861
     2.9000000       0.15750185       0.00582556
     3.0000000       0.21432311       0.00882157
