     0.0000000       0.63585853       0.03213547
     0.1000000       0.52204870       0.03324831
     0.2000000       0.43326570       0.02984142
     0.3000000       0.36366225       0.02521397
     0.4000000       0.30745965       0.01996877
     0.5000000       0.26167225       0.01537411
     0.6000000       0.22610516       0.01303687
     0.7000000       0.20064168       0.01427335
     0.8000000       0.18082867       0.01704585
     0.9000000       0.16400191       0.01915033
     1.0000000       0.15135028       0.02192466
     1.1000000       0.14265222       0.02577309
     1.2000000       0.13775102       0.03223463
     1.3000000       0.13243788       0.03757593
     1.4000000       0.11923443       0.03377936
     1.5000000       0.10298391       0.02522554
     1.6000000       0.09038873       0.01916554
     1.7000000       0.07987227       0.01493132
     1.8000000       0.07190003       0.01253839
     1.9000000       0.06500740       0.01101059
     2.0000000       0.05877619       0.00963573
     2.1000000       0.05471883       0.01007232
     2.2000000       0.05081026       0.01150254
     2.3000000       0.04695119       0.01245496
     2.4000000       0.04453701       0.01262970
     2.5000000       0.04328826       0.01232132
     2.6000000       0.04205025       0.01275277
     2.7000000       0.04092074       0.01369560
     2.8000000       0.03991117       0.01336522
     2.9000000       0.03912818       0.01173511
     3.0000000       0.03954038       0.01045823
     3.1000000       0.04052910       0.00940649
     3.2000000       0.04131883       0.00884812
     3.3000000       0.04316724       0.00983465
     3.4000000       0.04684305       0.01192020
     3.5000000       0.05024993       0.01302685
     3.6000000       0.05240231       0.01311631
     3.7000000       0.05341512       0.01218641
     3.8000000       0.05331053       0.01011873
     3.9000000       0.05406496       0.00829020
     4.0000000       0.05566749       0.00692720
     4.1000000       0.05666924       0.00511570
     4.2000000       0.05826503       0.00347554
     4.3000000       0.06182450       0.00287123
     4.4000000       0.06718264       0.00275950
     4.5000000       0.07326310       0.00261027
     4.6000000       0.08009694       0.00250028
     4.7000000       0.08900662       0.00277244
     4.8000000       0.09944313       0.00351121
     4.9000000       0.11022223       0.00364163
     5.0000000       0.12281151       0.00347497
     5.1000000       0.13797268       0.00347012
     5.2000000       0.15574217       0.00300931
     5.3000000       0.17944926       0.00325318
     5.4000000       0.21022667       0.00519432
     5.5000000       0.24832858       0.00933004
     5.6000000       0.29424453       0.01403814
     5.7000000       0.35035920       0.01815522
     5.8000000       0.42205976       0.02319529
     5.9000000       0.51422196       0.02794887
     6.0000000       0.63585853       0.03213547
