     0.0000000       0.27488797       0.00702557
     0.1000000       0.17211961       0.00491771
     0.2000000       0.10964916       0.00416642
     0.3000000       0.07368101       0.00394641
     0.4000000       0.04847822       0.00441700
     0.5000000       0.03399155       0.00406555
     0.6000000       0.02883819       0.00382103
     0.7000000       0.02160894       0.00375088
     0.8000000       0.02176366       0.00352816
     0.9000000       0.01804189       0.00349672
     1.0000000       0.01730833       0.00328679
     1.1000000       0.01543586       0.00329037
     1.2000000       0.01268226       0.00366349
     1.3000000       0.01507560       0.00265258
     1.4000000       0.01125588       0.00349127
     1.5000000       0.01317644       0.00366073
     1.6000000       0.00859126       0.00386677
     1.7000000       0.01013199       0.00415814
     1.8000000       0.01350441       0.00352819
     1.9000000       0.01299120       0.00335845
     2.0000000       0.01122602       0.00350412
     2.1000000       0.01428707       0.00399651
     2.2000000       0.01568975       0.00391224
     2.3000000       0.02225549       0.00392932
     2.4000000       0.02415858       0.00342617
     2.5000000       0.03107752       0.00349094
     2.6000000       0.04278985       0.00456326
     2.7000000       0.06811986       0.00374158
     2.8000000       0.10657916       0.00448893
     2.9000000       0.16709521       0.00501774
     3.0000000       0.27488797       0.00702557
