     0.0000000       0.62012807       0.01656955
     0.1000000       0.50564662       0.01811857
     0.2000000       0.41763146       0.01637871
     0.3000000       0.34899413       0.01349013
     0.4000000       0.29558041       0.01102064
     0.5000000       0.25429855       0.00985540
     0.6000000       0.22217061       0.01000851
     0.7000000       0.19645800       0.01109878
     0.8000000       0.17500884       0.01263491
     0.9000000       0.15488974       0.01283206
     1.0000000       0.13665109       0.01226266
     1.1000000       0.12342457       0.01332296
     1.2000000       0.11371920       0.01521360
     1.3000000       0.10446408       0.01603871
     1.4000000       0.09487449       0.01540308
     1.5000000       0.08620547       0.01424941
     1.6000000       0.07755719       0.01207831
     1.7000000       0.06989009       0.00956596
     1.8000000       0.06428648       0.00829756
     1.9000000       0.05970961       0.00770094
     2.0000000       0.05712101       0.00795178
     2.1000000       0.05630201       0.00912577
     2.2000000       0.05526123       0.01019255
     2.3000000       0.05343434       0.01079980
     2.4000000       0.05253084       0.01208353
     2.5000000       0.05211722       0.01340909
     2.6000000       0.05033108       0.01274553
     2.7000000       0.04793844       0.01082311
     2.8000000       0.04566570       0.00893835
     2.9000000       0.04324000       0.00714980
     3.0000000       0.04153883       0.00600213
     3.1000000       0.04142658       0.00606520
     3.2000000       0.04196470       0.00628047
     3.3000000       0.04196604       0.00589218
     3.4000000       0.04201452       0.00552439
     3.5000000       0.04358056       0.00627938
     3.6000000       0.04584593       0.00725774
     3.7000000       0.04686573       0.00654024
     3.8000000       0.04884561       0.00606014
     3.9000000       0.05239416       0.00667043
     4.0000000       0.05596640       0.00666484
     4.1000000       0.05915439       0.00603935
     4.2000000       0.06292455       0.00554391
     4.3000000       0.06838671       0.00559733
     4.4000000       0.07461674       0.00542813
     4.5000000       0.08068676       0.00479583
     4.6000000       0.08786298       0.00424638
     4.7000000       0.09711321       0.00427389
     4.8000000       0.10737596       0.00484033
     4.9000000       0.11798938       0.00451148
     5.0000000       0.12963514       0.00367036
     5.1000000       0.14371683       0.00339782
     5.2000000       0.16103445       0.00326622
     5.3000000       0.18325894       0.00380337
     5.4000000       0.21160428       0.00491202
     5.5000000       0.24662264       0.00601287
     5.6000000       0.28947452       0.00726515
     5.7000000       0.34274448       0.00862229
     5.8000000       0.41069452       0.01056287
     5.9000000       0.49983146       0.01306456
     6.0000000       0.62012807       0.01656955
