     0.0000000       0.50045889       0.00038613
     0.1000000       0.45727367       0.00060639
     0.2000000       0.42813346       0.00076741
     0.3000000       0.40979084       0.00086217
     0.4000000       0.39960492       0.00089656
     0.5000000       0.39694155       0.00090324
     0.6000000       0.40026411       0.00089101
     0.7000000       0.41115161       0.00080744
     0.8000000       0.42810824       0.00073808
     0.9000000       0.45716236       0.00057198
     1.0000000       0.49954111       0.00038613
