     0.0000000       0.27874158       0.01331293
     0.1000000       0.19433962       0.01408718
     0.2000000       0.14493784       0.01393293
     0.3000000       0.11759098       0.01273452
     0.4000000       0.10323906       0.01184862
     0.5000000       0.09808118       0.01148393
     0.6000000       0.10094753       0.01152026
     0.7000000       0.11459213       0.01167160
     0.8000000       0.14319297       0.01197631
     0.9000000       0.19363045       0.01260931
     1.0000000       0.27874158       0.01331293
