     0.0000000       0.49978742       0.00039772
     0.1000000       0.45761108       0.00063876
     0.2000000       0.42935652       0.00071570
     0.3000000       0.41132720       0.00082199
     0.4000000       0.40149368       0.00091621
     0.5000000       0.39904842       0.00091683
     0.6000000       0.40232281       0.00090194
     0.7000000       0.41259822       0.00080634
     0.8000000       0.42936235       0.00076948
     0.9000000       0.45803346       0.00063026
     1.0000000       0.50021258       0.00039772
