     0.0000000       0.40006886       0.01994421
     0.1000000       0.21975093       0.01459199
     0.2000000       0.13389872       0.01099897
     0.3000000       0.08033947       0.01018473
     0.4000000       0.05275891       0.00954321
     0.5000000       0.03747254       0.00863795
     0.6000000       0.02519312       0.00838749
     0.7000000       0.01626411       0.00900126
     0.8000000       0.01524493       0.00906727
     0.9000000       0.00981829       0.01033904
     1.0000000       0.00939926       0.00945237
     1.1000000       0.00513219       0.00997404
     1.2000000       0.00483152       0.00932750
     1.3000000       0.00756069       0.00890866
     1.4000000       0.00505989       0.00994667
     1.5000000       0.00583778       0.00932946
     1.6000000       0.00450277       0.00920039
     1.7000000      -0.00046196       0.01015748
     1.8000000      -0.00784276       0.01232807
     1.9000000      -0.00834836       0.01140579
     2.0000000       0.00003195       0.01061837
     2.1000000       0.00476991       0.01011102
     2.2000000       0.00821203       0.01121559
     2.3000000       0.01097882       0.01168392
     2.4000000       0.01302522       0.01416945
     2.5000000       0.02931037       0.01046124
     2.6000000       0.05419336       0.00908038
     2.7000000       0.08098590       0.01174391
     2.8000000       0.13250338       0.01211963
     2.9000000       0.23104268       0.01505866
     3.0000000       0.40006886       0.01994421
