     0.0000000       0.24175896       0.02279425
     0.1000000       0.11901994       0.03360239
     0.2000000       0.06327692       0.01487012
     0.3000000       0.03947622       0.00752573
     0.4000000       0.03998515       0.01256044
     0.5000000       0.02563572       0.00710299
     0.6000000       0.01875440       0.00691382
     0.7000000      -0.00714116       0.02338815
     0.8000000      -0.00140020       0.00885775
     0.9000000      -0.00728574       0.00998802
     1.0000000       0.01575589       0.01027483
     1.1000000       0.00754793       0.00916899
     1.2000000      -0.01195457       0.00863885
     1.3000000      -0.02846409       0.02600479
     1.4000000      -0.00631358       0.00839802
     1.5000000      -0.06032614       0.06054457
     1.6000000      -0.03136552       0.03678473
     1.7000000      -0.04861355       0.05031674
     1.8000000      -0.06289366       0.05281423
     1.9000000      -0.00634137       0.00812746
     2.0000000       0.00455716       0.00557362
     2.1000000      -0.01118527       0.01255581
     2.2000000       0.03699803       0.04714615
     2.3000000       0.02140538       0.02671653
     2.4000000       0.01839651       0.01992812
     2.5000000       0.03181532       0.03309265
     2.6000000       0.02275543       0.03131978
     2.7000000       0.03434675       0.03727341
     2.8000000       0.03293786       0.03151661
     2.9000000       0.01000478       0.01385855
     3.0000000      -0.00039055       0.00649999
     3.1000000       0.02554198       0.01959253
     3.2000000       0.01146873       0.00631993
     3.3000000      -0.00345218       0.00937573
     3.4000000      -0.00831691       0.01347382
     3.5000000      -0.00469360       0.01157556
     3.6000000      -0.02996346       0.03081156
     3.7000000      -0.00338182       0.01487410
     3.8000000      -0.02700224       0.03390052
     3.9000000      -0.01339502       0.02492189
     4.0000000      -0.00561816       0.01509412
     4.1000000       0.00291101       0.00534736
     4.2000000       0.01042193       0.00844808
     4.3000000       0.01172318       0.01287701
     4.4000000       0.00023153       0.00627440
     4.5000000       0.02289735       0.01541485
     4.6000000      -0.01664804       0.02703799
     4.7000000      -0.02678411       0.03416669
     4.8000000      -0.00255023       0.01596230
     4.9000000       0.01584591       0.00702935
     5.0000000       0.03186095       0.02075622
     5.1000000      -0.00941373       0.02241307
     5.2000000       0.00313232       0.01235619
     5.3000000      -0.00052567       0.01277358
     5.4000000      -0.00564983       0.01773975
     5.5000000       0.00847059       0.01468463
     5.6000000       0.00667989       0.02795322
     5.7000000       0.01742765       0.03442882
     5.8000000       0.07203884       0.02090118
     5.9000000       0.12707769       0.02959312
     6.0000000       0.24175896       0.02279425
