     0.0000000       0.29194725       0.01002520
     0.1000000       0.18769884       0.00997847
     0.2000000       0.12380392       0.00997750
     0.3000000       0.08390055       0.00992358
     0.4000000       0.05800466       0.00948880
     0.5000000       0.04153737       0.00901376
     0.6000000       0.03073304       0.00870683
     0.7000000       0.02165624       0.00862763
     0.8000000       0.01587244       0.00860775
     0.9000000       0.01418957       0.00817904
     1.0000000       0.01378723       0.00762291
     1.1000000       0.01414788       0.00707310
     1.2000000       0.01551832       0.00659619
     1.3000000       0.01662836       0.00647361
     1.4000000       0.01641015       0.00660133
     1.5000000       0.01548412       0.00683479
     1.6000000       0.01477562       0.00700575
     1.7000000       0.01354018       0.00702363
     1.8000000       0.01252576       0.00706967
     1.9000000       0.01304269       0.00718994
     2.0000000       0.01552975       0.00739406
     2.1000000       0.01930108       0.00750597
     2.2000000       0.02303027       0.00747306
     2.3000000       0.02720732       0.00756972
     2.4000000       0.03347338       0.00779094
     2.5000000       0.04303602       0.00815694
     2.6000000       0.05848340       0.00875576
     2.7000000       0.08469533       0.00947806
     2.8000000       0.12514797       0.01003425
     2.9000000       0.18783559       0.01013761
     3.0000000       0.29194725       0.01002520
