     0.0000000       0.26256607       0.00723729
     0.1000000       0.18701160       0.00746094
     0.2000000       0.15536833       0.00766477
     0.3000000       0.12377053       0.00518011
     0.4000000       0.10434215       0.00330292
     0.5000000       0.09536213       0.00390865
     0.6000000       0.10338332       0.00249770
     0.7000000       0.11686658       0.00399130
     0.8000000       0.14252672       0.00271840
     0.9000000       0.18465979       0.00431349
     1.0000000       0.26256607       0.00723729
