     0.0000000       0.75173221       0.00306619
     0.1000000       0.65857334       0.00330416
     0.2000000       0.58249651       0.00352027
     0.3000000       0.51927540       0.00374688
     0.4000000       0.46337610       0.00361207
     0.5000000       0.41925590       0.00362423
     0.6000000       0.38058566       0.00351172
     0.7000000       0.34507538       0.00345746
     0.8000000       0.30990422       0.00344189
     0.9000000       0.28286839       0.00336361
     1.0000000       0.25933099       0.00355255
     1.1000000       0.23638075       0.00370638
     1.2000000       0.21910196       0.00336785
     1.3000000       0.20039836       0.00343706
     1.4000000       0.18278683       0.00356852
     1.5000000       0.16772276       0.00354725
     1.6000000       0.15606651       0.00338176
     1.7000000       0.14745046       0.00325218
     1.8000000       0.13733950       0.00322509
     1.9000000       0.12767135       0.00315043
     2.0000000       0.12126734       0.00325227
     2.1000000       0.11437867       0.00336633
     2.2000000       0.10653082       0.00336406
     2.3000000       0.10197769       0.00326112
     2.4000000       0.09481689       0.00344607
     2.5000000       0.09061350       0.00371478
     2.6000000       0.08970714       0.00408805
     2.7000000       0.08503217       0.00398866
     2.8000000       0.08211328       0.00392103
     2.9000000       0.07889197       0.00358248
     3.0000000       0.07520185       0.00332888
     3.1000000       0.07227266       0.00326565
     3.2000000       0.07029125       0.00334093
     3.3000000       0.06806257       0.00302945
     3.4000000       0.06614351       0.00294516
     3.5000000       0.06537230       0.00307986
     3.6000000       0.06393854       0.00311890
     3.7000000       0.06210642       0.00310488
     3.8000000       0.06029437       0.00309267
     3.9000000       0.05910870       0.00326155
     4.0000000       0.06122067       0.00301938
     4.1000000       0.06094491       0.00313634
     4.2000000       0.06139860       0.00302724
     4.3000000       0.06324450       0.00288887
     4.4000000       0.06611157       0.00300914
     4.5000000       0.06840164       0.00286187
     4.6000000       0.07180891       0.00304313
     4.7000000       0.07556718       0.00336969
     4.8000000       0.07855230       0.00323907
     4.9000000       0.08353280       0.00331184
     5.0000000       0.08845670       0.00310347
     5.1000000       0.09319976       0.00303995
     5.2000000       0.09793319       0.00297063
     5.3000000       0.10833940       0.00297933
     5.4000000       0.11808360       0.00321019
     5.5000000       0.12767834       0.00319357
     5.6000000       0.14310626       0.00314464
     5.7000000       0.15874021       0.00319500
     5.8000000       0.18163855       0.00314564
     5.9000000       0.21066715       0.00309759
     6.0000000       0.24826779       0.00306619
