     0.0000000       0.62432208       0.00484414
     0.1000000       0.56694440       0.00525619
     0.2000000       0.52767457       0.00524161
     0.3000000       0.50158766       0.00476781
     0.4000000       0.48682845       0.00439881
     0.5000000       0.48204064       0.00419214
     0.6000000       0.48658892       0.00410373
     0.7000000       0.50095813       0.00409994
     0.8000000       0.52659742       0.00421906
     0.9000000       0.56620763       0.00449382
     1.0000000       0.62432208       0.00484414
