     0.0000000       0.49890386       0.00104835
     0.1000000       0.45663377       0.00144853
     0.2000000       0.42855910       0.00167968
     0.3000000       0.40892360       0.00175702
     0.4000000       0.39657387       0.00185715
     0.5000000       0.39418543       0.00191521
     0.6000000       0.39855276       0.00177591
     0.7000000       0.40849438       0.00171006
     0.8000000       0.42976511       0.00161613
     0.9000000       0.45867702       0.00145390
     1.0000000       0.50109614       0.00104835
