     0.0000000       0.20332517       0.00547876
     0.1000000       0.14884678       0.00556141
     0.2000000       0.11062851       0.00556338
     0.3000000       0.08281554       0.00552133
     0.4000000       0.06282223       0.00538233
     0.5000000       0.04895263       0.00510534
     0.6000000       0.03890635       0.00484704
     0.7000000       0.03116747       0.00463089
     0.8000000       0.02540932       0.00439295
     0.9000000       0.02172385       0.00422591
     1.0000000       0.01937304       0.00412735
     1.1000000       0.01745549       0.00410959
     1.2000000       0.01560310       0.00413548
     1.3000000       0.01444465       0.00404511
     1.4000000       0.01347887       0.00395856
     1.5000000       0.01231877       0.00398597
     1.6000000       0.01168378       0.00408751
     1.7000000       0.01184717       0.00418386
     1.8000000       0.01311458       0.00419102
     1.9000000       0.01574872       0.00416451
     2.0000000       0.01893629       0.00411595
     2.1000000       0.02204998       0.00401913
     2.2000000       0.02573714       0.00401266
     2.3000000       0.03153603       0.00408699
     2.4000000       0.03971992       0.00417830
     2.5000000       0.04971305       0.00436536
     2.6000000       0.06307017       0.00461324
     2.7000000       0.08237995       0.00486101
     2.8000000       0.10961047       0.00509413
     2.9000000       0.14822304       0.00527798
     3.0000000       0.20332517       0.00547876
