     0.0000000       0.67560049       0.00546270
     0.1000000       0.56716401       0.00543633
     0.2000000       0.49015801       0.00541790
     0.3000000       0.43408472       0.00543672
     0.4000000       0.39289204       0.00546769
     0.5000000       0.36155358       0.00539848
     0.6000000       0.33692112       0.00520494
     0.7000000       0.31777027       0.00497696
     0.8000000       0.30323529       0.00484673
     0.9000000       0.29252833       0.00483724
     1.0000000       0.28466742       0.00491463
     1.1000000       0.27890631       0.00491802
     1.2000000       0.27484665       0.00482809
     1.3000000       0.27211567       0.00475661
     1.4000000       0.27062514       0.00473329
     1.5000000       0.27000237       0.00472820
     1.6000000       0.27017239       0.00471603
     1.7000000       0.27215797       0.00475795
     1.8000000       0.27539468       0.00480608
     1.9000000       0.27952604       0.00475660
     2.0000000       0.28530341       0.00471560
     2.1000000       0.29304728       0.00470451
     2.2000000       0.30383769       0.00478865
     2.3000000       0.31791953       0.00491863
     2.4000000       0.33636004       0.00500144
     2.5000000       0.36058326       0.00511683
     2.6000000       0.39226099       0.00529342
     2.7000000       0.43423225       0.00554302
     2.8000000       0.49056961       0.00565982
     2.9000000       0.56756289       0.00557148
     3.0000000       0.67560049       0.00546270
