     0.0000000       0.31644940       0.03064572
     0.1000000       0.20300591       0.01178329
     0.2000000       0.13213947       0.01960094
     0.3000000       0.07694988       0.00680785
     0.4000000       0.04623921       0.00484699
     0.5000000       0.02876157       0.00689655
     0.6000000       0.03051992       0.01193670
     0.7000000       0.01961628       0.01221770
     0.8000000       0.01264812       0.00626253
     0.9000000      -0.00590411       0.00934828
     1.0000000      -0.01106498       0.01143165
     1.1000000       0.00845594       0.00698293
     1.2000000       0.02086551       0.01464034
     1.3000000       0.00897908       0.00526609
     1.4000000      -0.00981394       0.01672427
     1.5000000       0.00463279       0.00443805
     1.6000000       0.01855725       0.01429269
     1.7000000       0.00539569       0.00506250
     1.8000000       0.00309002       0.00859111
     1.9000000       0.00585334       0.00842542
     2.0000000       0.00579196       0.00344792
     2.1000000       0.02217362       0.01693024
     2.2000000       0.00964798       0.01368272
     2.3000000       0.00723166       0.01655914
     2.4000000       0.00261537       0.00769129
     2.5000000       0.01217181       0.00888667
     2.6000000       0.00382270       0.00280874
     2.7000000       0.00228009       0.00465625
     2.8000000       0.00072770       0.00305426
     2.9000000       0.00240416       0.00541513
     3.0000000      -0.00193212       0.00611685
     3.1000000      -0.00550125       0.00557718
     3.2000000       0.01322604       0.01202203
     3.3000000       0.00714752       0.01221075
     3.4000000       0.00370115       0.01004861
     3.5000000       0.00021826       0.00378467
     3.6000000       0.00780887       0.00588014
     3.7000000       0.01122425       0.00978994
     3.8000000       0.00208658       0.00335765
     3.9000000      -0.00545520       0.00439829
     4.0000000       0.01294265       0.00937764
     4.1000000       0.00710406       0.00466025
     4.2000000       0.00553256       0.00326846
     4.3000000       0.00198862       0.00360641
     4.4000000      -0.00014494       0.00563456
     4.5000000       0.00234844       0.00236751
     4.6000000       0.00013313       0.00545655
     4.7000000      -0.00326280       0.00957309
     4.8000000      -0.00186742       0.00703798
     4.9000000      -0.00740673       0.01137467
     5.0000000      -0.00241655       0.00761976
     5.1000000      -0.00750721       0.01446535
     5.2000000      -0.00291342       0.01146899
     5.3000000       0.02598042       0.01506487
     5.4000000       0.01472944       0.00590547
     5.5000000       0.01268634       0.01497342
     5.6000000       0.02550349       0.01232860
     5.7000000       0.05909524       0.00538378
     5.8000000       0.09389960       0.01254194
     5.9000000       0.17721869       0.02068568
     6.0000000       0.31644940       0.03064572
