     0.0000000       0.91397581       0.00110895
     0.1000000       0.72025725       0.00111240
     0.2000000       0.57424706       0.00124636
     0.3000000       0.46347129       0.00123437
     0.4000000       0.37762777       0.00113457
     0.5000000       0.30958098       0.00115839
     0.6000000       0.25738591       0.00111744
     0.7000000       0.21405948       0.00102217
     0.8000000       0.17964607       0.00112169
     0.9000000       0.15209998       0.00112355
     1.0000000       0.12913857       0.00110983
     1.1000000       0.11034551       0.00107552
     1.2000000       0.09678397       0.00107747
     1.3000000       0.08434840       0.00100980
     1.4000000       0.07370145       0.00102341
     1.5000000       0.06585801       0.00102810
     1.6000000       0.05817264       0.00103706
     1.7000000       0.05270551       0.00092499
     1.8000000       0.04892555       0.00095123
     1.9000000       0.04555802       0.00090314
     2.0000000       0.04194499       0.00093545
     2.1000000       0.04090774       0.00101361
     2.2000000       0.03905301       0.00097567
     2.3000000       0.03893227       0.00092463
     2.4000000       0.03948829       0.00091614
     2.5000000       0.04081088       0.00089653
     2.6000000       0.04374718       0.00088524
     2.7000000       0.05016585       0.00089168
     2.8000000       0.05682999       0.00096533
     2.9000000       0.06952114       0.00103837
     3.0000000       0.08602419       0.00110895
