     0.0000000       0.39636243       0.02050632
     0.1000000       0.23667027       0.02115976
     0.2000000       0.15531227       0.02098405
     0.3000000       0.11268975       0.02012430
     0.4000000       0.09172319       0.01952426
     0.5000000       0.08501565       0.01943912
     0.6000000       0.09120104       0.01947679
     0.7000000       0.11345649       0.01954715
     0.8000000       0.15735603       0.01974156
     0.9000000       0.24009393       0.01995756
     1.0000000       0.39636243       0.02050632
