     0.0000000       0.23760466       0.00476267
     0.1000000       0.17744154       0.00421456
     0.2000000       0.14605471       0.00426859
     0.3000000       0.12118871       0.00352382
     0.4000000       0.10717205       0.00325733
     0.5000000       0.10029897       0.00412232
     0.6000000       0.11313608       0.00399095
     0.7000000       0.12264368       0.00377199
     0.8000000       0.15022061       0.00358441
     0.9000000       0.18039300       0.00352022
     1.0000000       0.23760466       0.00476267
