     0.0000000       0.26097364       0.00853755
     0.1000000       0.16920035       0.00568182
     0.2000000       0.11826286       0.00410920
     0.3000000       0.08221357       0.00310077
     0.4000000       0.05800018       0.00300690
     0.5000000       0.03829459       0.00397752
     0.6000000       0.02548785       0.00328071
     0.7000000       0.01621014       0.00295877
     0.8000000       0.01008621       0.00568511
     0.9000000       0.01317470       0.00328060
     1.0000000       0.00898335       0.00273728
     1.1000000       0.00492765       0.00347651
     1.2000000       0.00201184       0.00437061
     1.3000000       0.00358865       0.00329002
     1.4000000       0.00716797       0.00232108
     1.5000000       0.00424961       0.00397668
     1.6000000       0.00853671       0.00237635
     1.7000000       0.01141161       0.00392825
     1.8000000       0.00670870       0.00339962
     1.9000000       0.00902459       0.00289272
     2.0000000       0.00921050       0.00375523
     2.1000000       0.01073541       0.00347175
     2.2000000       0.01788364       0.00342052
     2.3000000       0.02066314       0.00391075
     2.4000000       0.01984102       0.00599051
     2.5000000       0.03449398       0.00535480
     2.6000000       0.05503194       0.00296605
     2.7000000       0.07550130       0.00619837
     2.8000000       0.11470590       0.00574373
     2.9000000       0.17657938       0.00694996
     3.0000000       0.26097364       0.00853755
