     0.0000000       0.12854447       0.00126418
     0.1000000       0.10629715       0.00122135
     0.2000000       0.09306468       0.00124905
     0.3000000       0.08458319       0.00128703
     0.4000000       0.07873630       0.00129689
     0.5000000       0.07610332       0.00118255
     0.6000000       0.07487330       0.00117872
     0.7000000       0.07629886       0.00124451
     0.8000000       0.07882632       0.00120891
     0.9000000       0.08233409       0.00106495
     1.0000000       0.08515012       0.00107318
     1.1000000       0.08976114       0.00112863
     1.2000000       0.09565894       0.00123659
     1.3000000       0.10253998       0.00122197
     1.4000000       0.11048692       0.00124665
     1.5000000       0.11970030       0.00136604
     1.6000000       0.13017530       0.00138257
     1.7000000       0.14418606       0.00133301
     1.8000000       0.16038698       0.00136851
     1.9000000       0.17932451       0.00134386
     2.0000000       0.20024814       0.00133793
     2.1000000       0.22700377       0.00129280
     2.2000000       0.25564803       0.00138474
     2.3000000       0.29023769       0.00140138
     2.4000000       0.33232632       0.00148073
     2.5000000       0.38068433       0.00151018
     2.6000000       0.44283632       0.00142047
     2.7000000       0.51857248       0.00141532
     2.8000000       0.60788793       0.00135053
     2.9000000       0.72323353       0.00142587
     3.0000000       0.87145553       0.00126418
