     0.0000000       0.34003359       0.01620698
     0.1000000       0.20129303       0.01733525
     0.2000000       0.12550084       0.01622468
     0.3000000       0.08150155       0.01442394
     0.4000000       0.05522154       0.01289687
     0.5000000       0.03946573       0.01260928
     0.6000000       0.02897970       0.01302063
     0.7000000       0.02149115       0.01288848
     0.8000000       0.01515643       0.01248769
     0.9000000       0.00911131       0.01185210
     1.0000000       0.00515343       0.01135722
     1.1000000       0.00195265       0.01167372
     1.2000000      -0.00127349       0.01213110
     1.3000000      -0.00109092       0.01163386
     1.4000000       0.00097588       0.01045660
     1.5000000       0.00089699       0.01020818
     1.6000000      -0.00000482       0.01044280
     1.7000000      -0.00085765       0.01024430
     1.8000000      -0.00163820       0.00988481
     1.9000000      -0.00298923       0.00957191
     2.0000000      -0.00251626       0.00916312
     2.1000000      -0.00029534       0.00883405
     2.2000000       0.00027288       0.00880224
     2.3000000      -0.00019646       0.00895603
     2.4000000      -0.00219893       0.00937851
     2.5000000      -0.00540546       0.01005809
     2.6000000      -0.00876037       0.01054403
     2.7000000      -0.00973838       0.01077040
     2.8000000      -0.00833850       0.01062734
     2.9000000      -0.00679742       0.01075616
     3.0000000      -0.00751900       0.01124692
     3.1000000      -0.00703828       0.01126112
     3.2000000      -0.00494039       0.01102777
     3.3000000      -0.00488620       0.01081126
     3.4000000      -0.00791825       0.01193266
     3.5000000      -0.00898208       0.01288322
     3.6000000      -0.00661960       0.01270494
     3.7000000      -0.00372569       0.01188130
     3.8000000      -0.00124645       0.01045637
     3.9000000       0.00007031       0.00947902
     4.0000000       0.00122745       0.00881173
     4.1000000       0.00190252       0.00840129
     4.2000000       0.00160868       0.00858443
     4.3000000      -0.00075212       0.00891978
     4.4000000      -0.00131599       0.00929774
     4.5000000       0.00185917       0.00959356
     4.6000000       0.00609955       0.00968107
     4.7000000       0.00688713       0.01009920
     4.8000000       0.00651904       0.01077959
     4.9000000       0.00588756       0.01185460
     5.0000000       0.00677437       0.01227395
     5.1000000       0.01237243       0.01195846
     5.2000000       0.01719915       0.01270811
     5.3000000       0.02050852       0.01389596
     5.4000000       0.02464240       0.01500368
     5.5000000       0.03189554       0.01531766
     5.6000000       0.04656274       0.01458462
     5.7000000       0.07562786       0.01376806
     5.8000000       0.12281398       0.01402675
     5.9000000       0.20095485       0.01463025
     6.0000000       0.34003359       0.01620698
