     0.0000000       0.86222562       0.01021122
     0.1000000       0.73547012       0.01141044
     0.2000000       0.65481722       0.01124108
     0.3000000       0.60366157       0.00959785
     0.4000000       0.57601875       0.00852378
     0.5000000       0.56744543       0.00798206
     0.6000000       0.57578409       0.00775468
     0.7000000       0.60261770       0.00787455
     0.8000000       0.65224936       0.00838673
     0.9000000       0.73334723       0.00924023
     1.0000000       0.86222562       0.01021122
