     0.0000000       0.13550212       0.00684509
     0.1000000       0.13751798       0.00522268
     0.2000000       0.14533919       0.00620005
     0.3000000       0.14182278       0.00444763
     0.4000000       0.13675321       0.00409313
     0.5000000       0.13579820       0.00490842
     0.6000000       0.13606882       0.00391635
     0.7000000       0.13783384       0.00536186
     0.8000000       0.13507711       0.00437944
     0.9000000       0.13190337       0.00562107
     1.0000000       0.13550212       0.00684509
