     0.0000000       0.54569025       0.00783784
     0.1000000       0.47071663       0.00726893
     0.2000000       0.41314370       0.00655156
     0.3000000       0.36802242       0.00589906
     0.4000000       0.33291823       0.00575140
     0.5000000       0.30550730       0.00611022
     0.6000000       0.28409140       0.00693107
     0.7000000       0.26734124       0.00804808
     0.8000000       0.25287831       0.00833590
     0.9000000       0.23976145       0.00743062
     1.0000000       0.22924427       0.00666027
     1.1000000       0.22107799       0.00603264
     1.2000000       0.21435400       0.00515455
     1.3000000       0.20973721       0.00479624
     1.4000000       0.20796407       0.00526067
     1.5000000       0.20801384       0.00565357
     1.6000000       0.20892421       0.00541349
     1.7000000       0.21134238       0.00507408
     1.8000000       0.21560488       0.00499282
     1.9000000       0.22155152       0.00507086
     2.0000000       0.22953768       0.00537163
     2.1000000       0.23953596       0.00566881
     2.2000000       0.25169368       0.00577261
     2.3000000       0.26706925       0.00602501
     2.4000000       0.28635953       0.00660861
     2.5000000       0.31016880       0.00750161
     2.6000000       0.33875370       0.00819589
     2.7000000       0.37327993       0.00838319
     2.8000000       0.41663476       0.00842916
     2.9000000       0.47242640       0.00829377
     3.0000000       0.54569025       0.00783784
