     0.0000000       0.49957251       0.00380287
     0.1000000       0.44424466       0.00374610
     0.2000000       0.39995028       0.00384736
     0.3000000       0.36373791       0.00368599
     0.4000000       0.33429378       0.00363754
     0.5000000       0.30534279       0.00359785
     0.6000000       0.28051278       0.00385408
     0.7000000       0.26518723       0.00407094
     0.8000000       0.24892774       0.00386104
     0.9000000       0.23423497       0.00365947
     1.0000000       0.22133182       0.00399550
     1.1000000       0.20844238       0.00396588
     1.2000000       0.19691693       0.00408116
     1.3000000       0.18583932       0.00419894
     1.4000000       0.17415074       0.00383654
     1.5000000       0.16669080       0.00399433
     1.6000000       0.16053726       0.00386951
     1.7000000       0.15388089       0.00396533
     1.8000000       0.14511459       0.00402445
     1.9000000       0.14120304       0.00402301
     2.0000000       0.13355339       0.00394508
     2.1000000       0.12960987       0.00423235
     2.2000000       0.12243390       0.00403377
     2.3000000       0.11944984       0.00397521
     2.4000000       0.11713507       0.00414627
     2.5000000       0.11525865       0.00408538
     2.6000000       0.11111712       0.00395214
     2.7000000       0.11028245       0.00398208
     2.8000000       0.11191868       0.00411765
     2.9000000       0.11294865       0.00385927
     3.0000000       0.11088396       0.00370765
     3.1000000       0.10954666       0.00370368
     3.2000000       0.11181229       0.00382749
     3.3000000       0.11283429       0.00412153
     3.4000000       0.11090116       0.00393599
     3.5000000       0.11163365       0.00407957
     3.6000000       0.11325447       0.00399395
     3.7000000       0.11823352       0.00410508
     3.8000000       0.12240275       0.00441474
     3.9000000       0.12877922       0.00427425
     4.0000000       0.13264753       0.00439476
     4.1000000       0.13800492       0.00466827
     4.2000000       0.14128070       0.00456387
     4.3000000       0.14567310       0.00434423
     4.4000000       0.15237536       0.00421143
     4.5000000       0.15815273       0.00424185
     4.6000000       0.16516662       0.00421668
     4.7000000       0.17735063       0.00425055
     4.8000000       0.19104687       0.00410574
     4.9000000       0.20228242       0.00399208
     5.0000000       0.21628119       0.00407837
     5.1000000       0.22981316       0.00388825
     5.2000000       0.24411474       0.00411043
     5.3000000       0.26387580       0.00384963
     5.4000000       0.28725608       0.00386757
     5.5000000       0.30943300       0.00401441
     5.6000000       0.33157303       0.00392006
     5.7000000       0.36237879       0.00387518
     5.8000000       0.39810979       0.00386593
     5.9000000       0.44252118       0.00367717
     6.0000000       0.50042749       0.00380287
