     0.0000000       0.18260459       0.00741068
     0.1000000       0.15855836       0.00569073
     0.2000000       0.15270911       0.00809478
     0.3000000       0.13644243       0.00462457
     0.4000000       0.12341282       0.00389160
     0.5000000       0.11986395       0.00513225
     0.6000000       0.12234195       0.00289773
     0.7000000       0.13036283       0.00542259
     0.8000000       0.13848782       0.00352619
     0.9000000       0.15127916       0.00536973
     1.0000000       0.18260459       0.00741068
