     0.0000000       0.50000000       0.00000000
     0.1000000       0.44376235       0.00216319
     0.2000000       0.39832070       0.00273504
     0.3000000       0.36314361       0.00296656
     0.4000000       0.33493426       0.00300979
     0.5000000       0.30634016       0.00318527
     0.6000000       0.28539777       0.00349286
     0.7000000       0.26668117       0.00373820
     0.8000000       0.25137049       0.00417459
     0.9000000       0.23637914       0.00418037
     1.0000000       0.22088647       0.00399103
     1.1000000       0.20871531       0.00391595
     1.2000000       0.19614847       0.00383828
     1.3000000       0.18793668       0.00406171
     1.4000000       0.17738422       0.00402994
     1.5000000       0.16702874       0.00390306
     1.6000000       0.15989260       0.00371429
     1.7000000       0.15120696       0.00389392
     1.8000000       0.14727329       0.00404163
     1.9000000       0.14164173       0.00408099
     2.0000000       0.13391871       0.00467814
     2.1000000       0.13055097       0.00468861
     2.2000000       0.12801704       0.00478029
     2.3000000       0.12359770       0.00440971
     2.4000000       0.11946551       0.00452994
     2.5000000       0.12002414       0.00442958
     2.6000000       0.11724204       0.00430784
     2.7000000       0.11391492       0.00429647
     2.8000000       0.11382315       0.00406389
     2.9000000       0.11437317       0.00414332
     3.0000000       0.11396351       0.00418641
     3.1000000       0.11347142       0.00423327
     3.2000000       0.11330991       0.00437057
     3.3000000       0.11466863       0.00438540
     3.4000000       0.11511273       0.00447210
     3.5000000       0.11522338       0.00435199
     3.6000000       0.11850456       0.00454638
     3.7000000       0.11984059       0.00469355
     3.8000000       0.12394430       0.00484255
     3.9000000       0.12784356       0.00470140
     4.0000000       0.13133643       0.00455182
     4.1000000       0.13691651       0.00429969
     4.2000000       0.14474044       0.00442205
     4.3000000       0.15186661       0.00437643
     4.4000000       0.16035113       0.00427194
     4.5000000       0.16869291       0.00437795
     4.6000000       0.17894605       0.00406420
     4.7000000       0.18797311       0.00437964
     4.8000000       0.19885487       0.00421351
     4.9000000       0.20825416       0.00433262
     5.0000000       0.22371248       0.00394755
     5.1000000       0.23512513       0.00394936
     5.2000000       0.25140671       0.00377233
     5.3000000       0.27144407       0.00371021
     5.4000000       0.29215470       0.00377313
     5.5000000       0.31267187       0.00339850
     5.6000000       0.33761728       0.00318658
     5.7000000       0.36658908       0.00313648
     5.8000000       0.39884233       0.00265742
     5.9000000       0.44442426       0.00205523
     6.0000000       0.50000000       0.00000000
