     0.0000000       0.81674334       0.00861145
     0.1000000       0.70174266       0.00970458
     0.2000000       0.62817320       0.00959257
     0.3000000       0.58142122       0.00825180
     0.4000000       0.55594757       0.00729567
     0.5000000       0.54787974       0.00675074
     0.6000000       0.55549876       0.00652526
     0.7000000       0.58009258       0.00654267
     0.8000000       0.62565580       0.00691831
     0.9000000       0.69986435       0.00769505
     1.0000000       0.81674334       0.00861145
