     0.0000000       0.72240706       0.00636198
     0.1000000       0.61369502       0.00609311
     0.2000000       0.53565134       0.00581431
     0.3000000       0.47752034       0.00559345
     0.4000000       0.43288632       0.00537632
     0.5000000       0.39781590       0.00516530
     0.6000000       0.36989669       0.00496245
     0.7000000       0.34776385       0.00481682
     0.8000000       0.33036338       0.00473013
     0.9000000       0.31666808       0.00470325
     1.0000000       0.30617669       0.00473786
     1.1000000       0.29816667       0.00474278
     1.2000000       0.29197433       0.00465264
     1.3000000       0.28776761       0.00456291
     1.4000000       0.28568651       0.00455754
     1.5000000       0.28533601       0.00458286
     1.6000000       0.28664104       0.00463888
     1.7000000       0.28976923       0.00475246
     1.8000000       0.29440848       0.00483768
     1.9000000       0.30061555       0.00479389
     2.0000000       0.30878447       0.00473967
     2.1000000       0.31927438       0.00475796
     2.2000000       0.33308448       0.00491939
     2.3000000       0.35044489       0.00514578
     2.4000000       0.37209690       0.00537747
     2.5000000       0.39946364       0.00564819
     2.6000000       0.43440735       0.00599942
     2.7000000       0.47922322       0.00642565
     2.8000000       0.53733457       0.00670337
     2.9000000       0.61479087       0.00664113
     3.0000000       0.72240706       0.00636198
