     0.0000000       0.26509425       0.01827429
     0.1000000       0.16776201       0.01122255
     0.2000000       0.10491367       0.00734060
     0.3000000       0.07298834       0.00532264
     0.4000000       0.03652366       0.00372263
     0.5000000       0.01759591       0.00704636
     0.6000000       0.00513889       0.01125880
     0.7000000       0.00914626       0.00809273
     0.8000000       0.01129838       0.00676155
     0.9000000       0.02070780       0.01151103
     1.0000000       0.01472876       0.00764395
     1.1000000       0.01908102       0.01037713
     1.2000000       0.00955052       0.00423894
     1.3000000       0.00325727       0.00534937
     1.4000000       0.00049170       0.00855773
     1.5000000       0.00962060       0.00481953
     1.6000000       0.00791314       0.00669946
     1.7000000       0.00751419       0.00483487
     1.8000000       0.00649724       0.00422214
     1.9000000       0.00533880       0.00627444
     2.0000000      -0.00954653       0.00632185
     2.1000000      -0.00890399       0.00742083
     2.2000000      -0.00610984       0.00692386
     2.3000000      -0.00037662       0.00421580
     2.4000000       0.01449878       0.00788268
     2.5000000      -0.00004339       0.00422717
     2.6000000       0.00827880       0.00833263
     2.7000000      -0.00047576       0.00346980
     2.8000000      -0.00796938       0.00790682
     2.9000000       0.00608391       0.00524563
     3.0000000      -0.00442763       0.00411863
     3.1000000      -0.00279198       0.00526510
     3.2000000       0.00964769       0.00500976
     3.3000000       0.00965398       0.00399511
     3.4000000       0.01397150       0.00626770
     3.5000000       0.00587746       0.00899169
     3.6000000      -0.00468311       0.00449423
     3.7000000      -0.00489775       0.00483969
     3.8000000      -0.00300849       0.00506152
     3.9000000      -0.00921814       0.00847405
     4.0000000      -0.00740675       0.00584181
     4.1000000      -0.01007906       0.00889412
     4.2000000      -0.00571295       0.00507439
     4.3000000      -0.01241793       0.00725225
     4.4000000      -0.00759332       0.00665506
     4.5000000      -0.00293292       0.00530736
     4.6000000      -0.00171087       0.00547441
     4.7000000      -0.00499287       0.00462554
     4.8000000      -0.01830914       0.00842624
     4.9000000      -0.00723091       0.00808600
     5.0000000      -0.01172979       0.01206769
     5.1000000      -0.00506410       0.01052502
     5.2000000       0.00152594       0.00816609
     5.3000000       0.00751222       0.00461708
     5.4000000       0.00412558       0.01131734
     5.5000000       0.01695746       0.00979735
     5.6000000       0.02684263       0.01096639
     5.7000000       0.05726854       0.00594921
     5.8000000       0.07872604       0.01710324
     5.9000000       0.16410481       0.00703807
     6.0000000       0.26509425       0.01827429
