     0.0000000       0.19187256       0.01140653
     0.1000000       0.14851663       0.01345452
     0.2000000       0.08944746       0.00973840
     0.3000000       0.05182220       0.00674333
     0.4000000       0.03389123       0.00676240
     0.5000000       0.03012761       0.00339427
     0.6000000       0.01754403       0.00933814
     0.7000000       0.01996907       0.00557610
     0.8000000       0.01236048       0.00391060
     0.9000000       0.01129532       0.00770437
     1.0000000       0.00490667       0.00554088
     1.1000000       0.00270511       0.00515524
     1.2000000       0.01033603       0.01035487
     1.3000000       0.00615069       0.00491697
     1.4000000       0.01488360       0.00893480
     1.5000000       0.01265175       0.00774215
     1.6000000       0.00502157       0.00712967
     1.7000000       0.00065780       0.00550697
     1.8000000       0.00391639       0.00578343
     1.9000000      -0.00018144       0.00375433
     2.0000000      -0.00433155       0.00563070
     2.1000000      -0.00401818       0.00411116
     2.2000000      -0.00257371       0.00534086
     2.3000000       0.01343013       0.01152244
     2.4000000       0.00841883       0.00655243
     2.5000000       0.00063806       0.00379939
     2.6000000       0.00965652       0.00798517
     2.7000000       0.00127292       0.00388173
     2.8000000       0.00353222       0.00292542
     2.9000000       0.01298217       0.00808388
     3.0000000       0.01012482       0.00657456
     3.1000000       0.00400007       0.00292297
     3.2000000       0.00363843       0.00275833
     3.3000000       0.00317462       0.00294475
     3.4000000       0.00539637       0.00324347
     3.5000000      -0.00114817       0.00474485
     3.6000000      -0.00065369       0.00563274
     3.7000000       0.00081185       0.00374209
     3.8000000      -0.00715924       0.00649836
     3.9000000      -0.00593780       0.00684813
     4.0000000      -0.00002425       0.00448591
     4.1000000      -0.00125280       0.00371851
     4.2000000      -0.00110777       0.00321298
     4.3000000      -0.00342509       0.00478373
     4.4000000      -0.00302181       0.00427921
     4.5000000      -0.00164725       0.00323871
     4.6000000       0.00206655       0.00543723
     4.7000000       0.00212860       0.00485585
     4.8000000       0.00995537       0.00570456
     4.9000000       0.00615716       0.00347849
     5.0000000       0.00406233       0.00335335
     5.1000000       0.00791754       0.00368867
     5.2000000       0.00745762       0.00519174
     5.3000000       0.01478724       0.00384673
     5.4000000       0.01617399       0.00611147
     5.5000000       0.02001865       0.00514068
     5.6000000       0.03170583       0.00423000
     5.7000000       0.05691981       0.00457023
     5.8000000       0.08097107       0.00733761
     5.9000000       0.13249110       0.01058233
     6.0000000       0.19187256       0.01140653
