     0.0000000       0.67280262       0.00661043
     0.1000000       0.59685751       0.00719555
     0.2000000       0.54413242       0.00705053
     0.3000000       0.50871913       0.00611803
     0.4000000       0.48876229       0.00551498
     0.5000000       0.48234797       0.00521658
     0.6000000       0.48843416       0.00504804
     0.7000000       0.50797094       0.00518071
     0.8000000       0.54258331       0.00554802
     0.9000000       0.59559880       0.00605039
     1.0000000       0.67280262       0.00661043
