     0.0000000       0.64806419       0.02314491
     0.1000000       0.53384095       0.02351710
     0.2000000       0.44801867       0.02123861
     0.3000000       0.38273095       0.01803995
     0.4000000       0.33187986       0.01521898
     0.5000000       0.29219281       0.01409147
     0.6000000       0.25931386       0.01260987
     0.7000000       0.23343511       0.01210172
     0.8000000       0.21330448       0.01288302
     0.9000000       0.19616618       0.01414184
     1.0000000       0.18226691       0.01545681
     1.1000000       0.17099250       0.01624292
     1.2000000       0.16322575       0.01923715
     1.3000000       0.15415419       0.02027508
     1.4000000       0.13991923       0.01544760
     1.5000000       0.12590677       0.00994107
     1.6000000       0.11578838       0.00732696
     1.7000000       0.10842984       0.00649205
     1.8000000       0.10307236       0.00637559
     1.9000000       0.09910644       0.00646805
     2.0000000       0.09603072       0.00653748
     2.1000000       0.09310618       0.00643890
     2.2000000       0.09044918       0.00666123
     2.3000000       0.08851066       0.00724722
     2.4000000       0.08566569       0.00660425
     2.5000000       0.08169000       0.00515458
     2.6000000       0.07785385       0.00390046
     2.7000000       0.07454813       0.00327234
     2.8000000       0.07236627       0.00316099
     2.9000000       0.07051587       0.00322332
     3.0000000       0.06880852       0.00350316
     3.1000000       0.06756531       0.00391757
     3.2000000       0.06664452       0.00445786
     3.3000000       0.06686234       0.00471543
     3.4000000       0.06943652       0.00394882
     3.5000000       0.07297664       0.00323657
     3.6000000       0.07684906       0.00342563
     3.7000000       0.08062582       0.00363630
     3.8000000       0.08481761       0.00379130
     3.9000000       0.09047963       0.00481808
     4.0000000       0.09598592       0.00528845
     4.1000000       0.10182499       0.00545754
     4.2000000       0.10825402       0.00633123
     4.3000000       0.11436986       0.00704670
     4.4000000       0.12022241       0.00721543
     4.5000000       0.12656564       0.00702150
     4.6000000       0.13398887       0.00661909
     4.7000000       0.14328073       0.00688576
     4.8000000       0.15364895       0.00736321
     4.9000000       0.16441266       0.00713222
     5.0000000       0.17730411       0.00700612
     5.1000000       0.19436371       0.00845757
     5.2000000       0.21414577       0.01027753
     5.3000000       0.23592833       0.01140946
     5.4000000       0.26205234       0.01277745
     5.5000000       0.29419656       0.01447386
     5.6000000       0.33307398       0.01565454
     5.7000000       0.38231665       0.01717471
     5.8000000       0.44653528       0.01928634
     5.9000000       0.53128459       0.02113143
     6.0000000       0.64806419       0.02314491
