     0.0000000       0.36827283       0.01036446
     0.1000000       0.21963451       0.01018369
     0.2000000       0.15094602       0.00472112
     0.3000000       0.10938156       0.00528538
     0.4000000       0.08778362       0.00633630
     0.5000000       0.08216850       0.00688546
     0.6000000       0.09016073       0.00493796
     0.7000000       0.10915423       0.00690255
     0.8000000       0.14754433       0.00536241
     0.9000000       0.21988704       0.00786074
     1.0000000       0.36827283       0.01036446
