     0.0000000       0.26899155       0.00931136
     0.1000000       0.16880106       0.00896789
     0.2000000       0.10980237       0.00864592
     0.3000000       0.07451482       0.00838707
     0.4000000       0.05358075       0.00816905
     0.5000000       0.04139207       0.00799274
     0.6000000       0.03502334       0.00776663
     0.7000000       0.03069127       0.00742321
     0.8000000       0.02552923       0.00719351
     0.9000000       0.02143112       0.00714516
     1.0000000       0.01907160       0.00717932
     1.1000000       0.01698749       0.00725690
     1.2000000       0.01540515       0.00730539
     1.3000000       0.01516988       0.00733992
     1.4000000       0.01459359       0.00742098
     1.5000000       0.01494344       0.00751510
     1.6000000       0.01611137       0.00758305
     1.7000000       0.01634631       0.00768679
     1.8000000       0.01649138       0.00769457
     1.9000000       0.01709801       0.00756120
     2.0000000       0.01819064       0.00748019
     2.1000000       0.01943938       0.00747159
     2.2000000       0.02161151       0.00746852
     2.3000000       0.02569378       0.00751027
     2.4000000       0.03126471       0.00768669
     2.5000000       0.03848003       0.00801575
     2.6000000       0.04959649       0.00845169
     2.7000000       0.06927824       0.00886743
     2.8000000       0.10461305       0.00924971
     2.9000000       0.16586366       0.00944301
     3.0000000       0.26899155       0.00931136
