     0.0000000       0.07879171       0.00226492
     0.1000000       0.05455102       0.00194238
     0.2000000       0.03841300       0.00175377
     0.3000000       0.02866463       0.00178747
     0.4000000       0.02246713       0.00171084
     0.5000000       0.01637816       0.00182905
     0.6000000       0.01187519       0.00173677
     0.7000000       0.00778834       0.00164913
     0.8000000       0.00772524       0.00187132
     0.9000000       0.00694484       0.00173886
     1.0000000       0.00661928       0.00187065
     1.1000000       0.00458850       0.00180175
     1.2000000       0.00450133       0.00179441
     1.3000000       0.00446543       0.00189503
     1.4000000       0.00405105       0.00169249
     1.5000000       0.00481593       0.00265977
     1.6000000       0.00343100       0.00268184
     1.7000000       0.00181166       0.00204602
     1.8000000      -0.00075782       0.00165408
     1.9000000      -0.00226049       0.00168169
     2.0000000      -0.00297250       0.00225390
     2.1000000      -0.00199942       0.00178033
     2.2000000      -0.00006326       0.00152477
     2.3000000      -0.00114264       0.00162507
     2.4000000      -0.00132171       0.00166392
     2.5000000      -0.00141408       0.00161610
     2.6000000       0.00089910       0.00172681
     2.7000000      -0.00011587       0.00157867
     2.8000000       0.00140804       0.00163206
     2.9000000       0.00032103       0.00166532
     3.0000000       0.00196917       0.00168289
     3.1000000       0.00216455       0.00172417
     3.2000000       0.00262112       0.00187145
     3.3000000       0.00420073       0.00176316
     3.4000000       0.00578112       0.00171125
     3.5000000       0.00588388       0.00184130
     3.6000000       0.00931467       0.00170771
     3.7000000       0.01010520       0.00177603
     3.8000000       0.01123268       0.00182599
     3.9000000       0.01323394       0.00170615
     4.0000000       0.01687790       0.00165789
     4.1000000       0.01732398       0.00176570
     4.2000000       0.02082909       0.00176411
     4.3000000       0.02521167       0.00196451
     4.4000000       0.03012371       0.00183243
     4.5000000       0.03820108       0.00193208
     4.6000000       0.04879405       0.00244606
     4.7000000       0.05805817       0.00194002
     4.8000000       0.06656650       0.00198218
     4.9000000       0.08397077       0.00222347
     5.0000000       0.10418240       0.00279337
     5.1000000       0.12445967       0.00218184
     5.2000000       0.15335845       0.00222719
     5.3000000       0.19017745       0.00218259
     5.4000000       0.23354916       0.00235085
     5.5000000       0.29217049       0.00238862
     5.6000000       0.36262665       0.00242529
     5.7000000       0.45289496       0.00257729
     5.8000000       0.57069469       0.00282179
     5.9000000       0.72337442       0.00230219
     6.0000000       0.92120829       0.00226492
