     0.0000000       0.45645111       0.00310040
     0.1000000       0.39766219       0.00287295
     0.2000000       0.34952008       0.00269343
     0.3000000       0.30932719       0.00254207
     0.4000000       0.27540760       0.00238635
     0.5000000       0.24687752       0.00225916
     0.6000000       0.22304796       0.00215854
     0.7000000       0.20330184       0.00208048
     0.8000000       0.18694833       0.00202858
     0.9000000       0.17345286       0.00198930
     1.0000000       0.16271223       0.00200404
     1.1000000       0.15417109       0.00199866
     1.2000000       0.14746014       0.00194589
     1.3000000       0.14284124       0.00192693
     1.4000000       0.14043754       0.00194215
     1.5000000       0.14002356       0.00197371
     1.6000000       0.14136726       0.00199345
     1.7000000       0.14439012       0.00202874
     1.8000000       0.14912949       0.00210045
     1.9000000       0.15556728       0.00216214
     2.0000000       0.16394603       0.00220635
     2.1000000       0.17465639       0.00223368
     2.2000000       0.18795820       0.00227818
     2.3000000       0.20424122       0.00234362
     2.4000000       0.22423965       0.00239544
     2.5000000       0.24837369       0.00247501
     2.6000000       0.27720236       0.00265346
     2.7000000       0.31109991       0.00291892
     2.8000000       0.35103812       0.00313794
     2.9000000       0.39874916       0.00321554
     3.0000000       0.45645111       0.00310040
