     0.0000000       0.19623050       0.00728959
     0.1000000       0.16959789       0.00737092
     0.2000000       0.15178753       0.00734856
     0.3000000       0.14079179       0.00723027
     0.4000000       0.13471481       0.00713746
     0.5000000       0.13277525       0.00707108
     0.6000000       0.13496445       0.00704602
     0.7000000       0.14165680       0.00705525
     0.8000000       0.15314898       0.00709623
     0.9000000       0.17044552       0.00718578
     1.0000000       0.19623050       0.00728959
