     0.0000000       0.10689982       0.00225484
     0.1000000       0.08025484       0.00212612
     0.2000000       0.06083442       0.00215150
     0.3000000       0.04880254       0.00218089
     0.4000000       0.04046548       0.00223231
     0.5000000       0.03404513       0.00208140
     0.6000000       0.03006248       0.00203255
     0.7000000       0.02823446       0.00194803
     0.8000000       0.02551257       0.00213799
     0.9000000       0.02296272       0.00208251
     1.0000000       0.02058555       0.00217795
     1.1000000       0.01929130       0.00211814
     1.2000000       0.01712095       0.00205841
     1.3000000       0.01549955       0.00217784
     1.4000000       0.01292554       0.00217471
     1.5000000       0.01191090       0.00210346
     1.6000000       0.01174830       0.00205591
     1.7000000       0.01025009       0.00216235
     1.8000000       0.00972774       0.00211660
     1.9000000       0.00946470       0.00197216
     2.0000000       0.01108355       0.00186840
     2.1000000       0.01235938       0.00209197
     2.2000000       0.01480165       0.00202724
     2.3000000       0.01351937       0.00209079
     2.4000000       0.01261216       0.00206367
     2.5000000       0.01184255       0.00206345
     2.6000000       0.01217451       0.00198808
     2.7000000       0.01415570       0.00198120
     2.8000000       0.01459379       0.00207450
     2.9000000       0.01572645       0.00193047
     3.0000000       0.01635208       0.00185967
     3.1000000       0.01773722       0.00196311
     3.2000000       0.01863282       0.00201565
     3.3000000       0.01968807       0.00191638
     3.4000000       0.02315740       0.00181325
     3.5000000       0.02369489       0.00191861
     3.6000000       0.02987235       0.00199529
     3.7000000       0.03231567       0.00209385
     3.8000000       0.03701023       0.00201570
     3.9000000       0.04165669       0.00206088
     4.0000000       0.04904097       0.00189980
     4.1000000       0.05321798       0.00213053
     4.2000000       0.05882240       0.00210873
     4.3000000       0.06678966       0.00215968
     4.4000000       0.07618328       0.00218001
     4.5000000       0.08861669       0.00211486
     4.6000000       0.10271165       0.00235404
     4.7000000       0.11716909       0.00229456
     4.8000000       0.13465068       0.00220758
     4.9000000       0.15328744       0.00236808
     5.0000000       0.17540044       0.00236485
     5.1000000       0.20170948       0.00232423
     5.2000000       0.23549418       0.00223808
     5.3000000       0.27590404       0.00205462
     5.4000000       0.32267632       0.00218504
     5.5000000       0.37523949       0.00212566
     5.6000000       0.44125634       0.00222685
     5.7000000       0.52223754       0.00218284
     5.8000000       0.61862094       0.00229752
     5.9000000       0.74123452       0.00222495
     6.0000000       0.89310018       0.00225484
