     0.0000000       0.50109614       0.00104835
     0.1000000       0.45786365       0.00132753
     0.2000000       0.42950277       0.00152911
     0.3000000       0.40892460       0.00162309
     0.4000000       0.39772194       0.00177998
     0.5000000       0.39378001       0.00180781
     0.6000000       0.39828428       0.00168886
     0.7000000       0.40881696       0.00157583
     0.8000000       0.42838042       0.00141818
     0.9000000       0.45694553       0.00121689
     1.0000000       0.49890386       0.00104835
