     0.0000000       0.49878795       0.00156813
     0.1000000       0.45056531       0.00170425
     0.2000000       0.41545746       0.00195055
     0.3000000       0.38847268       0.00198605
     0.4000000       0.36835093       0.00201888
     0.5000000       0.35022808       0.00207731
     0.6000000       0.33649159       0.00215697
     0.7000000       0.32558745       0.00218340
     0.8000000       0.31698649       0.00223683
     0.9000000       0.30953727       0.00229462
     1.0000000       0.30507322       0.00224829
     1.1000000       0.29970574       0.00231524
     1.2000000       0.29624187       0.00231830
     1.3000000       0.29442083       0.00241089
     1.4000000       0.29174973       0.00248354
     1.5000000       0.29012283       0.00261339
     1.6000000       0.29040649       0.00255616
     1.7000000       0.29294048       0.00262080
     1.8000000       0.29553168       0.00268099
     1.9000000       0.29879212       0.00253398
     2.0000000       0.30305522       0.00242856
     2.1000000       0.30972594       0.00240212
     2.2000000       0.31465070       0.00225560
     2.3000000       0.32502589       0.00230813
     2.4000000       0.33643020       0.00212496
     2.5000000       0.34960600       0.00200855
     2.6000000       0.36758660       0.00189642
     2.7000000       0.39121644       0.00175652
     2.8000000       0.41733899       0.00176579
     2.9000000       0.45503250       0.00172724
     3.0000000       0.50121205       0.00156813
