     0.0000000       0.27198522       0.03827687
     0.1000000       0.19177141       0.01303487
     0.2000000       0.12067257       0.01072892
     0.3000000       0.08211103       0.00915899
     0.4000000       0.03018878       0.01763697
     0.5000000       0.02209138       0.00813700
     0.6000000       0.01498791       0.00709935
     0.7000000      -0.01459140       0.02542277
     0.8000000       0.01546010       0.01191456
     0.9000000       0.02933420       0.03032690
     1.0000000       0.01655239       0.01496095
     1.1000000       0.01550395       0.01242551
     1.2000000      -0.00569654       0.00863718
     1.3000000      -0.00778083       0.01092276
     1.4000000      -0.02405825       0.02736367
     1.5000000       0.01098493       0.00558181
     1.6000000       0.00290059       0.00325693
     1.7000000      -0.00840275       0.00624058
     1.8000000      -0.01116506       0.01031507
     1.9000000      -0.00054758       0.00318747
     2.0000000      -0.00447941       0.00398212
     2.1000000      -0.01009388       0.00748643
     2.2000000      -0.00991243       0.01043087
     2.3000000       0.00114201       0.00330754
     2.4000000      -0.00510319       0.00577891
     2.5000000       0.01714543       0.01460584
     2.6000000      -0.00179364       0.00447644
     2.7000000      -0.00963875       0.01566314
     2.8000000      -0.00963168       0.01601182
     2.9000000       0.00622485       0.00492756
     3.0000000      -0.00161734       0.00849658
     3.1000000       0.00022143       0.00769066
     3.2000000      -0.00069030       0.00617723
     3.3000000      -0.00645676       0.00711475
     3.4000000      -0.00270208       0.00817048
     3.5000000      -0.01773140       0.01330907
     3.6000000      -0.01829134       0.01668838
     3.7000000       0.00315441       0.00708367
     3.8000000       0.00249960       0.00416575
     3.9000000      -0.00145807       0.00376231
     4.0000000      -0.00397490       0.00727143
     4.1000000      -0.00244654       0.00742486
     4.2000000       0.01093032       0.00590882
     4.3000000       0.00216029       0.00460906
     4.4000000       0.00303406       0.00514226
     4.5000000       0.00595478       0.00546289
     4.6000000       0.00412097       0.00396804
     4.7000000      -0.00470994       0.00858460
     4.8000000      -0.01350683       0.01612935
     4.9000000      -0.00463204       0.01014103
     5.0000000      -0.01862866       0.01957663
     5.1000000      -0.02227431       0.03052005
     5.2000000      -0.00339872       0.01587359
     5.3000000       0.01431610       0.00382495
     5.4000000       0.00567464       0.00994382
     5.5000000       0.01305042       0.01150626
     5.6000000       0.04012099       0.00787237
     5.7000000       0.07110647       0.01059325
     5.8000000       0.08798271       0.01502982
     5.9000000       0.16681987       0.01086072
     6.0000000       0.27198522       0.03827687
