     0.0000000       0.25947732       0.00050128
     0.1000000       0.25583696       0.00051074
     0.2000000       0.26218649       0.00054170
     0.3000000       0.27749427       0.00057928
     0.4000000       0.30119793       0.00066929
     0.5000000       0.33449073       0.00068941
     0.6000000       0.37862550       0.00074117
     0.7000000       0.43623216       0.00076891
     0.8000000       0.51007408       0.00078827
     0.9000000       0.60902354       0.00070774
     1.0000000       0.74052268       0.00050128
