     0.0000000       0.16474586       0.00681856
     0.1000000       0.15248636       0.00580306
     0.2000000       0.15119877       0.00497438
     0.3000000       0.14178172       0.00313512
     0.4000000       0.13364413       0.00362445
     0.5000000       0.13127664       0.00440077
     0.6000000       0.13302695       0.00345722
     0.7000000       0.13782002       0.00454291
     0.8000000       0.14149030       0.00396365
     0.9000000       0.14781109       0.00544628
     1.0000000       0.16474586       0.00681856
