     0.0000000       0.29828453       0.01024114
     0.1000000       0.17967897       0.00994984
     0.2000000       0.11075123       0.00943870
     0.3000000       0.06924422       0.00892449
     0.4000000       0.04566898       0.00869347
     0.5000000       0.03158003       0.00862046
     0.6000000       0.02219519       0.00826285
     0.7000000       0.01685916       0.00791296
     0.8000000       0.01390206       0.00770721
     0.9000000       0.01350193       0.00774264
     1.0000000       0.01417981       0.00836163
     1.1000000       0.01523734       0.00903129
     1.2000000       0.01625985       0.00922226
     1.3000000       0.01639248       0.00938463
     1.4000000       0.01644119       0.01031665
     1.5000000       0.01393716       0.01047986
     1.6000000       0.01044336       0.00945605
     1.7000000       0.00863822       0.00855287
     1.8000000       0.00725572       0.00805776
     1.9000000       0.00550007       0.00767305
     2.0000000       0.00377246       0.00735181
     2.1000000       0.00132943       0.00714669
     2.2000000      -0.00086770       0.00718335
     2.3000000      -0.00166304       0.00729228
     2.4000000      -0.00328624       0.00723484
     2.5000000      -0.00375077       0.00706279
     2.6000000      -0.00336857       0.00670382
     2.7000000      -0.00430831       0.00629019
     2.8000000      -0.00517820       0.00587506
     2.9000000      -0.00501212       0.00579802
     3.0000000      -0.00423834       0.00598261
     3.1000000      -0.00394253       0.00614193
     3.2000000      -0.00448818       0.00605890
     3.3000000      -0.00394147       0.00585743
     3.4000000      -0.00276733       0.00552568
     3.5000000      -0.00113817       0.00520748
     3.6000000       0.00072537       0.00519457
     3.7000000       0.00306503       0.00548189
     3.8000000       0.00344784       0.00584974
     3.9000000       0.00167927       0.00596579
     4.0000000       0.00031832       0.00592084
     4.1000000      -0.00075945       0.00587695
     4.2000000      -0.00018406       0.00584635
     4.3000000       0.00058220       0.00596082
     4.4000000       0.00150591       0.00642307
     4.5000000       0.00238997       0.00678822
     4.6000000       0.00334953       0.00701351
     4.7000000       0.00607552       0.00737401
     4.8000000       0.00707775       0.00776071
     4.9000000       0.00651718       0.00766793
     5.0000000       0.00646598       0.00734035
     5.1000000       0.00699246       0.00734909
     5.2000000       0.00778496       0.00761847
     5.3000000       0.01090804       0.00766150
     5.4000000       0.01782215       0.00733021
     5.5000000       0.02778212       0.00752275
     5.6000000       0.04259836       0.00833516
     5.7000000       0.06640596       0.00912453
     5.8000000       0.10700023       0.00970375
     5.9000000       0.17641360       0.01011569
     6.0000000       0.29828453       0.01024114
