     0.0000000       0.48444276       0.00780696
     0.1000000       0.40927253       0.00855680
     0.2000000       0.34924175       0.00802193
     0.3000000       0.30101339       0.00689535
     0.4000000       0.26265788       0.00596855
     0.5000000       0.23166324       0.00542075
     0.6000000       0.20587008       0.00496851
     0.7000000       0.18372812       0.00435912
     0.8000000       0.16467268       0.00398961
     0.9000000       0.14897913       0.00379362
     1.0000000       0.13632942       0.00433506
     1.1000000       0.12489823       0.00485543
     1.2000000       0.11334147       0.00418425
     1.3000000       0.10171659       0.00293006
     1.4000000       0.09242869       0.00267705
     1.5000000       0.08603644       0.00256754
     1.6000000       0.07998515       0.00251935
     1.7000000       0.07387480       0.00244652
     1.8000000       0.06830928       0.00236013
     1.9000000       0.06363014       0.00233720
     2.0000000       0.05995742       0.00239045
     2.1000000       0.05717910       0.00244442
     2.2000000       0.05481378       0.00259463
     2.3000000       0.05237474       0.00282532
     2.4000000       0.05053701       0.00280757
     2.5000000       0.04973109       0.00257860
     2.6000000       0.04953146       0.00245487
     2.7000000       0.04928913       0.00238829
     2.8000000       0.04889201       0.00236646
     2.9000000       0.04882711       0.00241274
     3.0000000       0.04907003       0.00249202
     3.1000000       0.04938733       0.00254613
     3.2000000       0.04928634       0.00253156
     3.3000000       0.04913163       0.00252409
     3.4000000       0.05017067       0.00257795
     3.5000000       0.05236127       0.00270695
     3.6000000       0.05472056       0.00290521
     3.7000000       0.05675312       0.00285231
     3.8000000       0.05857215       0.00254794
     3.9000000       0.06148101       0.00241929
     4.0000000       0.06500188       0.00236736
     4.1000000       0.06850209       0.00228396
     4.2000000       0.07285665       0.00240248
     4.3000000       0.07739440       0.00263981
     4.4000000       0.08210521       0.00276717
     4.5000000       0.08736287       0.00265827
     4.6000000       0.09324254       0.00255036
     4.7000000       0.10082875       0.00261634
     4.8000000       0.11019346       0.00273096
     4.9000000       0.12047700       0.00291982
     5.0000000       0.13208573       0.00311224
     5.1000000       0.14653880       0.00335176
     5.2000000       0.16340285       0.00372310
     5.3000000       0.18205697       0.00414122
     5.4000000       0.20450238       0.00464532
     5.5000000       0.23176339       0.00529705
     5.6000000       0.26340696       0.00586270
     5.7000000       0.30116758       0.00624269
     5.8000000       0.34749903       0.00655659
     5.9000000       0.40635743       0.00689172
     6.0000000       0.48444276       0.00780696
