     0.0000000       0.10643213       0.00236543
     0.1000000       0.08087884       0.00212927
     0.2000000       0.06517394       0.00231029
     0.3000000       0.05126680       0.00232217
     0.4000000       0.04066959       0.00222283
     0.5000000       0.03333045       0.00207645
     0.6000000       0.02759124       0.00224645
     0.7000000       0.02482240       0.00206439
     0.8000000       0.02119607       0.00203576
     0.9000000       0.01864011       0.00196624
     1.0000000       0.01672516       0.00200580
     1.1000000       0.01367280       0.00201348
     1.2000000       0.01367780       0.00198372
     1.3000000       0.01089727       0.00185486
     1.4000000       0.00982264       0.00200855
     1.5000000       0.01141642       0.00200026
     1.6000000       0.00805045       0.00195697
     1.7000000       0.00981531       0.00187094
     1.8000000       0.00890961       0.00194586
     1.9000000       0.00832082       0.00194087
     2.0000000       0.01064222       0.00197218
     2.1000000       0.01076895       0.00192779
     2.2000000       0.00937868       0.00194206
     2.3000000       0.01072409       0.00188746
     2.4000000       0.01327339       0.00188967
     2.5000000       0.01513890       0.00198394
     2.6000000       0.01413504       0.00186553
     2.7000000       0.01574524       0.00216049
     2.8000000       0.01658818       0.00224925
     2.9000000       0.01602859       0.00226993
     3.0000000       0.01640158       0.00216626
     3.1000000       0.01810996       0.00235632
     3.2000000       0.01754040       0.00231214
     3.3000000       0.01850217       0.00221442
     3.4000000       0.01975583       0.00242202
     3.5000000       0.02284355       0.00228312
     3.6000000       0.02537476       0.00221442
     3.7000000       0.02906985       0.00218289
     3.8000000       0.03274509       0.00232078
     3.9000000       0.03608190       0.00236689
     4.0000000       0.04310755       0.00233759
     4.1000000       0.05050569       0.00232587
     4.2000000       0.05747744       0.00230082
     4.3000000       0.06546838       0.00229856
     4.4000000       0.07493866       0.00232213
     4.5000000       0.08466235       0.00241958
     4.6000000       0.10116021       0.00238588
     4.7000000       0.11516890       0.00232327
     4.8000000       0.13037918       0.00227514
     4.9000000       0.14966344       0.00214019
     5.0000000       0.17343125       0.00225054
     5.1000000       0.20263847       0.00218140
     5.2000000       0.23490461       0.00219043
     5.3000000       0.27242948       0.00226182
     5.4000000       0.32001677       0.00230131
     5.5000000       0.37464221       0.00247483
     5.6000000       0.43872810       0.00243295
     5.7000000       0.51812196       0.00244318
     5.8000000       0.61448574       0.00229628
     5.9000000       0.73876260       0.00222511
     6.0000000       0.89356787       0.00236543
