     0.0000000       0.15282410       0.00822701
     0.1000000       0.15282410       0.00822701
     0.2000000       0.15282410       0.00822701
     0.3000000       0.15282410       0.00822701
     0.4000000       0.15282410       0.00822701
     0.5000000       0.15282410       0.00822701
     0.6000000       0.15282410       0.00822701
     0.7000000       0.15282410       0.00822701
     0.8000000       0.15282410       0.00822701
     0.9000000       0.15282410       0.00822701
     1.0000000       0.15282410       0.00822701
