     0.0000000       0.07642995       0.00925442
     0.1000000       0.05824582       0.00974815
     0.2000000       0.04498908       0.00975361
     0.3000000       0.03512993       0.00941482
     0.4000000       0.02784574       0.00885616
     0.5000000       0.02204793       0.00847626
     0.6000000       0.01748466       0.00833837
     0.7000000       0.01403061       0.00826200
     0.8000000       0.01115586       0.00815611
     0.9000000       0.00889149       0.00808015
     1.0000000       0.00711830       0.00814317
     1.1000000       0.00585068       0.00803353
     1.2000000       0.00503111       0.00793918
     1.3000000       0.00426344       0.00801458
     1.4000000       0.00409302       0.00741248
     1.5000000       0.00404650       0.00672608
     1.6000000       0.00354281       0.00637229
     1.7000000       0.00335922       0.00584904
     1.8000000       0.00367180       0.00530218
     1.9000000       0.00423954       0.00480110
     2.0000000       0.00462034       0.00451234
     2.1000000       0.00447996       0.00458183
     2.2000000       0.00381353       0.00490705
     2.3000000       0.00309991       0.00504432
     2.4000000       0.00261030       0.00489782
     2.5000000       0.00226013       0.00494061
     2.6000000       0.00217419       0.00505045
     2.7000000       0.00210170       0.00512257
     2.8000000       0.00211287       0.00527081
     2.9000000       0.00235875       0.00538978
     3.0000000       0.00269785       0.00538547
     3.1000000       0.00314768       0.00536073
     3.2000000       0.00355509       0.00532874
     3.3000000       0.00370120       0.00531297
     3.4000000       0.00351989       0.00545005
     3.5000000       0.00283267       0.00589544
     3.6000000       0.00190696       0.00649003
     3.7000000       0.00160976       0.00658912
     3.8000000       0.00172154       0.00642912
     3.9000000       0.00178463       0.00640470
     4.0000000       0.00256543       0.00611079
     4.1000000       0.00373400       0.00575816
     4.2000000       0.00447671       0.00572585
     4.3000000       0.00500362       0.00585734
     4.4000000       0.00532403       0.00602577
     4.5000000       0.00557509       0.00622278
     4.6000000       0.00612834       0.00638507
     4.7000000       0.00700977       0.00647505
     4.8000000       0.00810433       0.00674336
     4.9000000       0.00967406       0.00711761
     5.0000000       0.01151673       0.00733239
     5.1000000       0.01314533       0.00758980
     5.2000000       0.01544118       0.00762475
     5.3000000       0.01918428       0.00690127
     5.4000000       0.02327402       0.00632608
     5.5000000       0.02738981       0.00645052
     5.6000000       0.03259413       0.00683275
     5.7000000       0.03927274       0.00732470
     5.8000000       0.04808813       0.00788725
     5.9000000       0.06020654       0.00851019
     6.0000000       0.07642995       0.00925442
