     0.0000000       0.50000000       0.00000000
     0.1000000       0.39874655       0.00097577
     0.2000000       0.32421376       0.00114727
     0.3000000       0.26942611       0.00127670
     0.4000000       0.22707940       0.00131089
     0.5000000       0.19231321       0.00138352
     0.6000000       0.16565855       0.00129977
     0.7000000       0.14371939       0.00136629
     0.8000000       0.12626160       0.00144377
     0.9000000       0.10943604       0.00142316
     1.0000000       0.09623747       0.00137327
     1.1000000       0.08579408       0.00147241
     1.2000000       0.07627221       0.00142741
     1.3000000       0.06964178       0.00139260
     1.4000000       0.06199239       0.00153383
     1.5000000       0.05773643       0.00150558
     1.6000000       0.05332499       0.00137851
     1.7000000       0.04831076       0.00127491
     1.8000000       0.04344497       0.00123332
     1.9000000       0.03972003       0.00127461
     2.0000000       0.03646746       0.00131750
     2.1000000       0.03587403       0.00122465
     2.2000000       0.03453210       0.00123681
     2.3000000       0.03316991       0.00123271
     2.4000000       0.03207328       0.00124278
     2.5000000       0.03077528       0.00126344
     2.6000000       0.02932723       0.00131715
     2.7000000       0.02712630       0.00126153
     2.8000000       0.02780295       0.00125712
     2.9000000       0.02838470       0.00129871
     3.0000000       0.02725201       0.00134773
     3.1000000       0.02685874       0.00134799
     3.2000000       0.02662389       0.00140474
     3.3000000       0.02693517       0.00141702
     3.4000000       0.02806608       0.00140586
     3.5000000       0.02903968       0.00144559
     3.6000000       0.03018690       0.00132213
     3.7000000       0.03201561       0.00137600
     3.8000000       0.03331394       0.00133315
     3.9000000       0.03546055       0.00128917
     4.0000000       0.03811012       0.00127408
     4.1000000       0.03980533       0.00130985
     4.2000000       0.04389906       0.00134420
     4.3000000       0.04769972       0.00137991
     4.4000000       0.05105507       0.00151580
     4.5000000       0.05716215       0.00177841
     4.6000000       0.06340241       0.00154086
     4.7000000       0.07009764       0.00154007
     4.8000000       0.07747364       0.00158654
     4.9000000       0.08735298       0.00159145
     5.0000000       0.09845699       0.00176115
     5.1000000       0.10965614       0.00161390
     5.2000000       0.12470375       0.00159048
     5.3000000       0.14338696       0.00158052
     5.4000000       0.16432473       0.00151290
     5.5000000       0.19272356       0.00149713
     5.6000000       0.22679725       0.00144330
     5.7000000       0.26971153       0.00134495
     5.8000000       0.32544324       0.00125531
     5.9000000       0.39974929       0.00093476
     6.0000000       0.50000000       0.00000000
