     0.0000000       0.71241439       0.00721281
     0.1000000       0.62497050       0.00787758
     0.2000000       0.56614239       0.00768761
     0.3000000       0.52748260       0.00660511
     0.4000000       0.50606671       0.00594551
     0.5000000       0.49934232       0.00566505
     0.6000000       0.50593598       0.00553742
     0.7000000       0.52690159       0.00567036
     0.8000000       0.56457891       0.00604598
     0.9000000       0.62365777       0.00660259
     1.0000000       0.71241439       0.00721281
