     0.0000000       0.29533374       0.00468888
     0.1000000       0.19726914       0.00418349
     0.2000000       0.14749940       0.00412659
     0.3000000       0.11499556       0.00334554
     0.4000000       0.09721704       0.00311254
     0.5000000       0.08922071       0.00401153
     0.6000000       0.10271969       0.00363298
     0.7000000       0.11533539       0.00367846
     0.8000000       0.15219190       0.00358159
     0.9000000       0.20038617       0.00352811
     1.0000000       0.29533374       0.00468888
