     0.0000000       0.18798304       0.00879269
     0.1000000       0.13270681       0.00849082
     0.2000000       0.09450378       0.00829161
     0.3000000       0.06814665       0.00804765
     0.4000000       0.05016091       0.00773988
     0.5000000       0.03764319       0.00751638
     0.6000000       0.02842780       0.00749359
     0.7000000       0.02132073       0.00763528
     0.8000000       0.01659005       0.00751975
     0.9000000       0.01335766       0.00718102
     1.0000000       0.01038941       0.00705407
     1.1000000       0.00866582       0.00695277
     1.2000000       0.00901121       0.00669876
     1.3000000       0.00969396       0.00648265
     1.4000000       0.00982579       0.00637001
     1.5000000       0.00916671       0.00636286
     1.6000000       0.00834243       0.00631450
     1.7000000       0.00833838       0.00620674
     1.8000000       0.00927100       0.00612919
     1.9000000       0.01132198       0.00608440
     2.0000000       0.01325765       0.00620620
     2.1000000       0.01522495       0.00646432
     2.2000000       0.01857023       0.00678495
     2.3000000       0.02314164       0.00733153
     2.4000000       0.02866185       0.00806192
     2.5000000       0.03598323       0.00897139
     2.6000000       0.04840968       0.00938279
     2.7000000       0.06806358       0.00914230
     2.8000000       0.09500791       0.00903026
     2.9000000       0.13276672       0.00899764
     3.0000000       0.18798304       0.00879269
