     0.0000000       0.31066876       0.00854592
     0.1000000       0.19866250       0.00826567
     0.2000000       0.14545167       0.00378647
     0.3000000       0.10951158       0.00331576
     0.4000000       0.09006297       0.00405569
     0.5000000       0.08334841       0.00516034
     0.6000000       0.09053564       0.00359698
     0.7000000       0.10697485       0.00537176
     0.8000000       0.13999734       0.00419214
     0.9000000       0.19830470       0.00621706
     1.0000000       0.31066876       0.00854592
