     0.0000000       0.24674256       0.00855744
     0.1000000       0.22891342       0.00905545
     0.2000000       0.21285208       0.00899193
     0.3000000       0.19834810       0.00863562
     0.4000000       0.18511744       0.00809131
     0.5000000       0.17362866       0.00773771
     0.6000000       0.16379126       0.00762767
     0.7000000       0.15497898       0.00760823
     0.8000000       0.14692493       0.00762178
     0.9000000       0.13963342       0.00766850
     1.0000000       0.13305058       0.00779149
     1.1000000       0.12690155       0.00780575
     1.2000000       0.12136365       0.00788938
     1.3000000       0.11641436       0.00804317
     1.4000000       0.11111279       0.00742587
     1.5000000       0.10596838       0.00663110
     1.6000000       0.10165964       0.00622779
     1.7000000       0.09762004       0.00579184
     1.8000000       0.09393490       0.00538265
     1.9000000       0.09064056       0.00498291
     2.0000000       0.08774618       0.00472898
     2.1000000       0.08547892       0.00484262
     2.2000000       0.08381858       0.00524512
     2.3000000       0.08223874       0.00541689
     2.4000000       0.08058306       0.00520166
     2.5000000       0.07948376       0.00518993
     2.6000000       0.07868908       0.00529349
     2.7000000       0.07803324       0.00534274
     2.8000000       0.07751241       0.00539428
     2.9000000       0.07697076       0.00533234
     3.0000000       0.07641989       0.00513512
     3.1000000       0.07598180       0.00498012
     3.2000000       0.07586240       0.00484132
     3.3000000       0.07612801       0.00466970
     3.4000000       0.07694862       0.00468117
     3.5000000       0.07840693       0.00498448
     3.6000000       0.08031705       0.00537919
     3.7000000       0.08201114       0.00536343
     3.8000000       0.08360977       0.00516392
     3.9000000       0.08541823       0.00508345
     4.0000000       0.08712716       0.00478503
     4.1000000       0.08922404       0.00449760
     4.2000000       0.09222080       0.00454812
     4.3000000       0.09583882       0.00477395
     4.4000000       0.09980268       0.00502884
     4.5000000       0.10408825       0.00530372
     4.6000000       0.10864221       0.00552114
     4.7000000       0.11348375       0.00564969
     4.8000000       0.11897051       0.00601495
     4.9000000       0.12503778       0.00655848
     5.0000000       0.13150977       0.00689830
     5.1000000       0.13869897       0.00716163
     5.2000000       0.14618499       0.00711510
     5.3000000       0.15353214       0.00635357
     5.4000000       0.16197002       0.00578651
     5.5000000       0.17214819       0.00587242
     5.6000000       0.18358904       0.00621171
     5.7000000       0.19643472       0.00669097
     5.8000000       0.21094115       0.00725067
     5.9000000       0.22745616       0.00783063
     6.0000000       0.24674256       0.00855744
