     0.0000000       0.06764728       0.00091601
     0.1000000       0.06585170       0.00085007
     0.2000000       0.07078581       0.00085173
     0.3000000       0.08319789       0.00077812
     0.4000000       0.10365689       0.00084328
     0.5000000       0.13717174       0.00091437
     0.6000000       0.19032483       0.00091784
     0.7000000       0.27285668       0.00097974
     0.8000000       0.40426611       0.00097585
     0.9000000       0.60842738       0.00102469
     1.0000000       0.93235272       0.00091601
