     0.0000000       0.34482311       0.01690260
     0.1000000       0.19771399       0.01785892
     0.2000000       0.12332850       0.01734524
     0.3000000       0.08581876       0.01563497
     0.4000000       0.06786744       0.01470642
     0.5000000       0.06337048       0.01436235
     0.6000000       0.07028588       0.01434064
     0.7000000       0.08870393       0.01442547
     0.8000000       0.12672823       0.01485492
     0.9000000       0.20079403       0.01580748
     1.0000000       0.34482311       0.01690260
