     0.0000000       0.32762267       0.01057999
     0.1000000       0.18972989       0.00733426
     0.2000000       0.11696136       0.00570631
     0.3000000       0.07507970       0.00500365
     0.4000000       0.05344466       0.00442252
     0.5000000       0.03847076       0.00565265
     0.6000000       0.02894005       0.00542072
     0.7000000       0.02245302       0.00598464
     0.8000000       0.01631418       0.00346519
     0.9000000       0.01139896       0.00421872
     1.0000000       0.01075512       0.00395759
     1.1000000       0.00693271       0.00451768
     1.2000000       0.00550196       0.00534567
     1.3000000       0.01158962       0.00401872
     1.4000000       0.01353867       0.00479586
     1.5000000       0.01269885       0.00430879
     1.6000000       0.01551950       0.00433071
     1.7000000       0.01347532       0.00454626
     1.8000000       0.00966506       0.00475389
     1.9000000       0.00927156       0.00497949
     2.0000000       0.01583902       0.00404138
     2.1000000       0.01890310       0.00385722
     2.2000000       0.02376761       0.00409136
     2.3000000       0.02379416       0.00408174
     2.4000000       0.02355403       0.00520819
     2.5000000       0.03610609       0.00504052
     2.6000000       0.05389002       0.00395089
     2.7000000       0.07291867       0.00649313
     2.8000000       0.11564559       0.00643694
     2.9000000       0.19761681       0.00788104
     3.0000000       0.32762267       0.01057999
