     0.0000000       0.89495413       0.00216874
     0.1000000       0.74136458       0.00228426
     0.2000000       0.62111206       0.00243169
     0.3000000       0.52253450       0.00239103
     0.4000000       0.44207127       0.00245796
     0.5000000       0.37672973       0.00255553
     0.6000000       0.32127547       0.00254291
     0.7000000       0.27725043       0.00247763
     0.8000000       0.23956579       0.00244236
     0.9000000       0.20805529       0.00253331
     1.0000000       0.17798903       0.00240671
     1.1000000       0.15551078       0.00231233
     1.2000000       0.13609981       0.00217964
     1.3000000       0.12013985       0.00213595
     1.4000000       0.10325843       0.00231714
     1.5000000       0.09010801       0.00235180
     1.6000000       0.07757361       0.00243359
     1.7000000       0.06807532       0.00225302
     1.8000000       0.05766291       0.00215093
     1.9000000       0.05079247       0.00192980
     2.0000000       0.04521211       0.00189691
     2.1000000       0.04176772       0.00208262
     2.2000000       0.03571567       0.00196831
     2.3000000       0.03329335       0.00205004
     2.4000000       0.03092720       0.00208785
     2.5000000       0.02845261       0.00190731
     2.6000000       0.02335380       0.00199152
     2.7000000       0.02093534       0.00208899
     2.8000000       0.01827533       0.00202440
     2.9000000       0.01696930       0.00189676
     3.0000000       0.01664338       0.00185684
     3.1000000       0.01460107       0.00201874
     3.2000000       0.01282659       0.00225797
     3.3000000       0.01250621       0.00223558
     3.4000000       0.01193515       0.00214948
     3.5000000       0.01013194       0.00235044
     3.6000000       0.00838489       0.00244868
     3.7000000       0.00757252       0.00268981
     3.8000000       0.00551394       0.00239758
     3.9000000       0.00693710       0.00235203
     4.0000000       0.00580825       0.00226222
     4.1000000       0.00714133       0.00235320
     4.2000000       0.00635278       0.00227634
     4.3000000       0.00865419       0.00230033
     4.4000000       0.00950109       0.00219944
     4.5000000       0.00885151       0.00199420
     4.6000000       0.01150356       0.00190958
     4.7000000       0.01306799       0.00202355
     4.8000000       0.01486528       0.00200281
     4.9000000       0.01623997       0.00192632
     5.0000000       0.01876406       0.00199366
     5.1000000       0.02029858       0.00212275
     5.2000000       0.02330069       0.00220161
     5.3000000       0.02659135       0.00220878
     5.4000000       0.03168705       0.00214700
     5.5000000       0.03453509       0.00211730
     5.6000000       0.03889350       0.00237298
     5.7000000       0.04845896       0.00217751
     5.8000000       0.05983313       0.00214023
     5.9000000       0.07779605       0.00219011
     6.0000000       0.10504587       0.00216874
