     0.0000000       0.50000000       0.00000000
     0.1000000       0.45678764       0.00101401
     0.2000000       0.42849879       0.00133632
     0.3000000       0.40942773       0.00143375
     0.4000000       0.39733789       0.00159111
     0.5000000       0.39380879       0.00165260
     0.6000000       0.39845335       0.00150966
     0.7000000       0.40811772       0.00145276
     0.8000000       0.42907836       0.00129270
     0.9000000       0.45775390       0.00096720
     1.0000000       0.50000000       0.00000000
