     0.0000000       0.96818917       0.00145072
     0.1000000       0.63123223       0.00133264
     0.2000000       0.41464434       0.00151280
     0.3000000       0.27345130       0.00146409
     0.4000000       0.18305727       0.00157868
     0.5000000       0.12318552       0.00150573
     0.6000000       0.08274110       0.00152500
     0.7000000       0.05812482       0.00128957
     0.8000000       0.04050301       0.00166381
     0.9000000       0.02826297       0.00161591
     1.0000000       0.01983914       0.00163385
     1.1000000       0.01625299       0.00142865
     1.2000000       0.01420882       0.00145967
     1.3000000       0.00916795       0.00136689
     1.4000000       0.00553381       0.00145297
     1.5000000       0.00436487       0.00127987
     1.6000000       0.00380470       0.00152264
     1.7000000       0.00145822       0.00165251
     1.8000000       0.00188074       0.00147853
     1.9000000       0.00325109       0.00133709
     2.0000000       0.00238697       0.00126543
     2.1000000       0.00254154       0.00126648
     2.2000000       0.00196580       0.00127760
     2.3000000       0.00188995       0.00120888
     2.4000000      -0.00038889       0.00133142
     2.5000000      -0.00034185       0.00139670
     2.6000000      -0.00011516       0.00131078
     2.7000000      -0.00045618       0.00134147
     2.8000000       0.00026027       0.00124696
     2.9000000      -0.00221529       0.00131230
     3.0000000      -0.00060332       0.00118300
     3.1000000      -0.00184003       0.00128808
     3.2000000      -0.00165207       0.00136478
     3.3000000      -0.00130651       0.00130501
     3.4000000      -0.00040730       0.00122743
     3.5000000      -0.00145172       0.00125084
     3.6000000      -0.00180843       0.00127420
     3.7000000      -0.00161229       0.00145919
     3.8000000       0.00039367       0.00148728
     3.9000000      -0.00176051       0.00129987
     4.0000000      -0.00069289       0.00119483
     4.1000000      -0.00047633       0.00126241
     4.2000000      -0.00150578       0.00131616
     4.3000000      -0.00276396       0.00122588
     4.4000000      -0.00276164       0.00107765
     4.5000000       0.00017709       0.00106315
     4.6000000       0.00118543       0.00114859
     4.7000000      -0.00023325       0.00126897
     4.8000000       0.00168465       0.00133647
     4.9000000       0.00159187       0.00118754
     5.0000000       0.00103204       0.00124456
     5.1000000       0.00083222       0.00122704
     5.2000000       0.00246940       0.00121763
     5.3000000       0.00281667       0.00125772
     5.4000000       0.00331259       0.00132964
     5.5000000       0.00309677       0.00136171
     5.6000000       0.00132892       0.00142190
     5.7000000       0.00280545       0.00157425
     5.8000000       0.01021917       0.00145706
     5.9000000       0.01915257       0.00133775
     6.0000000       0.03181083       0.00145072
