     0.0000000       0.31769664       0.00726192
     0.1000000       0.20524906       0.00671426
     0.2000000       0.15564662       0.00622882
     0.3000000       0.11801286       0.00387091
     0.4000000       0.09590920       0.00292263
     0.5000000       0.08837593       0.00405671
     0.6000000       0.09674745       0.00216937
     0.7000000       0.11343812       0.00408003
     0.8000000       0.14576162       0.00285296
     0.9000000       0.20319266       0.00421705
     1.0000000       0.31769664       0.00726192
