     0.0000000       0.05995862       0.00986411
     0.1000000       0.05468750       0.00625780
     0.2000000       0.04991868       0.00723310
     0.3000000       0.04471350       0.00788040
     0.4000000       0.04273312       0.00512713
     0.5000000       0.03513561       0.00496637
     0.6000000       0.03668826       0.00510284
     0.7000000       0.03265243       0.00516609
     0.8000000       0.03955724       0.00588748
     0.9000000       0.03453246       0.00445914
     1.0000000       0.04164253       0.00584041
     1.1000000       0.03746343       0.00432153
     1.2000000       0.03182889       0.00527883
     1.3000000       0.03337556       0.00507020
     1.4000000       0.02968280       0.00686700
     1.5000000       0.03519295       0.00551650
     1.6000000       0.02743934       0.00595782
     1.7000000       0.02397136       0.00736554
     1.8000000       0.02886276       0.00710515
     1.9000000       0.02951380       0.00574275
     2.0000000       0.03308257       0.00573492
     2.1000000       0.02625348       0.00569493
     2.2000000       0.03115793       0.00487130
     2.3000000       0.02044546       0.00578881
     2.4000000       0.02119781       0.00543474
     2.5000000       0.02766054       0.00548425
     2.6000000       0.03378055       0.00555302
     2.7000000       0.04281062       0.00788557
     2.8000000       0.04845339       0.00679810
     2.9000000       0.04141387       0.00943562
     3.0000000       0.05995862       0.00986411
