     0.0000000       0.30032556       0.00983212
     0.1000000       0.18283232       0.00481790
     0.2000000       0.12820125       0.00575262
     0.3000000       0.08469038       0.00396106
     0.4000000       0.05935601       0.00347822
     0.5000000       0.03932821       0.00440384
     0.6000000       0.02842568       0.00453942
     0.7000000       0.02144368       0.00348568
     0.8000000       0.01630325       0.00305437
     0.9000000       0.01687083       0.00345508
     1.0000000       0.01317554       0.00371726
     1.1000000       0.00606354       0.00352623
     1.2000000       0.00581020       0.00358707
     1.3000000       0.00407440       0.00293946
     1.4000000       0.01074859       0.00228212
     1.5000000       0.00851217       0.00282591
     1.6000000       0.01264442       0.00300749
     1.7000000       0.01138719       0.00474358
     1.8000000       0.00838076       0.00413826
     1.9000000       0.01357041       0.00390462
     2.0000000       0.01308696       0.00231053
     2.1000000       0.01089571       0.00382561
     2.2000000       0.01882289       0.00514002
     2.3000000       0.02236374       0.00561400
     2.4000000       0.01725387       0.00700357
     2.5000000       0.03742233       0.00591822
     2.6000000       0.05594209       0.00487939
     2.7000000       0.07375149       0.00780658
     2.8000000       0.11733511       0.00657069
     2.9000000       0.19057843       0.00880904
     3.0000000       0.30032556       0.00983212
