     0.0000000      -0.03313704       0.05896715
     0.1000000      -0.00824063       0.02343529
     0.2000000      -0.01436424       0.02986320
     0.3000000      -0.01870787       0.03231857
     0.4000000      -0.00136697       0.01286232
     0.5000000      -0.00116349       0.00689249
     0.6000000       0.00991600       0.00730651
     0.7000000      -0.01965296       0.02538329
     0.8000000      -0.02173236       0.02948371
     0.9000000      -0.00637480       0.00792119
     1.0000000      -0.01887222       0.02163913
     1.1000000      -0.00902635       0.01347117
     1.2000000      -0.02090083       0.02578965
     1.3000000      -0.05379826       0.06019571
     1.4000000      -0.02421107       0.02907038
     1.5000000      -0.07258624       0.07692315
     1.6000000      -0.03526884       0.05058658
     1.7000000      -0.00857975       0.02111971
     1.8000000      -0.03103764       0.03455125
     1.9000000      -0.00786720       0.01304488
     2.0000000      -0.02199958       0.02208039
     2.1000000      -0.03199883       0.03976179
     2.2000000       0.04754718       0.04430806
     2.3000000       0.02563840       0.02339469
     2.4000000       0.04003396       0.03502118
     2.5000000       0.07419178       0.05746515
     2.6000000       0.04782957       0.03884870
     2.7000000       0.05975180       0.05364561
     2.8000000       0.05091950       0.04228388
     2.9000000       0.00963538       0.00522050
     3.0000000      -0.02669542       0.03624736
     3.1000000      -0.01580533       0.02288669
     3.2000000       0.00771932       0.00444590
     3.3000000      -0.00152575       0.00661346
     3.4000000      -0.01676391       0.02553654
     3.5000000       0.01112802       0.00615645
     3.6000000      -0.01814186       0.02288822
     3.7000000       0.01388746       0.01032214
     3.8000000      -0.03687317       0.03709132
     3.9000000      -0.03417189       0.04040086
     4.0000000      -0.04033927       0.05493521
     4.1000000      -0.05111347       0.06559981
     4.2000000      -0.01989488       0.03730096
     4.3000000       0.02347434       0.00979548
     4.4000000      -0.00392704       0.01587520
     4.5000000      -0.01096282       0.02044235
     4.6000000      -0.03540347       0.04687636
     4.7000000      -0.03558304       0.04496821
     4.8000000      -0.04342200       0.05189631
     4.9000000      -0.00643675       0.01499840
     5.0000000       0.03525606       0.02651278
     5.1000000      -0.01168246       0.01616846
     5.2000000      -0.02812786       0.03052922
     5.3000000      -0.00593419       0.01127973
     5.4000000      -0.03261005       0.04039424
     5.5000000       0.00905248       0.00572131
     5.6000000       0.00809077       0.00558262
     5.7000000      -0.00299993       0.01512484
     5.8000000       0.03232180       0.01977981
     5.9000000       0.03969432       0.02369858
     6.0000000      -0.03313704       0.05896715
