     0.0000000      -0.04914954       0.08031607
     0.1000000      -0.01180492       0.02725536
     0.2000000      -0.02099033       0.03671601
     0.3000000      -0.02750579       0.04036502
     0.4000000      -0.00149443       0.01190223
     0.5000000      -0.00118921       0.00703747
     0.6000000       0.01543002       0.01808955
     0.7000000      -0.02892341       0.03002431
     0.8000000      -0.03204252       0.03613012
     0.9000000      -0.00900617       0.00624373
     1.0000000      -0.02775231       0.02440211
     1.1000000      -0.01298350       0.01247725
     1.2000000      -0.03079522       0.03054240
     1.3000000      -0.08014137       0.08211814
     1.4000000      -0.03576059       0.03551205
     1.5000000      -0.10832334       0.10722305
     1.6000000      -0.05234724       0.06775166
     1.7000000      -0.01231360       0.02381002
     1.8000000      -0.04600043       0.04366528
     1.9000000      -0.01124477       0.01189968
     2.0000000      -0.03244334       0.02499266
     2.1000000      -0.04744222       0.05144699
     2.2000000       0.07187679       0.07452390
     2.3000000       0.03901362       0.04306882
     2.4000000       0.06060696       0.06061502
     2.5000000       0.11184370       0.09431145
     2.6000000       0.07230038       0.06636774
     2.7000000       0.09018372       0.08857318
     2.8000000       0.07693527       0.07151970
     2.9000000       0.01500910       0.00686622
     3.0000000      -0.03948710       0.04628717
     3.1000000      -0.02315197       0.02619105
     3.2000000       0.01213500       0.00732183
     3.3000000      -0.00173259       0.00608046
     3.4000000      -0.02458984       0.03017956
     3.5000000       0.01724805       0.01615025
     3.6000000      -0.02665677       0.02627381
     3.7000000       0.02138722       0.02303058
     3.8000000      -0.05475373       0.04749572
     3.9000000      -0.05070181       0.05246564
     4.0000000      -0.05995288       0.07425846
     4.1000000      -0.07611417       0.09023522
     4.2000000      -0.02928629       0.04779029
     4.3000000       0.03576753       0.02220519
     4.4000000      -0.00533453       0.01585527
     4.5000000      -0.01588820       0.02260152
     4.6000000      -0.05254918       0.06214307
     4.7000000      -0.05281853       0.05931384
     4.8000000      -0.06457698       0.06968962
     4.9000000      -0.00909910       0.01499222
     5.0000000       0.05344011       0.04776930
     5.1000000      -0.01696767       0.01659242
     5.2000000      -0.04163576       0.03774453
     5.3000000      -0.00834526       0.00956417
     5.4000000      -0.04835904       0.05245805
     5.5000000       0.01413474       0.00583515
     5.6000000       0.01269218       0.00851613
     5.7000000      -0.00394387       0.01494454
     5.8000000       0.04903872       0.03741943
     5.9000000       0.06009750       0.04320925
     6.0000000      -0.04914954       0.08031607
