     0.0000000       1.09688890       0.03443338
     0.1000000       0.90964453       0.03712674
     0.2000000       0.77536956       0.03570926
     0.3000000       0.67467775       0.03213019
     0.4000000       0.59650718       0.02754180
     0.5000000       0.53347155       0.02376012
     0.6000000       0.48149903       0.02021121
     0.7000000       0.43772341       0.01607212
     0.8000000       0.39985665       0.01249335
     0.9000000       0.37188761       0.01272307
     1.0000000       0.35567941       0.01996054
     1.1000000       0.34515974       0.03019956
     1.2000000       0.33350822       0.03700304
     1.3000000       0.31978830       0.03966019
     1.4000000       0.30752499       0.04167528
     1.5000000       0.29115767       0.03820444
     1.6000000       0.27079505       0.02965598
     1.7000000       0.25476953       0.02513700
     1.8000000       0.24203432       0.02243400
     1.9000000       0.23091694       0.01957167
     2.0000000       0.22070865       0.01726905
     2.1000000       0.21258299       0.01615840
     2.2000000       0.20558597       0.01593035
     2.3000000       0.19986850       0.01577312
     2.4000000       0.19537833       0.01565815
     2.5000000       0.19027073       0.01439721
     2.6000000       0.18653388       0.01343060
     2.7000000       0.18491424       0.01340228
     2.8000000       0.18490467       0.01402742
     2.9000000       0.18506211       0.01468427
     3.0000000       0.18432254       0.01412683
     3.1000000       0.18428872       0.01313212
     3.2000000       0.18633760       0.01269722
     3.3000000       0.18715474       0.01113031
     3.4000000       0.18817788       0.00943401
     3.5000000       0.19141263       0.00902529
     3.6000000       0.19544684       0.00926756
     3.7000000       0.19965404       0.00927731
     3.8000000       0.20302420       0.00852852
     3.9000000       0.20826115       0.00832363
     4.0000000       0.21575416       0.00815613
     4.1000000       0.22494822       0.00840968
     4.2000000       0.23557419       0.00952851
     4.3000000       0.24706005       0.01108107
     4.4000000       0.25934041       0.01291531
     4.5000000       0.27318214       0.01494884
     4.6000000       0.28975250       0.01810002
     4.7000000       0.30986959       0.02300611
     4.8000000       0.33222322       0.02806895
     4.9000000       0.35403654       0.03128844
     5.0000000       0.37744614       0.03436963
     5.1000000       0.40346949       0.03787350
     5.2000000       0.43058641       0.03876126
     5.3000000       0.45972891       0.03647464
     5.4000000       0.49455847       0.03315426
     5.5000000       0.53903341       0.03069359
     5.6000000       0.59719065       0.03002897
     5.7000000       0.67165902       0.02999893
     5.8000000       0.76806624       0.03021543
     5.9000000       0.90177850       0.03121154
     6.0000000       1.09688890       0.03443338
