     0.0000000       0.64618567       0.00613270
     0.1000000       0.51269164       0.00583569
     0.2000000       0.41430054       0.00530628
     0.3000000       0.33987121       0.00478210
     0.4000000       0.28172766       0.00441551
     0.5000000       0.23579663       0.00430819
     0.6000000       0.19889041       0.00421618
     0.7000000       0.16886194       0.00417566
     0.8000000       0.14479603       0.00403985
     0.9000000       0.12409442       0.00377553
     1.0000000       0.10524910       0.00411182
     1.1000000       0.08936976       0.00489710
     1.2000000       0.07665164       0.00546559
     1.3000000       0.06581987       0.00596577
     1.4000000       0.05619055       0.00703981
     1.5000000       0.04914869       0.00706157
     1.6000000       0.04416079       0.00592018
     1.7000000       0.03958811       0.00500063
     1.8000000       0.03535825       0.00445133
     1.9000000       0.03154927       0.00396797
     2.0000000       0.02824184       0.00353876
     2.1000000       0.02584501       0.00319244
     2.2000000       0.02344514       0.00317790
     2.3000000       0.02085887       0.00354333
     2.4000000       0.01962394       0.00356731
     2.5000000       0.01868761       0.00338064
     2.6000000       0.01732058       0.00319527
     2.7000000       0.01669704       0.00298551
     2.8000000       0.01656413       0.00279328
     2.9000000       0.01635091       0.00272094
     3.0000000       0.01605119       0.00284708
     3.1000000       0.01548090       0.00317216
     3.2000000       0.01518389       0.00331985
     3.3000000       0.01525438       0.00316065
     3.4000000       0.01619057       0.00293077
     3.5000000       0.01838767       0.00266468
     3.6000000       0.02133852       0.00232026
     3.7000000       0.02397595       0.00226830
     3.8000000       0.02658854       0.00254221
     3.9000000       0.03019500       0.00282161
     4.0000000       0.03397815       0.00286229
     4.1000000       0.03786739       0.00268679
     4.2000000       0.04217922       0.00258641
     4.3000000       0.04734041       0.00276890
     4.4000000       0.05355697       0.00305128
     4.5000000       0.06089845       0.00320544
     4.6000000       0.06914456       0.00348901
     4.7000000       0.07854969       0.00395636
     4.8000000       0.08974691       0.00444042
     4.9000000       0.10199320       0.00443831
     5.0000000       0.11628950       0.00430577
     5.1000000       0.13347629       0.00446356
     5.2000000       0.15349878       0.00475739
     5.3000000       0.17713659       0.00496183
     5.4000000       0.20567091       0.00479630
     5.5000000       0.24060521       0.00454095
     5.6000000       0.28481298       0.00465814
     5.7000000       0.34196922       0.00500702
     5.8000000       0.41617706       0.00549818
     5.9000000       0.51396392       0.00591895
     6.0000000       0.64618567       0.00613270
