     0.0000000       0.45808891       0.00312501
     0.1000000       0.39979262       0.00310164
     0.2000000       0.35187469       0.00299888
     0.3000000       0.31189104       0.00290518
     0.4000000       0.27819412       0.00277508
     0.5000000       0.24937240       0.00256949
     0.6000000       0.22502843       0.00237400
     0.7000000       0.20495372       0.00226786
     0.8000000       0.18822005       0.00219991
     0.9000000       0.17433469       0.00221172
     1.0000000       0.16304242       0.00221378
     1.1000000       0.15438884       0.00220147
     1.2000000       0.14819190       0.00221242
     1.3000000       0.14382823       0.00218256
     1.4000000       0.14138319       0.00217551
     1.5000000       0.14114182       0.00222800
     1.6000000       0.14288392       0.00232084
     1.7000000       0.14614331       0.00240817
     1.8000000       0.15074775       0.00240492
     1.9000000       0.15703982       0.00231941
     2.0000000       0.16534509       0.00225837
     2.1000000       0.17587855       0.00223243
     2.2000000       0.18925853       0.00224177
     2.3000000       0.20562394       0.00227702
     2.4000000       0.22506199       0.00233034
     2.5000000       0.24845167       0.00242790
     2.6000000       0.27693709       0.00257486
     2.7000000       0.31107134       0.00273972
     2.8000000       0.35136821       0.00287890
     2.9000000       0.39951850       0.00300538
     3.0000000       0.45808891       0.00312501
