     0.0000000       0.19803166       0.00778546
     0.1000000       0.14429598       0.00766166
     0.2000000       0.10685693       0.00745657
     0.3000000       0.08053013       0.00713292
     0.4000000       0.06159893       0.00679919
     0.5000000       0.04729877       0.00656113
     0.6000000       0.03676402       0.00639914
     0.7000000       0.02928317       0.00636095
     0.8000000       0.02384437       0.00641193
     0.9000000       0.02017119       0.00635065
     1.0000000       0.01709203       0.00635802
     1.1000000       0.01455535       0.00642449
     1.2000000       0.01295180       0.00644048
     1.3000000       0.01205924       0.00650003
     1.4000000       0.01189237       0.00658111
     1.5000000       0.01261769       0.00653098
     1.6000000       0.01425404       0.00635968
     1.7000000       0.01599465       0.00621295
     1.8000000       0.01704324       0.00620029
     1.9000000       0.01761196       0.00636695
     2.0000000       0.01931745       0.00662041
     2.1000000       0.02233109       0.00673938
     2.2000000       0.02612785       0.00671415
     2.3000000       0.03069855       0.00673524
     2.4000000       0.03627877       0.00683882
     2.5000000       0.04407101       0.00707490
     2.6000000       0.05603029       0.00745715
     2.7000000       0.07478277       0.00785769
     2.8000000       0.10217716       0.00801541
     2.9000000       0.14118870       0.00794123
     3.0000000       0.19803166       0.00778546
