     0.0000000       0.26243397       0.01382130
     0.1000000       0.16474120       0.00619646
     0.2000000       0.09771615       0.00576358
     0.3000000       0.06113663       0.00488830
     0.4000000       0.02847507       0.00855210
     0.5000000       0.01912505       0.00671208
     0.6000000       0.01394124       0.00626344
     0.7000000       0.01165583       0.00519225
     0.8000000       0.00279776       0.00878941
     0.9000000       0.00384908       0.00937121
     1.0000000      -0.00129130       0.00939348
     1.1000000      -0.00048661       0.00533923
     1.2000000       0.00403957       0.00756907
     1.3000000      -0.00365257       0.00604398
     1.4000000      -0.00861636       0.00836865
     1.5000000      -0.00179420       0.00472075
     1.6000000       0.00380609       0.00633310
     1.7000000      -0.00381586       0.00668120
     1.8000000      -0.00281818       0.00467865
     1.9000000      -0.00168141       0.00589063
     2.0000000      -0.00569543       0.00475270
     2.1000000      -0.00321606       0.00403570
     2.2000000      -0.00587170       0.00456214
     2.3000000      -0.00257749       0.00410661
     2.4000000      -0.00119429       0.00724364
     2.5000000      -0.00429641       0.00952994
     2.6000000      -0.00892338       0.00795422
     2.7000000      -0.00849345       0.00698889
     2.8000000      -0.00375243       0.00582588
     2.9000000      -0.00606297       0.00647441
     3.0000000      -0.00724336       0.00555289
     3.1000000       0.00137794       0.00327333
     3.2000000       0.00001383       0.00649041
     3.3000000       0.00067682       0.00613687
     3.4000000       0.00316840       0.00456897
     3.5000000      -0.00159858       0.00397951
     3.6000000      -0.00044466       0.00496383
     3.7000000      -0.00313865       0.00320401
     3.8000000       0.00153797       0.00433940
     3.9000000       0.00619858       0.00379796
     4.0000000       0.00808360       0.00635231
     4.1000000       0.00544759       0.00478014
     4.2000000       0.00415781       0.00503149
     4.3000000       0.00150775       0.00539183
     4.4000000       0.00423762       0.00378143
     4.5000000       0.00799337       0.00372779
     4.6000000       0.00535575       0.00380865
     4.7000000       0.00094255       0.00370635
     4.8000000       0.00353421       0.00520465
     4.9000000       0.00465743       0.00347407
     5.0000000       0.00530195       0.00353851
     5.1000000      -0.00047004       0.00867838
     5.2000000       0.00389241       0.00504651
     5.3000000       0.01330371       0.00516528
     5.4000000       0.01714871       0.00335792
     5.5000000       0.02260794       0.00512240
     5.6000000       0.03347981       0.00580875
     5.7000000       0.04994207       0.00820145
     5.8000000       0.08676879       0.01007127
     5.9000000       0.15322801       0.01073326
     6.0000000       0.26243397       0.01382130
