     0.0000000       0.17275132       0.00773085
     0.1000000       0.15910403       0.00776297
     0.2000000       0.14965111       0.00771923
     0.3000000       0.14363442       0.00760655
     0.4000000       0.14031926       0.00754491
     0.5000000       0.13932887       0.00754911
     0.6000000       0.14054819       0.00756809
     0.7000000       0.14407965       0.00759681
     0.8000000       0.15011949       0.00764182
     0.9000000       0.15943255       0.00768820
     1.0000000       0.17275132       0.00773085
