     0.0000000       0.37693224       0.01366629
     0.1000000       0.21077333       0.00734141
     0.2000000       0.13538610       0.00340498
     0.3000000       0.08611880       0.00362349
     0.4000000       0.05944958       0.00386340
     0.5000000       0.04210355       0.00477308
     0.6000000       0.02948583       0.00428638
     0.7000000       0.02142325       0.00323047
     0.8000000       0.01862347       0.00313185
     0.9000000       0.01286852       0.00307281
     1.0000000       0.01360307       0.00310558
     1.1000000       0.01061965       0.00280179
     1.2000000       0.00897161       0.00366897
     1.3000000       0.01491628       0.00568945
     1.4000000       0.01541477       0.00339621
     1.5000000       0.01599702       0.00327515
     1.6000000       0.01912247       0.00407745
     1.7000000       0.01308118       0.00296738
     1.8000000       0.00845434       0.00484563
     1.9000000       0.00773636       0.00354178
     2.0000000       0.01624943       0.00282500
     2.1000000       0.01621548       0.00424447
     2.2000000       0.01575673       0.00470702
     2.3000000       0.02009306       0.00480698
     2.4000000       0.01960465       0.00722394
     2.5000000       0.03629726       0.00358188
     2.6000000       0.06338738       0.00666945
     2.7000000       0.08409572       0.00407970
     2.8000000       0.12737808       0.00424213
     2.9000000       0.22227616       0.00843278
     3.0000000       0.37693224       0.01366629
