     0.0000000       0.35524311       0.00537106
     0.1000000       0.22753867       0.00464111
     0.2000000       0.16241712       0.00356278
     0.3000000       0.12429175       0.00361335
     0.4000000       0.10446188       0.00397974
     0.5000000       0.09750977       0.00420692
     0.6000000       0.10840246       0.00370134
     0.7000000       0.12471056       0.00376616
     0.8000000       0.16543434       0.00409460
     0.9000000       0.22908749       0.00455101
     1.0000000       0.35524311       0.00537106
