     0.0000000       0.48936675       0.00590338
     0.1000000       0.42976326       0.00562370
     0.2000000       0.38185091       0.00533769
     0.3000000       0.34293908       0.00507772
     0.4000000       0.31116283       0.00497350
     0.5000000       0.28508480       0.00509845
     0.6000000       0.26389947       0.00544280
     0.7000000       0.24690156       0.00601361
     0.8000000       0.23225213       0.00599263
     0.9000000       0.21920495       0.00517416
     1.0000000       0.20864564       0.00453557
     1.1000000       0.20031958       0.00404069
     1.2000000       0.19366805       0.00354160
     1.3000000       0.18908094       0.00329373
     1.4000000       0.18674893       0.00338933
     1.5000000       0.18623870       0.00364769
     1.6000000       0.18701934       0.00376038
     1.7000000       0.18948895       0.00386040
     1.8000000       0.19385380       0.00397204
     1.9000000       0.19956848       0.00378899
     2.0000000       0.20731981       0.00378965
     2.1000000       0.21735292       0.00394600
     2.2000000       0.22963723       0.00400306
     2.3000000       0.24528750       0.00435955
     2.4000000       0.26466689       0.00501049
     2.5000000       0.28772091       0.00576336
     2.6000000       0.31437347       0.00614347
     2.7000000       0.34569384       0.00606450
     2.8000000       0.38377263       0.00599277
     2.9000000       0.43075191       0.00599641
     3.0000000       0.48936675       0.00590338
