     0.0000000       0.04066155       0.01079241
     0.1000000       0.03309666       0.01360879
     0.2000000       0.01838032       0.00753110
     0.3000000       0.02361838       0.00838262
     0.4000000       0.01075583       0.00922465
     0.5000000       0.00988490       0.00907796
     0.6000000      -0.00041336       0.01334390
     0.7000000       0.01015394       0.01096910
     0.8000000       0.01574068       0.01064355
     0.9000000       0.01282903       0.00970146
     1.0000000       0.00783002       0.01023223
     1.1000000       0.02021386       0.01594795
     1.2000000       0.03433332       0.02178681
     1.3000000       0.01991114       0.01265097
     1.4000000       0.02340967       0.00767738
     1.5000000       0.01224292       0.00501181
     1.6000000       0.00966092       0.01012314
     1.7000000      -0.00185451       0.00851272
     1.8000000       0.00405939       0.00608997
     1.9000000       0.00296476       0.00658337
     2.0000000       0.00340755       0.00671572
     2.1000000       0.00499491       0.00636852
     2.2000000      -0.00072658       0.00452463
     2.3000000       0.00380300       0.00413443
     2.4000000       0.01524150       0.00581235
     2.5000000       0.00810845       0.00943078
     2.6000000       0.00001345       0.01051827
     2.7000000       0.00417528       0.00924406
     2.8000000       0.00257222       0.00803376
     2.9000000      -0.00090841       0.00585657
     3.0000000      -0.00151460       0.00728699
     3.1000000       0.00343469       0.00600569
     3.2000000       0.00163595       0.00633184
     3.3000000       0.00932148       0.00639502
     3.4000000       0.00857175       0.00564686
     3.5000000       0.00585655       0.00454730
     3.6000000       0.00284016       0.00517440
     3.7000000       0.00252784       0.00440792
     3.8000000       0.00639411       0.00663129
     3.9000000       0.00420357       0.00655042
     4.0000000      -0.00258530       0.00664835
     4.1000000      -0.00273196       0.00541919
     4.2000000      -0.00364992       0.00617192
     4.3000000      -0.00225916       0.00667206
     4.4000000      -0.00063324       0.00539035
     4.5000000       0.01466927       0.00612223
     4.6000000       0.00734654       0.00646156
     4.7000000       0.01871197       0.00571649
     4.8000000       0.01373826       0.00601198
     4.9000000       0.01063343       0.00515965
     5.0000000       0.00184702       0.01294525
     5.1000000       0.00229846       0.01224090
     5.2000000      -0.00671306       0.01340651
     5.3000000      -0.01104770       0.01835385
     5.4000000       0.00220783       0.00701060
     5.5000000       0.01035528       0.00510752
     5.6000000       0.01018780       0.00551119
     5.7000000       0.00056628       0.00576639
     5.8000000       0.00669512       0.00778427
     5.9000000       0.02661374       0.00743843
     6.0000000       0.04066155       0.01079241
