     0.0000000       0.80976134       0.00099831
     0.1000000       0.63223651       0.00137617
     0.2000000       0.50385094       0.00133494
     0.3000000       0.40689898       0.00124618
     0.4000000       0.33568309       0.00118077
     0.5000000       0.28372343       0.00108358
     0.6000000       0.24585605       0.00098809
     0.7000000       0.21761184       0.00099819
     0.8000000       0.20010633       0.00097477
     0.9000000       0.19047118       0.00102761
     1.0000000       0.19023866       0.00099831
