     0.0000000       0.31618335       0.01839974
     0.1000000       0.18154389       0.01743620
     0.2000000       0.10726244       0.01645855
     0.3000000       0.06396994       0.01578323
     0.4000000       0.03499019       0.01540507
     0.5000000       0.01581573       0.01521620
     0.6000000       0.00558922       0.01489810
     0.7000000       0.00136459       0.01465886
     0.8000000      -0.00036677       0.01412169
     0.9000000       0.00026337       0.01280472
     1.0000000      -0.00003874       0.01201366
     1.1000000      -0.00074279       0.01159106
     1.2000000      -0.00168814       0.01144567
     1.3000000      -0.00213884       0.01169912
     1.4000000      -0.00078992       0.01211965
     1.5000000      -0.00132516       0.01259534
     1.6000000      -0.00408156       0.01288604
     1.7000000      -0.00722212       0.01304020
     1.8000000      -0.00840507       0.01299850
     1.9000000      -0.00682385       0.01291108
     2.0000000      -0.00553255       0.01342678
     2.1000000      -0.00372986       0.01379732
     2.2000000      -0.00000992       0.01395344
     2.3000000       0.00622410       0.01454776
     2.4000000       0.01404175       0.01569243
     2.5000000       0.02148629       0.01757959
     2.6000000       0.03547896       0.01889992
     2.7000000       0.06119244       0.01905368
     2.8000000       0.10406679       0.01922338
     2.9000000       0.17927645       0.01915251
     3.0000000       0.31618335       0.01839974
