     0.0000000       0.39444857       0.03263840
     0.1000000       0.21059873       0.03221074
     0.2000000       0.11280581       0.03129005
     0.3000000       0.06053414       0.03036304
     0.4000000       0.03277929       0.02939624
     0.5000000       0.01537740       0.02895978
     0.6000000       0.00465514       0.02926880
     0.7000000      -0.00227172       0.03054420
     0.8000000      -0.00578012       0.03208348
     0.9000000      -0.00336777       0.03126653
     1.0000000      -0.00202618       0.02981044
     1.1000000      -0.00274123       0.02861749
     1.2000000      -0.00291042       0.02757728
     1.3000000       0.00054779       0.02686767
     1.4000000       0.00566312       0.02641594
     1.5000000       0.00729567       0.02657413
     1.6000000       0.00884850       0.02663083
     1.7000000       0.00597573       0.02714063
     1.8000000       0.00088223       0.02691500
     1.9000000      -0.00366306       0.02610711
     2.0000000      -0.00837274       0.02644510
     2.1000000      -0.00729789       0.02598912
     2.2000000      -0.00075523       0.02530089
     2.3000000       0.00642631       0.02587620
     2.4000000       0.01007069       0.02713436
     2.5000000       0.01364922       0.02884948
     2.6000000       0.02836725       0.03033280
     2.7000000       0.05907160       0.03133977
     2.8000000       0.11386191       0.03242697
     2.9000000       0.21313002       0.03296658
     3.0000000       0.39444857       0.03263840
