     0.0000000       0.94923385       0.00142956
     0.1000000       0.69241535       0.00155245
     0.2000000       0.50832269       0.00146424
     0.3000000       0.37631674       0.00150626
     0.4000000       0.28069718       0.00150765
     0.5000000       0.21097177       0.00147040
     0.6000000       0.15693918       0.00156178
     0.7000000       0.11907401       0.00167541
     0.8000000       0.09000713       0.00157713
     0.9000000       0.06928874       0.00178551
     1.0000000       0.05425084       0.00154929
     1.1000000       0.04483975       0.00135195
     1.2000000       0.03459278       0.00116214
     1.3000000       0.02769202       0.00122332
     1.4000000       0.02171026       0.00132997
     1.5000000       0.01965022       0.00141649
     1.6000000       0.01414013       0.00125638
     1.7000000       0.01035171       0.00125387
     1.8000000       0.00996548       0.00122547
     1.9000000       0.00896981       0.00120304
     2.0000000       0.00523922       0.00122566
     2.1000000       0.00408020       0.00142730
     2.2000000       0.00447193       0.00141332
     2.3000000       0.00578846       0.00156612
     2.4000000       0.00438461       0.00153937
     2.5000000       0.00224012       0.00148712
     2.6000000       0.00233216       0.00168995
     2.7000000       0.00270042       0.00161057
     2.8000000       0.00285049       0.00140813
     2.9000000       0.00262199       0.00145526
     3.0000000       0.00154289       0.00137236
     3.1000000       0.00105682       0.00136682
     3.2000000       0.00189833       0.00129314
     3.3000000       0.00086983       0.00123207
     3.4000000       0.00044942       0.00123015
     3.5000000       0.00007809       0.00120447
     3.6000000       0.00018670       0.00114515
     3.7000000      -0.00084328       0.00120547
     3.8000000       0.00013060       0.00119518
     3.9000000      -0.00021310       0.00126105
     4.0000000       0.00020811       0.00117454
     4.1000000       0.00154342       0.00130227
     4.2000000       0.00061289       0.00121948
     4.3000000       0.00208270       0.00111689
     4.4000000       0.00201307       0.00117989
     4.5000000       0.00199155       0.00124849
     4.6000000       0.00049144       0.00131047
     4.7000000      -0.00076030       0.00128226
     4.8000000       0.00161727       0.00113998
     4.9000000       0.00280327       0.00115210
     5.0000000       0.00215454       0.00124502
     5.1000000       0.00308083       0.00120632
     5.2000000       0.00438867       0.00129255
     5.3000000       0.00424320       0.00129241
     5.4000000       0.00460209       0.00138487
     5.5000000       0.00497460       0.00139059
     5.6000000       0.00758549       0.00128638
     5.7000000       0.01173142       0.00129432
     5.8000000       0.02020621       0.00141521
     5.9000000       0.03192107       0.00130992
     6.0000000       0.05076615       0.00142956
