     0.0000000       0.28253345       0.01132651
     0.1000000       0.17758799       0.01102483
     0.2000000       0.11326344       0.01088385
     0.3000000       0.07202714       0.01101695
     0.4000000       0.04407854       0.01100908
     0.5000000       0.02635874       0.01085575
     0.6000000       0.01489575       0.01085626
     0.7000000       0.00676005       0.01100511
     0.8000000       0.00216990       0.01052386
     0.9000000      -0.00048447       0.00939598
     1.0000000      -0.00263340       0.00876700
     1.1000000      -0.00463856       0.00843823
     1.2000000      -0.00522059       0.00832412
     1.3000000      -0.00434178       0.00827223
     1.4000000      -0.00442705       0.00814481
     1.5000000      -0.00486098       0.00810044
     1.6000000      -0.00339528       0.00790844
     1.7000000      -0.00170324       0.00778962
     1.8000000       0.00012335       0.00778205
     1.9000000       0.00415425       0.00757159
     2.0000000       0.00731314       0.00778291
     2.1000000       0.01072641       0.00823268
     2.2000000       0.01447453       0.00853193
     2.3000000       0.01675602       0.00900924
     2.4000000       0.02042196       0.00968907
     2.5000000       0.02858889       0.01063218
     2.6000000       0.04530900       0.01121098
     2.7000000       0.07248094       0.01129863
     2.8000000       0.11304205       0.01138934
     2.9000000       0.17740753       0.01142124
     3.0000000       0.28253345       0.01132651
