     0.0000000       0.22012786       0.00635437
     0.1000000       0.14673069       0.00512461
     0.2000000       0.10516380       0.00313917
     0.3000000       0.07563622       0.00327101
     0.4000000       0.05922141       0.00318249
     0.5000000       0.04454804       0.00355373
     0.6000000       0.03339849       0.00299155
     0.7000000       0.02507303       0.00295219
     0.8000000       0.02152247       0.00311408
     0.9000000       0.01385828       0.00314106
     1.0000000       0.01286424       0.00299651
     1.1000000       0.00964739       0.00375521
     1.2000000       0.00708494       0.00331576
     1.3000000       0.00902325       0.00346631
     1.4000000       0.01147089       0.00303109
     1.5000000       0.01286808       0.00271868
     1.6000000       0.01314967       0.00232088
     1.7000000       0.01468416       0.00249462
     1.8000000       0.01286152       0.00255682
     1.9000000       0.01509318       0.00295985
     2.0000000       0.01815753       0.00264953
     2.1000000       0.01580033       0.00442347
     2.2000000       0.02268671       0.00291249
     2.3000000       0.02648797       0.00321566
     2.4000000       0.03147265       0.00321166
     2.5000000       0.04156403       0.00336496
     2.6000000       0.05985219       0.00399683
     2.7000000       0.07243599       0.00464013
     2.8000000       0.10036600       0.00635592
     2.9000000       0.15385563       0.00559450
     3.0000000       0.22012786       0.00635437
