     0.0000000       0.91501269       0.00172377
     0.1000000       0.72166389       0.00179157
     0.2000000       0.57421462       0.00195974
     0.3000000       0.46056020       0.00193696
     0.4000000       0.37220962       0.00187099
     0.5000000       0.30598949       0.00186031
     0.6000000       0.25332735       0.00178463
     0.7000000       0.20955976       0.00183423
     0.8000000       0.17392140       0.00172207
     0.9000000       0.14656202       0.00167772
     1.0000000       0.12377262       0.00163743
     1.1000000       0.10631111       0.00160738
     1.2000000       0.09061704       0.00162116
     1.3000000       0.07750203       0.00160971
     1.4000000       0.06832787       0.00153373
     1.5000000       0.06150427       0.00160139
     1.6000000       0.05292422       0.00169488
     1.7000000       0.04679932       0.00158924
     1.8000000       0.04116952       0.00152375
     1.9000000       0.03998791       0.00147833
     2.0000000       0.03766574       0.00140471
     2.1000000       0.03567450       0.00144333
     2.2000000       0.03471475       0.00144587
     2.3000000       0.03529359       0.00145000
     2.4000000       0.03667568       0.00141066
     2.5000000       0.03847155       0.00142443
     2.6000000       0.04258701       0.00142252
     2.7000000       0.04709697       0.00143873
     2.8000000       0.05458655       0.00154474
     2.9000000       0.06730568       0.00160221
     3.0000000       0.08498731       0.00172377
