     0.0000000       0.27783618       0.00710233
     0.1000000       0.17377889       0.00491256
     0.2000000       0.10957256       0.00414965
     0.3000000       0.07326411       0.00360396
     0.4000000       0.04592695       0.00438773
     0.5000000       0.03029130       0.00407747
     0.6000000       0.02574561       0.00363234
     0.7000000       0.01706778       0.00353088
     0.8000000       0.01988087       0.00388120
     0.9000000       0.01634727       0.00368643
     1.0000000       0.01642670       0.00350203
     1.1000000       0.01466005       0.00325422
     1.2000000       0.01132082       0.00388424
     1.3000000       0.01502845       0.00327987
     1.4000000       0.00958703       0.00365385
     1.5000000       0.01229294       0.00403527
     1.6000000       0.00483120       0.00337435
     1.7000000       0.00702482       0.00391848
     1.8000000       0.01201092       0.00467215
     1.9000000       0.01093779       0.00417935
     2.0000000       0.00774371       0.00397241
     2.1000000       0.01171092       0.00430993
     2.2000000       0.01272887       0.00414961
     2.3000000       0.02053634       0.00402994
     2.4000000       0.02060551       0.00300077
     2.5000000       0.02737627       0.00383186
     2.6000000       0.03938653       0.00402451
     2.7000000       0.06754067       0.00328081
     2.8000000       0.10756221       0.00541603
     2.9000000       0.16771099       0.00434076
     3.0000000       0.27783618       0.00710233
