     0.0000000       0.39521162       0.01643404
     0.1000000       0.21685201       0.00815343
     0.2000000       0.13846745       0.00411954
     0.3000000       0.08622176       0.00391448
     0.4000000       0.05672608       0.00342694
     0.5000000       0.03866345       0.00514791
     0.6000000       0.02622139       0.00503664
     0.7000000       0.01771463       0.00366629
     0.8000000       0.01943537       0.00340756
     0.9000000       0.01589157       0.00420466
     1.0000000       0.01452359       0.00356533
     1.1000000       0.01072694       0.00294955
     1.2000000       0.00855247       0.00395411
     1.3000000       0.01036053       0.00575078
     1.4000000       0.00979109       0.00367283
     1.5000000       0.01343302       0.00403395
     1.6000000       0.01778724       0.00358784
     1.7000000       0.01171361       0.00320995
     1.8000000       0.00792248       0.00566342
     1.9000000       0.00556226       0.00446530
     2.0000000       0.01351064       0.00252642
     2.1000000       0.01500184       0.00459609
     2.2000000       0.01368466       0.00509810
     2.3000000       0.01832399       0.00567409
     2.4000000       0.01700636       0.00844898
     2.5000000       0.03539904       0.00427370
     2.6000000       0.06444643       0.00742554
     2.7000000       0.08540535       0.00453810
     2.8000000       0.13190010       0.00381985
     2.9000000       0.23202064       0.00850317
     3.0000000       0.39521162       0.01643404
