     0.0000000       0.07628894       0.00456495
     0.1000000       0.05921277       0.00455629
     0.2000000       0.04639099       0.00452588
     0.3000000       0.03652140       0.00451659
     0.4000000       0.02908052       0.00446834
     0.5000000       0.02343184       0.00443245
     0.6000000       0.01890302       0.00446771
     0.7000000       0.01494431       0.00455748
     0.8000000       0.01194996       0.00459508
     0.9000000       0.00997520       0.00453730
     1.0000000       0.00843562       0.00447197
     1.1000000       0.00707077       0.00438374
     1.2000000       0.00609196       0.00423784
     1.3000000       0.00547636       0.00410507
     1.4000000       0.00502750       0.00408467
     1.5000000       0.00443887       0.00415668
     1.6000000       0.00361925       0.00421180
     1.7000000       0.00281360       0.00418732
     1.8000000       0.00189486       0.00408193
     1.9000000       0.00096173       0.00402777
     2.0000000       0.00011532       0.00399517
     2.1000000      -0.00050776       0.00385149
     2.2000000      -0.00078404       0.00370477
     2.3000000      -0.00093774       0.00362708
     2.4000000      -0.00098567       0.00356123
     2.5000000      -0.00083697       0.00341903
     2.6000000      -0.00088208       0.00328654
     2.7000000      -0.00115836       0.00327544
     2.8000000      -0.00150388       0.00334891
     2.9000000      -0.00185676       0.00345648
     3.0000000      -0.00180830       0.00352622
     3.1000000      -0.00158419       0.00353709
     3.2000000      -0.00152896       0.00355179
     3.3000000      -0.00144832       0.00349433
     3.4000000      -0.00110202       0.00338550
     3.5000000      -0.00039949       0.00326971
     3.6000000       0.00008231       0.00318717
     3.7000000       0.00019499       0.00320200
     3.8000000       0.00041465       0.00326478
     3.9000000       0.00081452       0.00338285
     4.0000000       0.00129968       0.00352710
     4.1000000       0.00198217       0.00366245
     4.2000000       0.00293966       0.00380437
     4.3000000       0.00399615       0.00387716
     4.4000000       0.00526474       0.00386400
     4.5000000       0.00644316       0.00386025
     4.6000000       0.00742453       0.00391138
     4.7000000       0.00850376       0.00398423
     4.8000000       0.00951294       0.00411274
     4.9000000       0.01011376       0.00429538
     5.0000000       0.01088362       0.00442035
     5.1000000       0.01250922       0.00444769
     5.2000000       0.01493924       0.00443176
     5.3000000       0.01803127       0.00446415
     5.4000000       0.02147272       0.00449012
     5.5000000       0.02568925       0.00446026
     5.6000000       0.03090365       0.00448410
     5.7000000       0.03735689       0.00452993
     5.8000000       0.04637769       0.00455683
     5.9000000       0.05901584       0.00455577
     6.0000000       0.07628894       0.00456495
