     0.0000000       0.27341161       0.00788409
     0.1000000       0.17180615       0.00508009
     0.2000000       0.10810230       0.00491506
     0.3000000       0.07190893       0.00429170
     0.4000000       0.04655447       0.00445182
     0.5000000       0.03021424       0.00472873
     0.6000000       0.02633703       0.00424773
     0.7000000       0.01587208       0.00536997
     0.8000000       0.01920897       0.00457085
     0.9000000       0.01128472       0.00481609
     1.0000000       0.01182404       0.00464426
     1.1000000       0.00984279       0.00421015
     1.2000000       0.00882637       0.00419362
     1.3000000       0.01027359       0.00383246
     1.4000000       0.01013851       0.00411244
     1.5000000       0.00833336       0.00455651
     1.6000000       0.00641780       0.00470032
     1.7000000       0.00484341       0.00498675
     1.8000000       0.00486042       0.00507840
     1.9000000       0.00747716       0.00491898
     2.0000000       0.00825005       0.00469898
     2.1000000       0.01181197       0.00438727
     2.2000000       0.01850212       0.00413939
     2.3000000       0.01945853       0.00419979
     2.4000000       0.02672022       0.00472392
     2.5000000       0.03228244       0.00436921
     2.6000000       0.04837728       0.00472416
     2.7000000       0.07222475       0.00492689
     2.8000000       0.10831344       0.00544507
     2.9000000       0.16521430       0.00677901
     3.0000000       0.27341161       0.00788409
