     0.0000000       0.83925243       0.02779763
     0.1000000       0.67389296       0.03051447
     0.2000000       0.55372065       0.02836166
     0.3000000       0.46497772       0.02513586
     0.4000000       0.39892663       0.02338943
     0.5000000       0.34898975       0.02346911
     0.6000000       0.30729059       0.02169633
     0.7000000       0.27115057       0.01845447
     0.8000000       0.24081791       0.01612604
     0.9000000       0.21346072       0.01416930
     1.0000000       0.19136055       0.01443143
     1.1000000       0.17606876       0.01749483
     1.2000000       0.16172329       0.01798720
     1.3000000       0.14525960       0.01407947
     1.4000000       0.13029078       0.01063944
     1.5000000       0.11865913       0.00922527
     1.6000000       0.10882805       0.00799118
     1.7000000       0.10021313       0.00668411
     1.8000000       0.09264335       0.00571139
     1.9000000       0.08569427       0.00520331
     2.0000000       0.07982100       0.00548701
     2.1000000       0.07712205       0.00645474
     2.2000000       0.07468082       0.00715645
     2.3000000       0.07259630       0.00779219
     2.4000000       0.07110797       0.00806397
     2.5000000       0.06710520       0.00665358
     2.6000000       0.06266506       0.00499313
     2.7000000       0.06062082       0.00415795
     2.8000000       0.05954785       0.00354712
     2.9000000       0.05860906       0.00294217
     3.0000000       0.05900420       0.00292316
     3.1000000       0.06030191       0.00344330
     3.2000000       0.06201054       0.00430252
     3.3000000       0.06286260       0.00452884
     3.4000000       0.06458676       0.00479829
     3.5000000       0.06966719       0.00697278
     3.6000000       0.07462561       0.00928443
     3.7000000       0.07790109       0.00938985
     3.8000000       0.08250811       0.00966897
     3.9000000       0.08826464       0.01053470
     4.0000000       0.09320887       0.01049345
     4.1000000       0.09761080       0.01006077
     4.2000000       0.10296545       0.01025642
     4.3000000       0.10946882       0.01176222
     4.4000000       0.11672626       0.01375643
     4.5000000       0.12550459       0.01529347
     4.6000000       0.13723993       0.01745524
     4.7000000       0.15164812       0.02059454
     4.8000000       0.16748801       0.02340850
     4.9000000       0.18455826       0.02533148
     5.0000000       0.20405646       0.02733478
     5.1000000       0.22707838       0.02996975
     5.2000000       0.25094483       0.02981867
     5.3000000       0.27628543       0.02721143
     5.4000000       0.30579206       0.02379946
     5.5000000       0.34178016       0.02015543
     5.6000000       0.38938592       0.01812349
     5.7000000       0.45341773       0.01760952
     5.8000000       0.54144627       0.01922988
     5.9000000       0.66418451       0.02262425
     6.0000000       0.83925243       0.02779763
