     0.0000000       0.03694705       0.00080997
     0.1000000       0.02439244       0.00074491
     0.2000000       0.01659053       0.00075096
     0.3000000       0.01265934       0.00068607
     0.4000000       0.00950212       0.00071558
     0.5000000       0.00675405       0.00074957
     0.6000000       0.00533714       0.00074201
     0.7000000       0.00566702       0.00073333
     0.8000000       0.00615137       0.00062724
     0.9000000       0.00504758       0.00069933
     1.0000000       0.00549022       0.00070485
     1.1000000       0.00569043       0.00074780
     1.2000000       0.00584483       0.00074559
     1.3000000       0.00673723       0.00073612
     1.4000000       0.00795044       0.00069424
     1.5000000       0.00886722       0.00075855
     1.6000000       0.01000642       0.00071483
     1.7000000       0.01276175       0.00075148
     1.8000000       0.01630685       0.00076125
     1.9000000       0.02105276       0.00073031
     2.0000000       0.02540572       0.00078644
     2.1000000       0.03516802       0.00074963
     2.2000000       0.04690684       0.00077247
     2.3000000       0.06462337       0.00075753
     2.4000000       0.09121521       0.00083519
     2.5000000       0.13004722       0.00079192
     2.6000000       0.18841491       0.00094646
     2.7000000       0.27870728       0.00083018
     2.8000000       0.41393424       0.00087614
     2.9000000       0.62811941       0.00094569
     3.0000000       0.96305295       0.00080997
