     0.0000000       0.23376946       0.00851504
     0.1000000       0.17754138       0.00880413
     0.2000000       0.14278779       0.00875982
     0.3000000       0.12236618       0.00839709
     0.4000000       0.11099023       0.00815315
     0.5000000       0.10713451       0.00799870
     0.6000000       0.11146023       0.00793142
     0.7000000       0.12307526       0.00795977
     0.8000000       0.14388980       0.00804587
     0.9000000       0.17854698       0.00823100
     1.0000000       0.23376946       0.00851504
