     0.0000000       0.28589265       0.00639299
     0.1000000       0.17954362       0.00568982
     0.2000000       0.11659889       0.00499019
     0.3000000       0.07759419       0.00443285
     0.4000000       0.05489103       0.00467198
     0.5000000       0.04016818       0.00431557
     0.6000000       0.03167822       0.00361423
     0.7000000       0.02405389       0.00434517
     0.8000000       0.01922810       0.00494718
     0.9000000       0.01449445       0.00440271
     1.0000000       0.01627269       0.00437586
     1.1000000       0.01550455       0.00465194
     1.2000000       0.01907762       0.00401017
     1.3000000       0.02208314       0.00390339
     1.4000000       0.01832696       0.00464871
     1.5000000       0.02146307       0.00461207
     1.6000000       0.01680095       0.00397123
     1.7000000       0.02288730       0.00414682
     1.8000000       0.02250215       0.00406447
     1.9000000       0.01859756       0.00390384
     2.0000000       0.01769135       0.00456833
     2.1000000       0.02323533       0.00478802
     2.2000000       0.02635327       0.00454212
     2.3000000       0.03035562       0.00444703
     2.4000000       0.03073086       0.00385781
     2.5000000       0.03773505       0.00516708
     2.6000000       0.05221895       0.00470496
     2.7000000       0.07500738       0.00444930
     2.8000000       0.11156891       0.00468536
     2.9000000       0.17113438       0.00552324
     3.0000000       0.28589265       0.00639299
