     0.0000000       0.87145553       0.00126418
     0.1000000       0.72217604       0.00135379
     0.2000000       0.60670749       0.00158736
     0.3000000       0.51572472       0.00164220
     0.4000000       0.44056227       0.00148133
     0.5000000       0.38039029       0.00155969
     0.6000000       0.33115353       0.00153802
     0.7000000       0.28945711       0.00142507
     0.8000000       0.25532294       0.00150623
     0.9000000       0.22432260       0.00149554
     1.0000000       0.19970368       0.00148831
     1.1000000       0.17709834       0.00139293
     1.2000000       0.16003134       0.00126344
     1.3000000       0.14450167       0.00120943
     1.4000000       0.13079123       0.00131440
     1.5000000       0.11877510       0.00126035
     1.6000000       0.10797898       0.00122542
     1.7000000       0.10051384       0.00124172
     1.8000000       0.09412755       0.00122978
     1.9000000       0.08738578       0.00110070
     2.0000000       0.08202521       0.00103349
     2.1000000       0.07919356       0.00117230
     2.2000000       0.07761180       0.00113329
     2.3000000       0.07621948       0.00109669
     2.4000000       0.07530458       0.00115236
     2.5000000       0.07675124       0.00115174
     2.6000000       0.07998471       0.00116683
     2.7000000       0.08762204       0.00117481
     2.8000000       0.09497862       0.00123417
     2.9000000       0.10880254       0.00123746
     3.0000000       0.12854447       0.00126418
