     0.0000000       0.41172965       0.04169686
     0.1000000       0.24559335       0.00979701
     0.2000000       0.14369318       0.01154026
     0.3000000       0.10797660       0.02643810
     0.4000000       0.05057895       0.00647206
     0.5000000       0.02773123       0.00859513
     0.6000000       0.00541701       0.01094057
     0.7000000      -0.02006606       0.03729239
     0.8000000      -0.00483263       0.01561899
     0.9000000       0.00504718       0.00499519
     1.0000000      -0.02172315       0.02229991
     1.1000000      -0.00239076       0.00872301
     1.2000000      -0.01026050       0.01055797
     1.3000000       0.01259496       0.01080643
     1.4000000      -0.02054252       0.02620386
     1.5000000      -0.01114092       0.01491326
     1.6000000      -0.02861678       0.02496559
     1.7000000      -0.03042181       0.02637568
     1.8000000      -0.02678086       0.02638422
     1.9000000      -0.01435230       0.01445659
     2.0000000      -0.00713898       0.01144967
     2.1000000      -0.00651831       0.01331962
     2.2000000      -0.01635487       0.01274467
     2.3000000       0.00561426       0.00588064
     2.4000000      -0.00005712       0.00547859
     2.5000000      -0.00934855       0.00698808
     2.6000000       0.00495912       0.00461494
     2.7000000      -0.00811185       0.01113267
     2.8000000      -0.00478535       0.00802084
     2.9000000       0.01358810       0.01354826
     3.0000000       0.00272563       0.00755616
     3.1000000      -0.01482609       0.01085154
     3.2000000      -0.00471519       0.00712748
     3.3000000       0.00470091       0.00754681
     3.4000000      -0.00295089       0.00527376
     3.5000000      -0.01786761       0.01388896
     3.6000000      -0.00695450       0.00417823
     3.7000000       0.01427596       0.01649510
     3.8000000       0.01535709       0.01626290
     3.9000000      -0.00311562       0.00825117
     4.0000000       0.01102329       0.00469520
     4.1000000       0.01090074       0.00623425
     4.2000000       0.00475097       0.00531352
     4.3000000       0.00228610       0.00940129
     4.4000000       0.00117561       0.00575616
     4.5000000       0.00551527       0.00491574
     4.6000000      -0.01273803       0.01588585
     4.7000000      -0.00632243       0.01410070
     4.8000000      -0.00658717       0.01327300
     4.9000000      -0.00408278       0.00741636
     5.0000000       0.00039572       0.00632730
     5.1000000       0.00986197       0.00608311
     5.2000000      -0.01189225       0.02015608
     5.3000000       0.01665238       0.00431079
     5.4000000       0.02435411       0.00391914
     5.5000000       0.00712396       0.02612681
     5.6000000       0.02488309       0.02006007
     5.7000000       0.07672073       0.00514422
     5.8000000       0.11374755       0.02318528
     5.9000000       0.21811033       0.01984267
     6.0000000       0.41172965       0.04169686
