     0.0000000       0.32106028       0.01802897
     0.1000000       0.19229020       0.00532510
     0.2000000       0.11256713       0.00492840
     0.3000000       0.06665693       0.00421023
     0.4000000       0.03485948       0.00522649
     0.5000000       0.01640255       0.00808923
     0.6000000       0.01906219       0.00471460
     0.7000000       0.01920530       0.00673058
     0.8000000       0.00917070       0.00534484
     0.9000000       0.01163989       0.00693967
     1.0000000       0.00594016       0.00410131
     1.1000000       0.00364029       0.00524127
     1.2000000      -0.00388433       0.00802440
     1.3000000      -0.00666585       0.00962009
     1.4000000      -0.00503956       0.00675288
     1.5000000      -0.01258382       0.01062140
     1.6000000      -0.00583219       0.00539407
     1.7000000      -0.00010662       0.00457072
     1.8000000      -0.00494495       0.00549165
     1.9000000      -0.00423293       0.00442902
     2.0000000      -0.00002667       0.00354030
     2.1000000       0.00284119       0.00440063
     2.2000000       0.00118322       0.00424578
     2.3000000       0.00334492       0.00326706
     2.4000000      -0.00156378       0.00415605
     2.5000000      -0.00192952       0.00406402
     2.6000000      -0.00300463       0.00446718
     2.7000000      -0.00422146       0.00361647
     2.8000000      -0.00496934       0.00424375
     2.9000000       0.00028988       0.00306176
     3.0000000      -0.00771971       0.00823181
     3.1000000      -0.00509861       0.00579409
     3.2000000      -0.00219352       0.00424556
     3.3000000       0.00207065       0.00399386
     3.4000000       0.00248000       0.00448291
     3.5000000      -0.00214330       0.00372678
     3.6000000      -0.00525317       0.00879382
     3.7000000       0.00116287       0.00322758
     3.8000000       0.00477004       0.00393114
     3.9000000      -0.00117328       0.00489921
     4.0000000       0.00429915       0.00361576
     4.1000000       0.00412776       0.00336854
     4.2000000      -0.00146169       0.00565173
     4.3000000       0.00188759       0.00411496
     4.4000000      -0.00090148       0.00401028
     4.5000000       0.00519411       0.00458728
     4.6000000      -0.00654175       0.00909055
     4.7000000      -0.01003165       0.00835799
     4.8000000      -0.00930963       0.00829962
     4.9000000      -0.00662078       0.00869784
     5.0000000      -0.00342511       0.00821888
     5.1000000      -0.00381017       0.01092068
     5.2000000       0.00205163       0.00545524
     5.3000000       0.00763355       0.00722305
     5.4000000       0.01225763       0.00782102
     5.5000000       0.02176148       0.00946194
     5.6000000       0.03562382       0.00725224
     5.7000000       0.06620787       0.00443578
     5.8000000       0.10180316       0.00993830
     5.9000000       0.18569013       0.01125465
     6.0000000       0.32106028       0.01802897
