     0.0000000       0.49956607       0.00055414
     0.1000000       0.45766050       0.00074774
     0.2000000       0.42947657       0.00079680
     0.3000000       0.41152418       0.00088834
     0.4000000       0.40151917       0.00099038
     0.5000000       0.39921621       0.00097428
     0.6000000       0.40240555       0.00094782
     0.7000000       0.41256355       0.00088771
     0.8000000       0.42953557       0.00086119
     0.9000000       0.45813956       0.00074291
     1.0000000       0.50043393       0.00055414
