     0.0000000       0.13951191       0.00577733
     0.1000000       0.10409056       0.00474380
     0.2000000       0.08404267       0.00309857
     0.3000000       0.07043775       0.00369511
     0.4000000       0.06076846       0.00345858
     0.5000000       0.04774187       0.00341301
     0.6000000       0.03866186       0.00313046
     0.7000000       0.03365182       0.00301281
     0.8000000       0.03319534       0.00275213
     0.9000000       0.02441854       0.00298115
     1.0000000       0.02540719       0.00291307
     1.1000000       0.01997319       0.00293935
     1.2000000       0.01743673       0.00297888
     1.3000000       0.01898076       0.00415114
     1.4000000       0.02235414       0.00255124
     1.5000000       0.02292662       0.00312372
     1.6000000       0.02386751       0.00310768
     1.7000000       0.02315293       0.00273959
     1.8000000       0.02631712       0.00380223
     1.9000000       0.02707800       0.00331981
     2.0000000       0.03133861       0.00335715
     2.1000000       0.02696060       0.00323918
     2.2000000       0.03297581       0.00272678
     2.3000000       0.03612794       0.00270945
     2.4000000       0.03701087       0.00308452
     2.5000000       0.04632836       0.00339307
     2.6000000       0.05667312       0.00376367
     2.7000000       0.06309792       0.00488320
     2.8000000       0.07850182       0.00598634
     2.9000000       0.11121130       0.00478594
     3.0000000       0.13951191       0.00577733
