     0.0000000       0.19428965       0.07289584
     0.1000000       0.11357684       0.03921991
     0.2000000       0.04208310       0.04626449
     0.3000000       0.02247615       0.03271950
     0.4000000       0.02809603       0.00764896
     0.5000000      -0.01161821       0.03008484
     0.6000000       0.00884723       0.00499690
     0.7000000      -0.00432232       0.01656168
     0.8000000      -0.01468399       0.02310973
     0.9000000      -0.01225688       0.01565406
     1.0000000       0.00514254       0.00356237
     1.1000000       0.01872277       0.01913667
     1.2000000       0.00446562       0.00378896
     1.3000000      -0.00906911       0.01094201
     1.4000000       0.00467385       0.00497925
     1.5000000      -0.01574605       0.01537264
     1.6000000      -0.00245801       0.00433214
     1.7000000      -0.01318605       0.01490664
     1.8000000      -0.01884285       0.01683105
     1.9000000      -0.02087503       0.02008595
     2.0000000      -0.01094728       0.01145342
     2.1000000       0.01380072       0.01293049
     2.2000000       0.01540040       0.01616091
     2.3000000       0.02484801       0.02474351
     2.4000000       0.01387922       0.01277896
     2.5000000       0.00923265       0.00492331
     2.6000000       0.01311578       0.01214655
     2.7000000       0.00463711       0.00545460
     2.8000000       0.00675650       0.00803229
     2.9000000       0.00773475       0.00680163
     3.0000000       0.00499607       0.00502172
     3.1000000       0.01380412       0.01264099
     3.2000000       0.00681579       0.00471773
     3.3000000      -0.00369632       0.00360547
     3.4000000      -0.01092524       0.01191066
     3.5000000      -0.00740136       0.00839524
     3.6000000      -0.01679704       0.01683261
     3.7000000      -0.01161735       0.01042702
     3.8000000      -0.02289377       0.02091641
     3.9000000      -0.01778484       0.02062700
     4.0000000      -0.00189357       0.00586805
     4.1000000      -0.01094372       0.01383724
     4.2000000       0.00695995       0.00488909
     4.3000000       0.01283422       0.01106559
     4.4000000      -0.00992091       0.01286082
     4.5000000       0.01371377       0.01024917
     4.6000000      -0.02034031       0.02561237
     4.7000000      -0.00525052       0.00845506
     4.8000000      -0.02223295       0.02455904
     4.9000000       0.01531029       0.01095251
     5.0000000       0.01765527       0.01167917
     5.1000000       0.00249522       0.00561263
     5.2000000      -0.00569814       0.01297706
     5.3000000      -0.00325727       0.01523732
     5.4000000      -0.00851183       0.02302677
     5.5000000       0.00611888       0.01532071
     5.6000000       0.01154406       0.02312499
     5.7000000       0.04139039       0.01215876
     5.8000000       0.10362098       0.01480520
     5.9000000       0.12864303       0.02401994
     6.0000000       0.19428965       0.07289584
