     0.0000000       0.25606891       0.02214948
     0.1000000       0.16293426       0.00578015
     0.2000000       0.10118434       0.00437344
     0.3000000       0.06459525       0.00427538
     0.4000000       0.03457811       0.00824261
     0.5000000       0.02176417       0.00859765
     0.6000000       0.01315880       0.00933902
     0.7000000       0.01185071       0.00562783
     0.8000000       0.00856482       0.00506946
     0.9000000       0.00819113       0.00403529
     1.0000000       0.00138839       0.00797019
     1.1000000       0.00388105       0.00517580
     1.2000000       0.00362473       0.00333399
     1.3000000      -0.00038969       0.00796529
     1.4000000      -0.00504466       0.01286670
     1.5000000       0.00420920       0.00287321
     1.6000000       0.00482700       0.00259783
     1.7000000       0.00296101       0.00291960
     1.8000000       0.00162291       0.00400376
     1.9000000       0.00277464       0.00224399
     2.0000000       0.00068486       0.00390214
     2.1000000       0.00223662       0.00242931
     2.2000000      -0.00083821       0.00415024
     2.3000000       0.00284107       0.00213137
     2.4000000       0.00216011       0.00308368
     2.5000000       0.00213752       0.00264487
     2.6000000      -0.00089267       0.00476971
     2.7000000      -0.00269902       0.00646391
     2.8000000      -0.00205227       0.00604569
     2.9000000       0.00047829       0.00392835
     3.0000000      -0.00105405       0.00416980
     3.1000000       0.00122019       0.00301535
     3.2000000       0.00362105       0.00164891
     3.3000000       0.00494439       0.00155317
     3.4000000       0.00376919       0.00168080
     3.5000000      -0.00132667       0.00534858
     3.6000000      -0.00130491       0.00598496
     3.7000000       0.00331150       0.00192507
     3.8000000       0.00366784       0.00220652
     3.9000000       0.00007711       0.00466906
     4.0000000       0.00414671       0.00270035
     4.1000000       0.00281391       0.00354865
     4.2000000       0.00198724       0.00392376
     4.3000000       0.00147281       0.00515952
     4.4000000       0.00121437       0.00434861
     4.5000000       0.00452307       0.00235133
     4.6000000       0.00112916       0.00560678
     4.7000000      -0.00000944       0.00719970
     4.8000000       0.00029898       0.00780386
     4.9000000       0.00123326       0.00854919
     5.0000000       0.00108961       0.00916075
     5.1000000       0.00033753       0.01223167
     5.2000000       0.00266771       0.01091883
     5.3000000       0.01347228       0.00569683
     5.4000000       0.01460555       0.00979673
     5.5000000       0.01909289       0.01242729
     5.6000000       0.03169615       0.01182046
     5.7000000       0.05446333       0.00958383
     5.8000000       0.08610114       0.01466834
     5.9000000       0.15303194       0.01348777
     6.0000000       0.25606891       0.02214948
