     0.0000000       0.20105054       0.00994332
     0.1000000       0.12854008       0.01094906
     0.2000000       0.08480474       0.01064901
     0.3000000       0.05868094       0.00970938
     0.4000000       0.04151773       0.00900250
     0.5000000       0.02874062       0.00847956
     0.6000000       0.01972740       0.00786184
     0.7000000       0.01434887       0.00713422
     0.8000000       0.01077922       0.00658120
     0.9000000       0.00740364       0.00672816
     1.0000000       0.00370346       0.00798193
     1.1000000       0.00117772       0.00894720
     1.2000000       0.00056581       0.00853140
     1.3000000       0.00149792       0.00690104
     1.4000000       0.00184205       0.00581299
     1.5000000       0.00102409       0.00552957
     1.6000000       0.00115198       0.00498110
     1.7000000       0.00296309       0.00455290
     1.8000000       0.00503587       0.00453696
     1.9000000       0.00581569       0.00468253
     2.0000000       0.00598257       0.00472929
     2.1000000       0.00556758       0.00470351
     2.2000000       0.00470829       0.00477972
     2.3000000       0.00422603       0.00475192
     2.4000000       0.00406371       0.00451089
     2.5000000       0.00361386       0.00430246
     2.6000000       0.00355869       0.00414592
     2.7000000       0.00408409       0.00405711
     2.8000000       0.00459542       0.00408088
     2.9000000       0.00419797       0.00425524
     3.0000000       0.00257706       0.00452568
     3.1000000       0.00072332       0.00480085
     3.2000000      -0.00081639       0.00481531
     3.3000000      -0.00172853       0.00472348
     3.4000000      -0.00282161       0.00480830
     3.5000000      -0.00465351       0.00491850
     3.6000000      -0.00633932       0.00498790
     3.7000000      -0.00753911       0.00491438
     3.8000000      -0.00741219       0.00467287
     3.9000000      -0.00705250       0.00464619
     4.0000000      -0.00645225       0.00462310
     4.1000000      -0.00526687       0.00455422
     4.2000000      -0.00474767       0.00471526
     4.3000000      -0.00460929       0.00496187
     4.4000000      -0.00465420       0.00509450
     4.5000000      -0.00394644       0.00496752
     4.6000000      -0.00134236       0.00474304
     4.7000000       0.00192417       0.00475826
     4.8000000       0.00407678       0.00487834
     4.9000000       0.00589323       0.00503021
     5.0000000       0.00874939       0.00510879
     5.1000000       0.01183227       0.00498475
     5.2000000       0.01499160       0.00499510
     5.3000000       0.01937175       0.00513759
     5.4000000       0.02457227       0.00539187
     5.5000000       0.03156734       0.00596737
     5.6000000       0.04338166       0.00661687
     5.7000000       0.06134850       0.00731799
     5.8000000       0.08922337       0.00801394
     5.9000000       0.13284549       0.00874566
     6.0000000       0.20105054       0.00994332
