     0.0000000       0.50000000       0.00000000
     0.1000000       0.43919774       0.00205980
     0.2000000       0.39043639       0.00269698
     0.3000000       0.35232438       0.00316560
     0.4000000       0.31843231       0.00338185
     0.5000000       0.28919150       0.00366088
     0.6000000       0.26491146       0.00372181
     0.7000000       0.24277533       0.00359475
     0.8000000       0.22457751       0.00380122
     0.9000000       0.20146161       0.00389737
     1.0000000       0.18397065       0.00395367
     1.1000000       0.17195561       0.00429046
     1.2000000       0.15925126       0.00431905
     1.3000000       0.14615667       0.00430243
     1.4000000       0.13230979       0.00420553
     1.5000000       0.12467239       0.00463527
     1.6000000       0.11685489       0.00422875
     1.7000000       0.10682626       0.00397418
     1.8000000       0.09932637       0.00396898
     1.9000000       0.09251133       0.00383972
     2.0000000       0.09002638       0.00394471
     2.1000000       0.08995190       0.00424414
     2.2000000       0.08555427       0.00438600
     2.3000000       0.08098592       0.00392911
     2.4000000       0.07532840       0.00380030
     2.5000000       0.06990170       0.00378052
     2.6000000       0.06455228       0.00373399
     2.7000000       0.06317523       0.00399702
     2.8000000       0.06332716       0.00401789
     2.9000000       0.06448812       0.00408027
     3.0000000       0.06199901       0.00413766
     3.1000000       0.05999427       0.00393820
     3.2000000       0.06073563       0.00393336
     3.3000000       0.06077767       0.00405041
     3.4000000       0.06457887       0.00406262
     3.5000000       0.06714647       0.00411003
     3.6000000       0.07029325       0.00434328
     3.7000000       0.07642986       0.00417359
     3.8000000       0.07798975       0.00420726
     3.9000000       0.08420936       0.00424492
     4.0000000       0.09142130       0.00429824
     4.1000000       0.09656323       0.00411684
     4.2000000       0.10481899       0.00408338
     4.3000000       0.11117865       0.00429123
     4.4000000       0.11641842       0.00398447
     4.5000000       0.12700752       0.00417560
     4.6000000       0.13660693       0.00407807
     4.7000000       0.14551890       0.00413698
     4.8000000       0.15857963       0.00416673
     4.9000000       0.17658933       0.00449793
     5.0000000       0.19080390       0.00438081
     5.1000000       0.20124468       0.00410315
     5.2000000       0.21658878       0.00404368
     5.3000000       0.23833355       0.00397277
     5.4000000       0.26000101       0.00354606
     5.5000000       0.28442851       0.00348563
     5.6000000       0.31459573       0.00316485
     5.7000000       0.34803870       0.00283348
     5.8000000       0.38791880       0.00258942
     5.9000000       0.43806911       0.00205215
     6.0000000       0.50000000       0.00000000
