     0.0000000       0.04484807       0.00075549
     0.1000000       0.03084777       0.00068797
     0.2000000       0.02169485       0.00066972
     0.3000000       0.01703152       0.00065248
     0.4000000       0.01366267       0.00063705
     0.5000000       0.01119443       0.00059696
     0.6000000       0.00907394       0.00061826
     0.7000000       0.00906912       0.00059904
     0.8000000       0.00943261       0.00063989
     0.9000000       0.00862341       0.00061832
     1.0000000       0.00843643       0.00066220
     1.1000000       0.00959557       0.00065604
     1.2000000       0.01066080       0.00063848
     1.3000000       0.01159955       0.00056228
     1.4000000       0.01317585       0.00055083
     1.5000000       0.01560881       0.00060412
     1.6000000       0.01716600       0.00060755
     1.7000000       0.02141508       0.00067727
     1.8000000       0.02645542       0.00062751
     1.9000000       0.03340346       0.00061072
     2.0000000       0.04099670       0.00067830
     2.1000000       0.05303259       0.00069290
     2.2000000       0.06866349       0.00073102
     2.3000000       0.09120497       0.00069158
     2.4000000       0.12398685       0.00074675
     2.5000000       0.16826629       0.00073824
     2.6000000       0.23294084       0.00078568
     2.7000000       0.32688337       0.00082845
     2.8000000       0.45993798       0.00080613
     2.9000000       0.65906044       0.00086829
     3.0000000       0.95515193       0.00075549
