     0.0000000       0.35223079       0.00977566
     0.1000000       0.20092189       0.00737830
     0.2000000       0.12275567       0.00560138
     0.3000000       0.07380462       0.00508624
     0.4000000       0.04901345       0.00428313
     0.5000000       0.03326467       0.00491294
     0.6000000       0.02355752       0.00476785
     0.7000000       0.01645894       0.00410731
     0.8000000       0.01005888       0.00390411
     0.9000000       0.00392775       0.00431518
     1.0000000       0.00368610       0.00429702
     1.1000000       0.00016833       0.00485590
     1.2000000      -0.00005094       0.00478954
     1.3000000       0.00560869       0.00389575
     1.4000000       0.00766441       0.00361220
     1.5000000       0.00976782       0.00382368
     1.6000000       0.01037740       0.00384070
     1.7000000       0.00862592       0.00393333
     1.8000000       0.00224438       0.00475168
     1.9000000       0.00368735       0.00471008
     2.0000000       0.00887694       0.00392327
     2.1000000       0.01025417       0.00480772
     2.2000000       0.01472791       0.00369268
     2.3000000       0.01757019       0.00371587
     2.4000000       0.02013751       0.00515731
     2.5000000       0.03288769       0.00515735
     2.6000000       0.05415110       0.00478167
     2.7000000       0.07637772       0.00587668
     2.8000000       0.12069676       0.00676574
     2.9000000       0.20715167       0.00791026
     3.0000000       0.35223079       0.00977566
