     0.0000000       0.13653142       0.00760709
     0.1000000       0.10469042       0.00745338
     0.2000000       0.08231935       0.00724515
     0.3000000       0.06565434       0.00704627
     0.4000000       0.05282268       0.00696515
     0.5000000       0.04286715       0.00698013
     0.6000000       0.03468001       0.00703519
     0.7000000       0.02809019       0.00709513
     0.8000000       0.02389214       0.00699744
     0.9000000       0.02174663       0.00673203
     1.0000000       0.01991634       0.00653878
     1.1000000       0.01797908       0.00638328
     1.2000000       0.01634665       0.00621981
     1.3000000       0.01516337       0.00613799
     1.4000000       0.01418292       0.00614319
     1.5000000       0.01364824       0.00613112
     1.6000000       0.01365854       0.00605670
     1.7000000       0.01376599       0.00603051
     1.8000000       0.01437503       0.00606154
     1.9000000       0.01587115       0.00613655
     2.0000000       0.01744613       0.00628020
     2.1000000       0.01967290       0.00638963
     2.2000000       0.02324763       0.00648429
     2.3000000       0.02780230       0.00667937
     2.4000000       0.03368263       0.00694997
     2.5000000       0.04080088       0.00730150
     2.6000000       0.04983442       0.00759762
     2.7000000       0.06255153       0.00772035
     2.8000000       0.07969931       0.00777859
     2.9000000       0.10311069       0.00775132
     3.0000000       0.13653142       0.00760709
