     0.0000000       0.28523846       0.01144404
     0.1000000       0.17642620       0.01135405
     0.2000000       0.10955829       0.00716013
     0.3000000       0.06004621       0.00628952
     0.4000000       0.03238620       0.00885527
     0.5000000       0.01474620       0.00818787
     0.6000000       0.00302708       0.01283913
     0.7000000       0.00284909       0.00864756
     0.8000000       0.00864484       0.00460639
     0.9000000       0.01600088       0.00991274
     1.0000000       0.00440298       0.00648089
     1.1000000       0.00599518       0.00464512
     1.2000000       0.00874073       0.01069195
     1.3000000       0.00257804       0.00631891
     1.4000000       0.00043374       0.00519892
     1.5000000       0.00144646       0.00959374
     1.6000000      -0.00387168       0.00756142
     1.7000000      -0.00780509       0.00870747
     1.8000000      -0.00136626       0.00712175
     1.9000000      -0.00036695       0.00828970
     2.0000000      -0.00295313       0.00608287
     2.1000000      -0.00286054       0.00510683
     2.2000000      -0.00422450       0.00377129
     2.3000000      -0.00057822       0.00445301
     2.4000000      -0.00248918       0.01250986
     2.5000000      -0.01039015       0.00820794
     2.6000000      -0.01605090       0.00574043
     2.7000000      -0.01243366       0.00594673
     2.8000000      -0.01149845       0.00426462
     2.9000000      -0.01191364       0.00655605
     3.0000000      -0.00386724       0.00505920
     3.1000000      -0.00021439       0.00470315
     3.2000000       0.00574981       0.00649996
     3.3000000       0.00362621       0.00542283
     3.4000000      -0.00277491       0.00584144
     3.5000000      -0.00235934       0.00598494
     3.6000000       0.00055185       0.00447745
     3.7000000      -0.00220308       0.00609795
     3.8000000      -0.00031418       0.00423148
     3.9000000       0.00013647       0.00596186
     4.0000000       0.00166686       0.00328725
     4.1000000       0.00118809       0.00384760
     4.2000000      -0.00453953       0.00483385
     4.3000000      -0.00109873       0.00358994
     4.4000000       0.00346951       0.00325418
     4.5000000       0.00451412       0.00456968
     4.6000000      -0.00191331       0.00602117
     4.7000000      -0.00217660       0.00595533
     4.8000000      -0.00259365       0.00557845
     4.9000000      -0.00549654       0.00909284
     5.0000000       0.00435042       0.00439522
     5.1000000      -0.00005515       0.00570838
     5.2000000       0.00431586       0.00434925
     5.3000000       0.00685473       0.00582133
     5.4000000       0.01456278       0.00441397
     5.5000000       0.01565518       0.00969153
     5.6000000       0.03385348       0.00778494
     5.7000000       0.05728311       0.00511530
     5.8000000       0.09700869       0.00661736
     5.9000000       0.17132816       0.00984169
     6.0000000       0.28523846       0.01144404
