     0.0000000       0.39812293       0.00474559
     0.1000000       0.23230112       0.00425065
     0.2000000       0.15420559       0.00356591
     0.3000000       0.10940007       0.00302418
     0.4000000       0.08559138       0.00311162
     0.5000000       0.07689597       0.00389846
     0.6000000       0.09192191       0.00354017
     0.7000000       0.10845625       0.00342222
     0.8000000       0.15796016       0.00348659
     0.9000000       0.23437669       0.00360475
     1.0000000       0.39812293       0.00474559
