     0.0000000       0.67082247       0.00538729
     0.1000000       0.59460774       0.00595621
     0.2000000       0.54206536       0.00590198
     0.3000000       0.50702711       0.00519767
     0.4000000       0.48716757       0.00465533
     0.5000000       0.48077911       0.00438793
     0.6000000       0.48698545       0.00430451
     0.7000000       0.50632938       0.00429423
     0.8000000       0.54079850       0.00447304
     0.9000000       0.59381603       0.00489825
     1.0000000       0.67082247       0.00538729
