     0.0000000       2.02515156       0.03898806
     0.1000000       1.81353129       0.03811618
     0.2000000       1.67068085       0.03751283
     0.3000000       1.57016502       0.03745780
     0.4000000       1.49465937       0.03703766
     0.5000000       1.43647967       0.03626623
     0.6000000       1.39200277       0.03556391
     0.7000000       1.35777328       0.03506183
     0.8000000       1.33196467       0.03473258
     0.9000000       1.31349147       0.03453157
     1.0000000       1.30036380       0.03449693
     1.1000000       1.28969632       0.03432312
     1.2000000       1.28073024       0.03395019
     1.3000000       1.27393805       0.03371857
     1.4000000       1.27090239       0.03372331
     1.5000000       1.27198910       0.03393589
     1.6000000       1.27712938       0.03459243
     1.7000000       1.28672197       0.03589321
     1.8000000       1.29646455       0.03671458
     1.9000000       1.30545367       0.03627247
     2.0000000       1.31603525       0.03546464
     2.1000000       1.32951965       0.03516993
     2.2000000       1.34967888       0.03570560
     2.3000000       1.37626459       0.03690851
     2.4000000       1.40947688       0.03809634
     2.5000000       1.45138690       0.03882222
     2.6000000       1.50607793       0.03924197
     2.7000000       1.58005154       0.03983437
     2.8000000       1.68067776       0.04038010
     2.9000000       1.81997063       0.04002099
     3.0000000       2.02515156       0.03898806
