     0.0000000       0.19643785       0.05849879
     0.1000000       0.10860371       0.04592538
     0.2000000       0.06431868       0.03276833
     0.3000000       0.04140934       0.02255539
     0.4000000       0.02557169       0.01806108
     0.5000000       0.01596815       0.01523071
     0.6000000       0.01452467       0.00996129
     0.7000000       0.01782909       0.00582664
     0.8000000       0.02430934       0.01056596
     0.9000000       0.02698794       0.01454151
     1.0000000       0.02428467       0.01344420
     1.1000000       0.02136276       0.01184874
     1.2000000       0.02035979       0.01227777
     1.3000000       0.02132836       0.01420894
     1.4000000       0.02306653       0.01576627
     1.5000000       0.02419850       0.01716141
     1.6000000       0.02256138       0.01658810
     1.7000000       0.01555272       0.01139629
     1.8000000       0.00503302       0.00565772
     1.9000000      -0.00037686       0.00694032
     2.0000000       0.00185852       0.00566256
     2.1000000       0.00249216       0.00567857
     2.2000000       0.00493566       0.00754874
     2.3000000       0.00881252       0.01080105
     2.4000000       0.00940226       0.01082911
     2.5000000       0.00947854       0.01071078
     2.6000000       0.01075171       0.01289904
     2.7000000       0.01332887       0.01702056
     2.8000000       0.01516080       0.01969178
     2.9000000       0.01529571       0.02066961
     3.0000000       0.01536017       0.02133424
     3.1000000       0.01508846       0.02031464
     3.2000000       0.01144198       0.01678454
     3.3000000       0.00945729       0.01383260
     3.4000000       0.01013502       0.01225536
     3.5000000       0.00811050       0.00935372
     3.6000000       0.00396143       0.00617223
     3.7000000      -0.00030145       0.00582657
     3.8000000      -0.00162924       0.00709775
     3.9000000       0.00180066       0.00540519
     4.0000000       0.00574213       0.00526043
     4.1000000       0.00696760       0.00527207
     4.2000000       0.00729949       0.00505631
     4.3000000       0.00750503       0.00512451
     4.4000000       0.00390531       0.00687448
     4.5000000      -0.00347220       0.01280546
     4.6000000      -0.01037408       0.02020294
     4.7000000      -0.01567058       0.02575470
     4.8000000      -0.01794712       0.02715495
     4.9000000      -0.02234666       0.03056267
     5.0000000      -0.02761790       0.03570462
     5.1000000      -0.02745742       0.03698842
     5.2000000      -0.02719198       0.03855235
     5.3000000      -0.02344236       0.03744803
     5.4000000      -0.01669682       0.03590340
     5.5000000      -0.00964672       0.03747422
     5.6000000       0.00030381       0.03990062
     5.7000000       0.01114528       0.04898206
     5.8000000       0.03101940       0.06384110
     5.9000000       0.08561472       0.06747442
     6.0000000       0.19643785       0.05849879
