     0.0000000       0.27540311       0.00718787
     0.1000000       0.19203827       0.00610378
     0.2000000       0.15495352       0.00686291
     0.3000000       0.12221781       0.00371431
     0.4000000       0.10222679       0.00339906
     0.5000000       0.09599968       0.00468347
     0.6000000       0.10178686       0.00230291
     0.7000000       0.11674512       0.00500781
     0.8000000       0.14333522       0.00288879
     0.9000000       0.18746249       0.00474484
     1.0000000       0.27540311       0.00718787
