     0.0000000       0.04522543       0.00076929
     0.1000000       0.03165976       0.00071658
     0.2000000       0.02238307       0.00068538
     0.3000000       0.01730300       0.00064021
     0.4000000       0.01379330       0.00067615
     0.5000000       0.01159027       0.00067777
     0.6000000       0.00999685       0.00059563
     0.7000000       0.00883505       0.00053331
     0.8000000       0.00925378       0.00058883
     0.9000000       0.00887175       0.00060762
     1.0000000       0.00912221       0.00062425
     1.1000000       0.00970674       0.00068379
     1.2000000       0.01054121       0.00068216
     1.3000000       0.01198047       0.00060673
     1.4000000       0.01350273       0.00065190
     1.5000000       0.01539399       0.00067770
     1.6000000       0.01755982       0.00059595
     1.7000000       0.02209827       0.00064430
     1.8000000       0.02731288       0.00061708
     1.9000000       0.03406449       0.00065282
     2.0000000       0.04128080       0.00064918
     2.1000000       0.05348739       0.00066638
     2.2000000       0.06920430       0.00074249
     2.3000000       0.09195143       0.00074570
     2.4000000       0.12433071       0.00076297
     2.5000000       0.16849451       0.00074310
     2.6000000       0.23296208       0.00088981
     2.7000000       0.32653460       0.00082984
     2.8000000       0.45930036       0.00084712
     2.9000000       0.65869428       0.00089049
     3.0000000       0.95477457       0.00076929
