     0.0000000       0.13957982       0.00704490
     0.1000000       0.10279472       0.00532748
     0.2000000       0.08434376       0.00324803
     0.3000000       0.07239532       0.00527292
     0.4000000       0.06422593       0.00507263
     0.5000000       0.04939884       0.00440709
     0.6000000       0.03918399       0.00345897
     0.7000000       0.03443852       0.00397121
     0.8000000       0.03607829       0.00399585
     0.9000000       0.02470410       0.00318222
     1.0000000       0.02738022       0.00396536
     1.1000000       0.01994398       0.00292015
     1.2000000       0.01657729       0.00324277
     1.3000000       0.01906322       0.00506094
     1.4000000       0.02424741       0.00295895
     1.5000000       0.02517484       0.00408832
     1.6000000       0.02636150       0.00395636
     1.7000000       0.02507163       0.00393486
     1.8000000       0.02952591       0.00622774
     1.9000000       0.03005857       0.00514203
     2.0000000       0.03570823       0.00533819
     2.1000000       0.02801989       0.00403104
     2.2000000       0.03544567       0.00375539
     2.3000000       0.03826605       0.00349804
     2.4000000       0.03725080       0.00352766
     2.5000000       0.04799792       0.00437872
     2.6000000       0.05881138       0.00547511
     2.7000000       0.06180800       0.00647125
     2.8000000       0.07617791       0.00787131
     2.9000000       0.11353594       0.00613207
     3.0000000       0.13957982       0.00704490
