     0.0000000       0.49956620       0.00218504
     0.1000000       0.44881193       0.00224177
     0.2000000       0.41133142       0.00242657
     0.3000000       0.38212127       0.00246794
     0.4000000       0.35956246       0.00256529
     0.5000000       0.33973449       0.00255143
     0.6000000       0.32489942       0.00257406
     0.7000000       0.31157965       0.00262632
     0.8000000       0.30287423       0.00287187
     0.9000000       0.29416590       0.00272629
     1.0000000       0.28929538       0.00285239
     1.1000000       0.28479361       0.00288002
     1.2000000       0.28280019       0.00281755
     1.3000000       0.28065721       0.00300500
     1.4000000       0.28031855       0.00311734
     1.5000000       0.27846011       0.00287985
     1.6000000       0.27838872       0.00301619
     1.7000000       0.28082911       0.00308421
     1.8000000       0.28297788       0.00315551
     1.9000000       0.28733938       0.00310411
     2.0000000       0.29156170       0.00298738
     2.1000000       0.29758967       0.00287011
     2.2000000       0.30461640       0.00284570
     2.3000000       0.31509161       0.00288103
     2.4000000       0.32863596       0.00275966
     2.5000000       0.34460614       0.00266627
     2.6000000       0.36309150       0.00257616
     2.7000000       0.38834021       0.00251827
     2.8000000       0.41334229       0.00221263
     2.9000000       0.45197555       0.00217812
     3.0000000       0.50043380       0.00218504
