     0.0000000       0.32466527       0.01128768
     0.1000000       0.21408082       0.01176446
     0.2000000       0.15296398       0.01166991
     0.3000000       0.12131243       0.01089625
     0.4000000       0.10539107       0.01047267
     0.5000000       0.09890479       0.01033601
     0.6000000       0.10302266       0.01031357
     0.7000000       0.11968996       0.01036518
     0.8000000       0.15301395       0.01061397
     0.9000000       0.21404042       0.01096963
     1.0000000       0.32466527       0.01128768
