     0.0000000       0.25149080       0.01942283
     0.1000000       0.14636214       0.01972271
     0.2000000       0.08775869       0.01783795
     0.3000000       0.05414386       0.01539135
     0.4000000       0.03395813       0.01311291
     0.5000000       0.02062848       0.01172658
     0.6000000       0.01264567       0.01029664
     0.7000000       0.00669226       0.01011943
     0.8000000       0.00069810       0.01109036
     0.9000000      -0.00480193       0.01234423
     1.0000000      -0.00902656       0.01383379
     1.1000000      -0.01084625       0.01468347
     1.2000000      -0.01274447       0.01741242
     1.3000000      -0.01191269       0.01829883
     1.4000000      -0.00528626       0.01396480
     1.5000000       0.00201477       0.00961923
     1.6000000       0.00531032       0.00826006
     1.7000000       0.00571587       0.00809769
     1.8000000       0.00462903       0.00789669
     1.9000000       0.00336802       0.00782838
     2.0000000       0.00220469       0.00776376
     2.1000000       0.00017903       0.00780016
     2.2000000      -0.00191926       0.00808340
     2.3000000      -0.00361789       0.00856536
     2.4000000      -0.00411845       0.00824000
     2.5000000      -0.00284646       0.00691683
     2.6000000      -0.00087522       0.00607804
     2.7000000       0.00144970       0.00590499
     2.8000000       0.00353412       0.00589285
     2.9000000       0.00454021       0.00616249
     3.0000000       0.00540952       0.00663377
     3.1000000       0.00725884       0.00700858
     3.2000000       0.00819545       0.00752350
     3.3000000       0.00710752       0.00816320
     3.4000000       0.00466376       0.00762994
     3.5000000       0.00444810       0.00646568
     3.6000000       0.00608940       0.00595157
     3.7000000       0.00724541       0.00597717
     3.8000000       0.00665793       0.00616484
     3.9000000       0.00350798       0.00714010
     4.0000000       0.00151219       0.00780303
     4.1000000       0.00178414       0.00821024
     4.2000000       0.00189641       0.00917332
     4.3000000       0.00120550       0.01005128
     4.4000000       0.00195922       0.01024443
     4.5000000       0.00460241       0.00988274
     4.6000000       0.00790032       0.00937066
     4.7000000       0.00974183       0.00918259
     4.8000000       0.01033014       0.00872367
     4.9000000       0.01009325       0.00810065
     5.0000000       0.00940825       0.00765733
     5.1000000       0.00791708       0.00823623
     5.2000000       0.00777267       0.00881245
     5.3000000       0.01029467       0.00885916
     5.4000000       0.01395106       0.00978348
     5.5000000       0.01995833       0.01139876
     5.6000000       0.03132969       0.01278400
     5.7000000       0.05138561       0.01447087
     5.8000000       0.08635553       0.01637017
     5.9000000       0.14708355       0.01781063
     6.0000000       0.25149080       0.01942283
