     0.0000000       0.12023144       0.00057875
     0.1000000       0.12086611       0.00052143
     0.2000000       0.13032827       0.00047651
     0.3000000       0.14837476       0.00047392
     0.4000000       0.17631294       0.00050686
     0.5000000       0.21697418       0.00048213
     0.6000000       0.27467941       0.00052885
     0.7000000       0.35671073       0.00056385
     0.8000000       0.47183812       0.00062792
     0.9000000       0.63861752       0.00062956
     1.0000000       0.87976856       0.00057875
