     0.0000000       0.27608660       0.00734956
     0.1000000       0.19211495       0.00615328
     0.2000000       0.15411173       0.00640884
     0.3000000       0.12187140       0.00373928
     0.4000000       0.10141045       0.00334666
     0.5000000       0.09595155       0.00432670
     0.6000000       0.10242667       0.00214884
     0.7000000       0.11810742       0.00430189
     0.8000000       0.14380430       0.00300928
     0.9000000       0.18804699       0.00471256
     1.0000000       0.27608660       0.00734956
