     0.0000000       0.18844886       0.00900206
     0.1000000       0.14095633       0.00816407
     0.2000000       0.08897561       0.00639001
     0.3000000       0.05516552       0.00552880
     0.4000000       0.03728569       0.00558642
     0.5000000       0.03053686       0.00356843
     0.6000000       0.01889096       0.00782895
     0.7000000       0.01801415       0.00411858
     0.8000000       0.01120816       0.00303381
     0.9000000       0.00950330       0.00421138
     1.0000000       0.00433741       0.00322528
     1.1000000       0.00194874       0.00337784
     1.2000000       0.00673093       0.00565891
     1.3000000       0.00397057       0.00298508
     1.4000000       0.00984862       0.00581757
     1.5000000       0.00829048       0.00524473
     1.6000000       0.00289357       0.00519462
     1.7000000      -0.00051897       0.00414144
     1.8000000       0.00108129       0.00420348
     1.9000000      -0.00180075       0.00330885
     2.0000000      -0.00453369       0.00470643
     2.1000000      -0.00462519       0.00384201
     2.2000000      -0.00388858       0.00435878
     2.3000000       0.00680617       0.00734756
     2.4000000       0.00324979       0.00353509
     2.5000000      -0.00218556       0.00257622
     2.6000000       0.00382794       0.00538200
     2.7000000      -0.00178689       0.00245973
     2.8000000      -0.00047000       0.00268754
     2.9000000       0.00577631       0.00407066
     3.0000000       0.00396393       0.00378735
     3.1000000      -0.00007808       0.00263260
     3.2000000      -0.00020393       0.00234058
     3.3000000      -0.00021408       0.00260729
     3.4000000       0.00150276       0.00221686
     3.5000000      -0.00291880       0.00367375
     3.6000000      -0.00266159       0.00408278
     3.7000000      -0.00140199       0.00242534
     3.8000000      -0.00626362       0.00511154
     3.9000000      -0.00518536       0.00541736
     4.0000000      -0.00091460       0.00395716
     4.1000000      -0.00135187       0.00363942
     4.2000000      -0.00086901       0.00337427
     4.3000000      -0.00194947       0.00448117
     4.4000000      -0.00095911       0.00326975
     4.5000000       0.00075917       0.00291814
     4.6000000       0.00366040       0.00466805
     4.7000000       0.00382298       0.00449103
     4.8000000       0.00888270       0.00502602
     4.9000000       0.00618223       0.00299437
     5.0000000       0.00512760       0.00309171
     5.1000000       0.00867939       0.00331168
     5.2000000       0.00995508       0.00514844
     5.3000000       0.01669134       0.00376772
     5.4000000       0.01991038       0.00555957
     5.5000000       0.02549035       0.00459225
     5.6000000       0.03730303       0.00324439
     5.7000000       0.05988633       0.00319645
     5.8000000       0.08396581       0.00543670
     5.9000000       0.13022887       0.00722797
     6.0000000       0.18844886       0.00900206
