     0.0000000       0.14033130       0.01027321
     0.1000000       0.09962589       0.00622025
     0.2000000       0.06113893       0.00597125
     0.3000000       0.05351211       0.00491048
     0.4000000       0.03113632       0.00399036
     0.5000000       0.02745017       0.00409409
     0.6000000       0.01518313       0.00739328
     0.7000000       0.02108305       0.00661954
     0.8000000       0.00499320       0.00758592
     0.9000000       0.00793685       0.00335478
     1.0000000       0.00937918       0.00379221
     1.1000000       0.00228048       0.00420321
     1.2000000       0.01377543       0.00626403
     1.3000000       0.00633424       0.00339423
     1.4000000       0.00474931       0.00736403
     1.5000000      -0.00566861       0.00508896
     1.6000000      -0.00227643       0.00474867
     1.7000000      -0.00423481       0.00355720
     1.8000000       0.00502347       0.00642546
     1.9000000       0.01324770       0.00809069
     2.0000000       0.01043951       0.00468260
     2.1000000       0.01412539       0.00783193
     2.2000000       0.00979597       0.00600517
     2.3000000       0.00700156       0.00504886
     2.4000000       0.00264665       0.00441411
     2.5000000      -0.00072177       0.00548285
     2.6000000      -0.00375647       0.00759892
     2.7000000       0.00360927       0.00651081
     2.8000000       0.00708108       0.00309028
     2.9000000       0.01489723       0.00440961
     3.0000000       0.01060260       0.00344969
     3.1000000       0.01094940       0.00567240
     3.2000000      -0.00008254       0.00493648
     3.3000000      -0.00075179       0.00606539
     3.4000000       0.00132673       0.00595514
     3.5000000      -0.00323718       0.00547109
     3.6000000       0.00199701       0.00685976
     3.7000000      -0.00183219       0.00398147
     3.8000000      -0.00412843       0.00641946
     3.9000000       0.00003253       0.00434101
     4.0000000       0.00990193       0.00539765
     4.1000000       0.00700792       0.00335066
     4.2000000       0.00204541       0.00482484
     4.3000000      -0.00079258       0.00448285
     4.4000000      -0.00363655       0.00500277
     4.5000000      -0.00052043       0.00549558
     4.6000000       0.00219041       0.00327579
     4.7000000       0.00138692       0.00406191
     4.8000000       0.00601239       0.00409216
     4.9000000       0.00877685       0.00567671
     5.0000000      -0.00197119       0.00449430
     5.1000000       0.00495844       0.00457078
     5.2000000       0.00240618       0.00652963
     5.3000000       0.01311145       0.00369676
     5.4000000       0.01793229       0.00434160
     5.5000000       0.01673753       0.00487286
     5.6000000       0.03238580       0.00584577
     5.7000000       0.03786948       0.00436278
     5.8000000       0.06363412       0.00554516
     5.9000000       0.09583551       0.00506793
     6.0000000       0.14033130       0.01027321
