     0.0000000       0.18788204       0.01052467
     0.1000000       0.13103223       0.00715909
     0.2000000       0.10287896       0.00356061
     0.3000000       0.08043618       0.00298289
     0.4000000       0.06293913       0.00293994
     0.5000000       0.04461822       0.00418667
     0.6000000       0.03628524       0.00444499
     0.7000000       0.02231762       0.00399743
     0.8000000       0.02649792       0.00341663
     0.9000000       0.03020239       0.00879656
     1.0000000       0.01912363       0.00334575
     1.1000000       0.01399615       0.00267381
     1.2000000       0.00829040       0.00450638
     1.3000000       0.00725012       0.00647019
     1.4000000       0.01357847       0.00312444
     1.5000000       0.01160750       0.00597301
     1.6000000       0.02036701       0.00399685
     1.7000000       0.02229030       0.00705349
     1.8000000       0.01897043       0.00418126
     1.9000000       0.01638743       0.00297149
     2.0000000       0.01339191       0.00605786
     2.1000000       0.01569160       0.00468168
     2.2000000       0.02249129       0.00425615
     2.3000000       0.02655708       0.00469769
     2.4000000       0.02448958       0.00618117
     2.5000000       0.03799915       0.00648091
     2.6000000       0.05731674       0.00512596
     2.7000000       0.06920273       0.00659991
     2.8000000       0.09622427       0.00741228
     2.9000000       0.14624753       0.00622770
     3.0000000       0.18788204       0.01052467
