     0.0000000       0.07883407       0.00245048
     0.1000000       0.05523824       0.00247913
     0.2000000       0.03909304       0.00199182
     0.3000000       0.02824633       0.00176140
     0.4000000       0.02274120       0.00161919
     0.5000000       0.01715278       0.00172211
     0.6000000       0.01421195       0.00189919
     0.7000000       0.01136583       0.00186804
     0.8000000       0.00904056       0.00162573
     0.9000000       0.00676084       0.00201653
     1.0000000       0.00316700       0.00161476
     1.1000000       0.00195453       0.00160374
     1.2000000       0.00216724       0.00154124
     1.3000000       0.00158452       0.00156342
     1.4000000       0.00178139       0.00159193
     1.5000000       0.00236991       0.00166198
     1.6000000       0.00305664       0.00152721
     1.7000000       0.00350414       0.00152550
     1.8000000       0.00356356       0.00159475
     1.9000000       0.00405436       0.00165715
     2.0000000       0.00140946       0.00170618
     2.1000000       0.00166141       0.00168631
     2.2000000       0.00345766       0.00170350
     2.3000000       0.00616408       0.00195174
     2.4000000       0.00603806       0.00181177
     2.5000000       0.00524833       0.00164212
     2.6000000       0.00613819       0.00182216
     2.7000000       0.00495875       0.00187204
     2.8000000       0.00472065       0.00176862
     2.9000000       0.00427438       0.00169210
     3.0000000       0.00363031       0.00165166
     3.1000000       0.00300211       0.00165348
     3.2000000       0.00109999       0.00175550
     3.3000000       0.00212229       0.00183334
     3.4000000       0.00316617       0.00198236
     3.5000000       0.00456806       0.00198778
     3.6000000       0.00520157       0.00176148
     3.7000000       0.00703361       0.00213858
     3.8000000       0.00949616       0.00199119
     3.9000000       0.01240005       0.00225881
     4.0000000       0.01613039       0.00181176
     4.1000000       0.01809852       0.00181470
     4.2000000       0.02202524       0.00174252
     4.3000000       0.02566678       0.00178707
     4.4000000       0.03038129       0.00182013
     4.5000000       0.03760092       0.00202894
     4.6000000       0.04645069       0.00188723
     4.7000000       0.05607290       0.00188252
     4.8000000       0.06888792       0.00210765
     4.9000000       0.08416792       0.00219577
     5.0000000       0.10394693       0.00216042
     5.1000000       0.12849291       0.00203835
     5.2000000       0.15735277       0.00212492
     5.3000000       0.19441412       0.00223034
     5.4000000       0.23678983       0.00236848
     5.5000000       0.29229329       0.00242588
     5.6000000       0.36518431       0.00233824
     5.7000000       0.45562633       0.00216659
     5.8000000       0.57217158       0.00225182
     5.9000000       0.72321124       0.00243568
     6.0000000       0.92116593       0.00245048
