     0.0000000       0.94371293       0.00081849
     0.1000000       0.68819024       0.00091131
     0.2000000       0.50886662       0.00108067
     0.3000000       0.38130468       0.00104173
     0.4000000       0.28747698       0.00090193
     0.5000000       0.21945757       0.00089507
     0.6000000       0.16937742       0.00086805
     0.7000000       0.13256213       0.00080165
     0.8000000       0.10459820       0.00081960
     0.9000000       0.08318709       0.00081278
     1.0000000       0.06739159       0.00075578
     1.1000000       0.05479938       0.00076996
     1.2000000       0.04571669       0.00077213
     1.3000000       0.03861812       0.00074795
     1.4000000       0.03235071       0.00074969
     1.5000000       0.02768473       0.00071393
     1.6000000       0.02323477       0.00074998
     1.7000000       0.02146697       0.00072143
     1.8000000       0.02009829       0.00071141
     1.9000000       0.01803965       0.00064970
     2.0000000       0.01556285       0.00068250
     2.1000000       0.01610402       0.00074075
     2.2000000       0.01612292       0.00071608
     2.3000000       0.01642900       0.00069957
     2.4000000       0.01632567       0.00066700
     2.5000000       0.01834803       0.00073706
     2.6000000       0.02091314       0.00075719
     2.7000000       0.02583144       0.00069156
     2.8000000       0.03147168       0.00083662
     2.9000000       0.04151093       0.00081124
     3.0000000       0.05628707       0.00081849
