     0.0000000       0.38683221       0.00764868
     0.1000000       0.22736435       0.00705735
     0.2000000       0.15882585       0.00528399
     0.3000000       0.11354694       0.00294377
     0.4000000       0.08909324       0.00312342
     0.5000000       0.08154856       0.00432884
     0.6000000       0.09061954       0.00218521
     0.7000000       0.10980323       0.00475480
     0.8000000       0.15042716       0.00276835
     0.9000000       0.22654041       0.00431382
     1.0000000       0.38683221       0.00764868
