     0.0000000       0.44494091       0.01327598
     0.1000000       0.38487870       0.01395601
     0.2000000       0.33347243       0.01259792
     0.3000000       0.28997358       0.01046053
     0.4000000       0.25348693       0.00875503
     0.5000000       0.22353298       0.00785693
     0.6000000       0.19875240       0.00743683
     0.7000000       0.17834480       0.00782486
     0.8000000       0.16149891       0.00920897
     0.9000000       0.14690011       0.01105321
     1.0000000       0.13435125       0.01284956
     1.1000000       0.12335672       0.01409227
     1.2000000       0.11359094       0.01503208
     1.3000000       0.10498100       0.01567833
     1.4000000       0.09559904       0.01447156
     1.5000000       0.08576833       0.01197279
     1.6000000       0.07747430       0.01006417
     1.7000000       0.06998555       0.00852984
     1.8000000       0.06361890       0.00758734
     1.9000000       0.05800590       0.00668373
     2.0000000       0.05299296       0.00582018
     2.1000000       0.04890258       0.00559392
     2.2000000       0.04536672       0.00573826
     2.3000000       0.04265955       0.00603780
     2.4000000       0.03982636       0.00599947
     2.5000000       0.03742632       0.00563652
     2.6000000       0.03614601       0.00533583
     2.7000000       0.03547706       0.00540714
     2.8000000       0.03521432       0.00533492
     2.9000000       0.03549142       0.00485608
     3.0000000       0.03609421       0.00445999
     3.1000000       0.03673844       0.00438570
     3.2000000       0.03738947       0.00456962
     3.3000000       0.03749385       0.00456554
     3.4000000       0.03764845       0.00445026
     3.5000000       0.03910078       0.00408140
     3.6000000       0.04150701       0.00349242
     3.7000000       0.04359209       0.00305604
     3.8000000       0.04553601       0.00272090
     3.9000000       0.04829265       0.00238504
     4.0000000       0.05109985       0.00229329
     4.1000000       0.05417634       0.00226429
     4.2000000       0.05839297       0.00207196
     4.3000000       0.06364221       0.00200857
     4.4000000       0.06988200       0.00213844
     4.5000000       0.07694337       0.00233422
     4.6000000       0.08472936       0.00255942
     4.7000000       0.09331579       0.00290514
     4.8000000       0.10354821       0.00364926
     4.9000000       0.11530190       0.00471350
     5.0000000       0.12839912       0.00561851
     5.1000000       0.14227460       0.00578551
     5.2000000       0.15740260       0.00531504
     5.3000000       0.17507089       0.00492448
     5.4000000       0.19630725       0.00528886
     5.5000000       0.22184939       0.00629552
     5.6000000       0.25168392       0.00743358
     5.7000000       0.28766628       0.00911799
     5.8000000       0.33068804       0.01095186
     5.9000000       0.38189388       0.01202663
     6.0000000       0.44494091       0.01327598
