     0.0000000       0.89356787       0.00236543
     0.1000000       0.73870502       0.00261366
     0.2000000       0.61784649       0.00245328
     0.3000000       0.51934889       0.00258897
     0.4000000       0.43803751       0.00264175
     0.5000000       0.37296325       0.00259829
     0.6000000       0.32065673       0.00262218
     0.7000000       0.27494680       0.00272390
     0.8000000       0.23926114       0.00253193
     0.9000000       0.20455037       0.00224711
     1.0000000       0.17382580       0.00246438
     1.1000000       0.15254005       0.00225010
     1.2000000       0.13325682       0.00234893
     1.3000000       0.11295500       0.00244946
     1.4000000       0.09894539       0.00248061
     1.5000000       0.08354585       0.00357503
     1.6000000       0.07174165       0.00328474
     1.7000000       0.06151023       0.00325429
     1.8000000       0.05443745       0.00302103
     1.9000000       0.05160829       0.00250994
     2.0000000       0.04582210       0.00232437
     2.1000000       0.04151879       0.00280597
     2.2000000       0.03354245       0.00285770
     2.3000000       0.02996794       0.00205037
     2.4000000       0.02809025       0.00231250
     2.5000000       0.02700924       0.00211135
     2.6000000       0.02282681       0.00216721
     2.7000000       0.02029373       0.00261088
     2.8000000       0.01895563       0.00251886
     2.9000000       0.01500760       0.00268175
     3.0000000       0.01602422       0.00246314
     3.1000000       0.01486040       0.00267524
     3.2000000       0.01422379       0.00250988
     3.3000000       0.01141673       0.00256502
     3.4000000       0.01041104       0.00246522
     3.5000000       0.00978319       0.00262188
     3.6000000       0.01009206       0.00256049
     3.7000000       0.01240296       0.00217216
     3.8000000       0.01213904       0.00212309
     3.9000000       0.01191022       0.00214754
     4.0000000       0.01144384       0.00188721
     4.1000000       0.01153210       0.00191988
     4.2000000       0.01201237       0.00200019
     4.3000000       0.01254459       0.00199124
     4.4000000       0.01287031       0.00193917
     4.5000000       0.01325993       0.00204874
     4.6000000       0.01416014       0.00213712
     4.7000000       0.01479797       0.00208153
     4.8000000       0.01486927       0.00204215
     4.9000000       0.01405481       0.00217978
     5.0000000       0.01718273       0.00230107
     5.1000000       0.01889178       0.00220402
     5.2000000       0.02217567       0.00210593
     5.3000000       0.02412221       0.00215480
     5.4000000       0.02905361       0.00224425
     5.5000000       0.03236483       0.00234456
     5.6000000       0.03950176       0.00270310
     5.7000000       0.04782512       0.00272755
     5.8000000       0.05892999       0.00263775
     5.9000000       0.07782457       0.00253574
     6.0000000       0.10643213       0.00236543
