     0.0000000       0.33591883       0.01459589
     0.1000000       0.21257231       0.01547635
     0.2000000       0.14577578       0.01513579
     0.3000000       0.10988436       0.01375573
     0.4000000       0.09040611       0.01296162
     0.5000000       0.08440579       0.01258648
     0.6000000       0.09158839       0.01238152
     0.7000000       0.11090732       0.01243393
     0.8000000       0.14775222       0.01286701
     0.9000000       0.21516749       0.01365080
     1.0000000       0.33591883       0.01459589
