     0.0000000       0.26734689       0.00946634
     0.1000000       0.16227807       0.00657347
     0.2000000       0.10628334       0.00501844
     0.3000000       0.07162614       0.00415939
     0.4000000       0.04985654       0.00376248
     0.5000000       0.03471145       0.00447590
     0.6000000       0.02663571       0.00452242
     0.7000000       0.02052395       0.00448684
     0.8000000       0.01476637       0.00479197
     0.9000000       0.01323817       0.00349237
     1.0000000       0.00841138       0.00422776
     1.1000000       0.00512057       0.00385411
     1.2000000       0.00229463       0.00533411
     1.3000000       0.00873684       0.00320827
     1.4000000       0.01072079       0.00370371
     1.5000000       0.00759203       0.00314198
     1.6000000       0.01119671       0.00347283
     1.7000000       0.01081019       0.00494571
     1.8000000       0.00647554       0.00422517
     1.9000000       0.00532451       0.00379994
     2.0000000       0.00831521       0.00414749
     2.1000000       0.01214570       0.00371028
     2.2000000       0.01816300       0.00384638
     2.3000000       0.01887513       0.00433123
     2.4000000       0.01874304       0.00519431
     2.5000000       0.03032012       0.00502400
     2.6000000       0.04958766       0.00396294
     2.7000000       0.06667199       0.00638484
     2.8000000       0.10366405       0.00613574
     2.9000000       0.17094910       0.00694367
     3.0000000       0.26734689       0.00946634
