     0.0000000       0.26603507       0.01613418
     0.1000000       0.16444163       0.01480592
     0.2000000       0.10408710       0.01341273
     0.3000000       0.06938057       0.01253024
     0.4000000       0.04657232       0.01189182
     0.5000000       0.03039747       0.01129568
     0.6000000       0.01856794       0.01100031
     0.7000000       0.00864072       0.01120149
     0.8000000       0.00472632       0.01108883
     0.9000000       0.00495316       0.01022105
     1.0000000       0.00323527       0.00956163
     1.1000000       0.00243390       0.00902005
     1.2000000       0.00333762       0.00839754
     1.3000000       0.00344522       0.00802010
     1.4000000       0.00407780       0.00791974
     1.5000000       0.00465679       0.00808824
     1.6000000       0.00359816       0.00831354
     1.7000000       0.00124084       0.00872709
     1.8000000       0.00054029       0.00918449
     1.9000000       0.00199863       0.00980120
     2.0000000       0.00206852       0.01088023
     2.1000000       0.00105424       0.01187682
     2.2000000       0.00247889       0.01254250
     2.3000000       0.00377077       0.01344929
     2.4000000       0.00614540       0.01462342
     2.5000000       0.01378124       0.01604567
     2.6000000       0.02723759       0.01706656
     2.7000000       0.05095879       0.01709655
     2.8000000       0.09193325       0.01713586
     2.9000000       0.15820314       0.01687891
     3.0000000       0.26603507       0.01613418
