     0.0000000       0.71035364       0.00614506
     0.1000000       0.62279983       0.00685966
     0.2000000       0.56421110       0.00680268
     0.3000000       0.52588814       0.00594838
     0.4000000       0.50447157       0.00529652
     0.5000000       0.49758647       0.00493880
     0.6000000       0.50414202       0.00480299
     0.7000000       0.52492059       0.00479038
     0.8000000       0.56252254       0.00501320
     0.9000000       0.62167055       0.00553209
     1.0000000       0.71035364       0.00614506
