     0.0000000       0.61899337       0.01202741
     0.1000000       0.50448784       0.01273218
     0.2000000       0.41666553       0.01179228
     0.3000000       0.34744186       0.01005956
     0.4000000       0.29127505       0.00856748
     0.5000000       0.24462262       0.00857102
     0.6000000       0.20654152       0.00955689
     0.7000000       0.17854620       0.00887604
     0.8000000       0.15846567       0.00673808
     0.9000000       0.14004914       0.00553082
     1.0000000       0.12340297       0.00495679
     1.1000000       0.10924811       0.00450731
     1.2000000       0.09852862       0.00439832
     1.3000000       0.08893240       0.00436604
     1.4000000       0.07903354       0.00389547
     1.5000000       0.07169501       0.00380601
     1.6000000       0.06662619       0.00421766
     1.7000000       0.06276493       0.00474813
     1.8000000       0.05991716       0.00565541
     1.9000000       0.05696691       0.00636251
     2.0000000       0.05346993       0.00566145
     2.1000000       0.05036215       0.00468818
     2.2000000       0.04768499       0.00440117
     2.3000000       0.04504464       0.00438183
     2.4000000       0.04284426       0.00439539
     2.5000000       0.04140614       0.00448363
     2.6000000       0.04045055       0.00431105
     2.7000000       0.04014331       0.00396242
     2.8000000       0.04009292       0.00353769
     2.9000000       0.03928782       0.00304682
     3.0000000       0.03806067       0.00268261
     3.1000000       0.03702782       0.00261163
     3.2000000       0.03673855       0.00265591
     3.3000000       0.03707807       0.00266674
     3.4000000       0.03813219       0.00292700
     3.5000000       0.03865561       0.00328911
     3.6000000       0.03886802       0.00355360
     3.7000000       0.04022377       0.00364060
     3.8000000       0.04164631       0.00346971
     3.9000000       0.04377905       0.00338198
     4.0000000       0.04681974       0.00338897
     4.1000000       0.05069824       0.00344096
     4.2000000       0.05561628       0.00336142
     4.3000000       0.06143670       0.00315649
     4.4000000       0.06828813       0.00308167
     4.5000000       0.07547503       0.00334940
     4.6000000       0.08247910       0.00359556
     4.7000000       0.08960230       0.00372459
     4.8000000       0.09869186       0.00409236
     4.9000000       0.11058808       0.00437930
     5.0000000       0.12473082       0.00446500
     5.1000000       0.14193476       0.00447926
     5.2000000       0.16147479       0.00462231
     5.3000000       0.18324018       0.00444573
     5.4000000       0.21105159       0.00448134
     5.5000000       0.24675022       0.00575623
     5.6000000       0.28938481       0.00700193
     5.7000000       0.34234241       0.00783254
     5.8000000       0.41093071       0.00930417
     5.9000000       0.50009635       0.01074577
     6.0000000       0.61899337       0.01202741
