     0.0000000       0.33331962       0.05634380
     0.1000000       0.20561088       0.01154650
     0.2000000       0.12295756       0.00773871
     0.3000000       0.07199634       0.00738133
     0.4000000       0.02572969       0.01796588
     0.5000000       0.00344119       0.02083912
     0.6000000      -0.00116085       0.01729642
     0.7000000      -0.00142765       0.01162037
     0.8000000      -0.00308596       0.01280208
     0.9000000      -0.00447025       0.01293960
     1.0000000      -0.02348897       0.02880168
     1.1000000      -0.01314485       0.01756919
     1.2000000       0.02068525       0.01827967
     1.3000000       0.00887418       0.00824944
     1.4000000      -0.00528800       0.01096084
     1.5000000       0.02265958       0.01939755
     1.6000000       0.00920442       0.00939260
     1.7000000      -0.00528028       0.00720496
     1.8000000      -0.00529317       0.00702502
     1.9000000      -0.00538859       0.00926444
     2.0000000      -0.01122903       0.01708602
     2.1000000      -0.00439590       0.00889335
     2.2000000      -0.00788803       0.00710991
     2.3000000       0.00613210       0.00609052
     2.4000000       0.01113078       0.01597898
     2.5000000      -0.00767707       0.00983635
     2.6000000      -0.00937576       0.01091537
     2.7000000      -0.01461767       0.01139921
     2.8000000      -0.01009120       0.00928892
     2.9000000      -0.01104475       0.01139485
     3.0000000      -0.00678945       0.00752816
     3.1000000      -0.00230839       0.00538639
     3.2000000      -0.00014698       0.00671769
     3.3000000       0.00438771       0.00779246
     3.4000000      -0.00100841       0.00595272
     3.5000000      -0.00795238       0.00938759
     3.6000000      -0.01004898       0.01095063
     3.7000000       0.00877645       0.01140816
     3.8000000       0.00296269       0.00655503
     3.9000000      -0.01402984       0.01359846
     4.0000000       0.00296081       0.00650359
     4.1000000       0.00543850       0.00615733
     4.2000000      -0.00155159       0.00859998
     4.3000000      -0.00888532       0.01470161
     4.4000000      -0.00740349       0.01514540
     4.5000000      -0.00129822       0.00682850
     4.6000000      -0.01532792       0.01794570
     4.7000000      -0.01236038       0.01675796
     4.8000000      -0.00906307       0.01523620
     4.9000000      -0.01661472       0.02300152
     5.0000000      -0.00909466       0.01738034
     5.1000000      -0.01634201       0.02640054
     5.2000000      -0.02291505       0.03124961
     5.3000000      -0.01115559       0.02451246
     5.4000000      -0.00230029       0.02469745
     5.5000000      -0.00866154       0.03814390
     5.6000000       0.00746094       0.03662553
     5.7000000       0.03942858       0.02921631
     5.8000000       0.08613669       0.03286160
     5.9000000       0.17577183       0.03932418
     6.0000000       0.33331962       0.05634380
