     0.0000000       0.36335704       0.00652181
     0.1000000       0.21161458       0.00443224
     0.2000000       0.12892931       0.00386512
     0.3000000       0.08319180       0.00358241
     0.4000000       0.05268288       0.00379297
     0.5000000       0.03670650       0.00349346
     0.6000000       0.02971735       0.00318787
     0.7000000       0.01818300       0.00357566
     0.8000000       0.01530813       0.00325122
     0.9000000       0.00911315       0.00341823
     1.0000000       0.00784680       0.00377345
     1.1000000       0.00647408       0.00347561
     1.2000000       0.00320750       0.00330894
     1.3000000       0.00482164       0.00319809
     1.4000000       0.00412567       0.00340115
     1.5000000       0.00481327       0.00306212
     1.6000000       0.00497146       0.00356246
     1.7000000       0.00543173       0.00340092
     1.8000000       0.00783695       0.00284078
     1.9000000       0.00882760       0.00311969
     2.0000000       0.00919130       0.00352775
     2.1000000       0.01224210       0.00342890
     2.2000000       0.01758950       0.00359190
     2.3000000       0.02255116       0.00319484
     2.4000000       0.02352717       0.00345432
     2.5000000       0.03334300       0.00339765
     2.6000000       0.04608349       0.00485225
     2.7000000       0.07801301       0.00443854
     2.8000000       0.12790769       0.00419055
     2.9000000       0.20813628       0.00484419
     3.0000000       0.36335704       0.00652181
