     0.0000000       0.26729374       0.01084021
     0.1000000       0.16545270       0.01073371
     0.2000000       0.10590479       0.01046292
     0.3000000       0.06963313       0.01006726
     0.4000000       0.04545448       0.00975576
     0.5000000       0.02812892       0.00965504
     0.6000000       0.01502106       0.00993520
     0.7000000       0.00671961       0.01049902
     0.8000000       0.00348664       0.01069634
     0.9000000       0.00256330       0.01045746
     1.0000000       0.00141883       0.01029633
     1.1000000       0.00065170       0.00997348
     1.2000000      -0.00038757       0.00972089
     1.3000000      -0.00310301       0.00991768
     1.4000000      -0.00557462       0.01008919
     1.5000000      -0.00651106       0.01001683
     1.6000000      -0.00485370       0.00993413
     1.7000000      -0.00162880       0.00996340
     1.8000000       0.00204115       0.00980752
     1.9000000       0.00566013       0.00930429
     2.0000000       0.00844587       0.00896881
     2.1000000       0.01008857       0.00877923
     2.2000000       0.00987760       0.00864389
     2.3000000       0.01096766       0.00877362
     2.4000000       0.01785063       0.00910378
     2.5000000       0.02979910       0.00977284
     2.6000000       0.04491884       0.01041072
     2.7000000       0.06607502       0.01063348
     2.8000000       0.10131042       0.01070044
     2.9000000       0.16276125       0.01083067
     3.0000000       0.26729374       0.01084021
