     0.0000000       0.81076260       0.00056984
     0.1000000       0.63409060       0.00072881
     0.2000000       0.50542341       0.00072071
     0.3000000       0.40991401       0.00069254
     0.4000000       0.33931503       0.00067546
     0.5000000       0.28710713       0.00063498
     0.6000000       0.24749524       0.00062160
     0.7000000       0.21924499       0.00052695
     0.8000000       0.19929925       0.00056777
     0.9000000       0.18964269       0.00053020
     1.0000000       0.18923740       0.00056984
