     0.0000000       0.23901039       0.00363356
     0.1000000       0.22042580       0.00360906
     0.2000000       0.20436032       0.00357638
     0.3000000       0.19042650       0.00360119
     0.4000000       0.17796479       0.00359723
     0.5000000       0.16673370       0.00354312
     0.6000000       0.15675926       0.00352255
     0.7000000       0.14809902       0.00359620
     0.8000000       0.14023277       0.00367379
     0.9000000       0.13277137       0.00366508
     1.0000000       0.12597468       0.00361914
     1.1000000       0.11959979       0.00353669
     1.2000000       0.11359794       0.00345233
     1.3000000       0.10816675       0.00337088
     1.4000000       0.10333781       0.00337053
     1.5000000       0.09918094       0.00347482
     1.6000000       0.09539259       0.00355942
     1.7000000       0.09193008       0.00357570
     1.8000000       0.08889505       0.00355184
     1.9000000       0.08611359       0.00354966
     2.0000000       0.08357083       0.00354114
     2.1000000       0.08105808       0.00341474
     2.2000000       0.07865762       0.00323755
     2.3000000       0.07660959       0.00314627
     2.4000000       0.07480018       0.00310434
     2.5000000       0.07312698       0.00297950
     2.6000000       0.07172781       0.00282067
     2.7000000       0.07078448       0.00275427
     2.8000000       0.07036881       0.00275770
     2.9000000       0.07035655       0.00277323
     3.0000000       0.07041348       0.00272588
     3.1000000       0.07053360       0.00257632
     3.2000000       0.07089365       0.00241978
     3.3000000       0.07128468       0.00224247
     3.4000000       0.07174723       0.00208973
     3.5000000       0.07239218       0.00195309
     3.6000000       0.07332960       0.00183117
     3.7000000       0.07483275       0.00180048
     3.8000000       0.07674916       0.00179980
     3.9000000       0.07922251       0.00188337
     4.0000000       0.08201878       0.00201877
     4.1000000       0.08486742       0.00214605
     4.2000000       0.08794400       0.00230244
     4.3000000       0.09112403       0.00240801
     4.4000000       0.09450856       0.00243680
     4.5000000       0.09835576       0.00247729
     4.6000000       0.10277030       0.00256530
     4.7000000       0.10788686       0.00267084
     4.8000000       0.11354395       0.00283304
     4.9000000       0.11948720       0.00302162
     5.0000000       0.12579540       0.00314195
     5.1000000       0.13249974       0.00319902
     5.2000000       0.13979443       0.00328687
     5.3000000       0.14795759       0.00342330
     5.4000000       0.15719702       0.00354673
     5.5000000       0.16750341       0.00363042
     5.6000000       0.17872594       0.00372058
     5.7000000       0.19113011       0.00378898
     5.8000000       0.20503277       0.00377971
     5.9000000       0.22070419       0.00369087
     6.0000000       0.23901039       0.00363356
