     0.0000000       0.50000000       0.00000000
     0.1000000       0.43690100       0.00206467
     0.2000000       0.38675919       0.00260614
     0.3000000       0.34818177       0.00280727
     0.4000000       0.31284498       0.00311447
     0.5000000       0.28444948       0.00321694
     0.6000000       0.25829658       0.00323794
     0.7000000       0.23552814       0.00381301
     0.8000000       0.21532859       0.00394744
     0.9000000       0.19373010       0.00415391
     1.0000000       0.17908405       0.00406410
     1.1000000       0.16680661       0.00400558
     1.2000000       0.15140759       0.00404217
     1.3000000       0.14103235       0.00421519
     1.4000000       0.12864521       0.00428266
     1.5000000       0.12323883       0.00420809
     1.6000000       0.11445962       0.00427077
     1.7000000       0.10488597       0.00470844
     1.8000000       0.09708824       0.00437554
     1.9000000       0.09000727       0.00541660
     2.0000000       0.08345116       0.00562749
     2.1000000       0.08209351       0.00544813
     2.2000000       0.07898360       0.00474367
     2.3000000       0.07744167       0.00416750
     2.4000000       0.07652866       0.00423037
     2.5000000       0.07527517       0.00429527
     2.6000000       0.07213376       0.00440951
     2.7000000       0.06919765       0.00434886
     2.8000000       0.07070568       0.00425839
     2.9000000       0.07277758       0.00441342
     3.0000000       0.06882303       0.00471921
     3.1000000       0.06932895       0.00468064
     3.2000000       0.06793920       0.00463721
     3.3000000       0.07011828       0.00465874
     3.4000000       0.07154509       0.00464884
     3.5000000       0.07271630       0.00450344
     3.6000000       0.07419143       0.00437291
     3.7000000       0.07843004       0.00428080
     3.8000000       0.08339691       0.00417140
     3.9000000       0.08698385       0.00409671
     4.0000000       0.09135212       0.00410392
     4.1000000       0.09442384       0.00425744
     4.2000000       0.10194355       0.00420558
     4.3000000       0.11018200       0.00414633
     4.4000000       0.11682178       0.00442158
     4.5000000       0.12871115       0.00489741
     4.6000000       0.13792987       0.00459218
     4.7000000       0.14745246       0.00458315
     4.8000000       0.15604389       0.00451895
     4.9000000       0.16610854       0.00449319
     5.0000000       0.18263640       0.00436085
     5.1000000       0.19775410       0.00441376
     5.2000000       0.21973789       0.00423204
     5.3000000       0.24116586       0.00402804
     5.4000000       0.26292889       0.00379446
     5.5000000       0.28902186       0.00374069
     5.6000000       0.31755251       0.00355492
     5.7000000       0.34983113       0.00311791
     5.8000000       0.38814066       0.00283236
     5.9000000       0.43954254       0.00230741
     6.0000000       0.50000000       0.00000000
