     0.0000000       0.27843897       0.00942310
     0.1000000       0.17382034       0.00665228
     0.2000000       0.11905121       0.00407631
     0.3000000       0.07922734       0.00378579
     0.4000000       0.05447987       0.00428682
     0.5000000       0.03153112       0.00593604
     0.6000000       0.02349582       0.00438487
     0.7000000       0.01095932       0.00632031
     0.8000000       0.01283737       0.00447314
     0.9000000       0.01630250       0.00481168
     1.0000000       0.01072516       0.00331481
     1.1000000       0.00636071       0.00350862
     1.2000000       0.00470506       0.00401683
     1.3000000       0.00283897       0.00494170
     1.4000000       0.00723712       0.00350220
     1.5000000       0.00523936       0.00454607
     1.6000000       0.00965075       0.00290723
     1.7000000       0.00972277       0.00321182
     1.8000000       0.00999655       0.00335181
     1.9000000       0.01083912       0.00270373
     2.0000000       0.01186854       0.00320281
     2.1000000       0.01207989       0.00367264
     2.2000000       0.01815032       0.00417994
     2.3000000       0.02082593       0.00481803
     2.4000000       0.01983133       0.00643535
     2.5000000       0.03475881       0.00438288
     2.6000000       0.05307453       0.00367322
     2.7000000       0.07390058       0.00706527
     2.8000000       0.11294870       0.00681177
     2.9000000       0.18205694       0.00764342
     3.0000000       0.27843897       0.00942310
