     0.0000000       0.20574518       0.00594800
     0.1000000       0.14955955       0.00365733
     0.2000000       0.10749429       0.00371031
     0.3000000       0.07864653       0.00311815
     0.4000000       0.05720266       0.00331616
     0.5000000       0.04140785       0.00342142
     0.6000000       0.03598434       0.00276698
     0.7000000       0.02632273       0.00293832
     0.8000000       0.02149927       0.00270082
     0.9000000       0.01303352       0.00293333
     1.0000000       0.00878574       0.00331370
     1.1000000       0.00854767       0.00255258
     1.2000000       0.00797256       0.00268340
     1.3000000       0.01032437       0.00275609
     1.4000000       0.00898726       0.00247133
     1.5000000       0.01201469       0.00238264
     1.6000000       0.00690342       0.00293561
     1.7000000       0.00615047       0.00276964
     1.8000000       0.00959873       0.00286261
     1.9000000       0.00771781       0.00305832
     2.0000000       0.01021471       0.00272072
     2.1000000       0.01125812       0.00267970
     2.2000000       0.02125979       0.00261258
     2.3000000       0.02535186       0.00311356
     2.4000000       0.03193432       0.00283322
     2.5000000       0.03967958       0.00295495
     2.6000000       0.05452114       0.00326366
     2.7000000       0.07646838       0.00313232
     2.8000000       0.10547312       0.00392305
     2.9000000       0.14319865       0.00463925
     3.0000000       0.20574518       0.00594800
