     0.0000000       0.65897876       0.00631296
     0.1000000       0.54554908       0.00572825
     0.2000000       0.46151072       0.00522921
     0.3000000       0.39765086       0.00481716
     0.4000000       0.34885941       0.00457371
     0.5000000       0.31098410       0.00440839
     0.6000000       0.28092988       0.00421250
     0.7000000       0.25732639       0.00405235
     0.8000000       0.23834405       0.00382556
     0.9000000       0.22316935       0.00355269
     1.0000000       0.21215602       0.00357888
     1.1000000       0.20387030       0.00365730
     1.2000000       0.19714824       0.00356015
     1.3000000       0.19190818       0.00348837
     1.4000000       0.18900889       0.00358642
     1.5000000       0.18840266       0.00375710
     1.6000000       0.18913694       0.00380181
     1.7000000       0.19202013       0.00389335
     1.8000000       0.19734961       0.00422329
     1.9000000       0.20470607       0.00469009
     2.0000000       0.21431137       0.00499502
     2.1000000       0.22632463       0.00495733
     2.2000000       0.24145166       0.00487568
     2.3000000       0.26057639       0.00497534
     2.4000000       0.28476232       0.00516769
     2.5000000       0.31558199       0.00573258
     2.6000000       0.35436887       0.00672490
     2.7000000       0.40306136       0.00736370
     2.8000000       0.46532031       0.00728752
     2.9000000       0.54740684       0.00684692
     3.0000000       0.65897876       0.00631296
