     0.0000000       0.33339370       0.05785588
     0.1000000       0.22641719       0.01554244
     0.2000000       0.14370399       0.02253920
     0.3000000       0.08869523       0.01994853
     0.4000000       0.03013359       0.01569648
     0.5000000       0.00131923       0.02328150
     0.6000000      -0.00512237       0.02018115
     0.7000000      -0.00703087       0.01318707
     0.8000000      -0.00941184       0.01419492
     0.9000000      -0.00951931       0.01137116
     1.0000000      -0.03362669       0.03254726
     1.1000000      -0.01334545       0.01171894
     1.2000000       0.03820141       0.03862435
     1.3000000       0.01651332       0.01664950
     1.4000000      -0.00293954       0.00836771
     1.5000000       0.04531091       0.03680967
     1.6000000       0.02703210       0.02188218
     1.7000000       0.00503312       0.01351715
     1.8000000       0.00531885       0.01256910
     1.9000000       0.00557517       0.00512325
     2.0000000      -0.00366325       0.00876815
     2.1000000       0.00720900       0.00820705
     2.2000000       0.00293267       0.01393820
     2.3000000       0.02308450       0.02335322
     2.4000000       0.02925916       0.03582968
     2.5000000       0.00002918       0.00934447
     2.6000000      -0.00180789       0.00292949
     2.7000000      -0.00798175       0.00522210
     2.8000000      -0.00064333       0.00880006
     2.9000000      -0.00428735       0.00784497
     3.0000000      -0.00076382       0.00428659
     3.1000000       0.00489045       0.00634993
     3.2000000       0.00814960       0.01250019
     3.3000000       0.01579572       0.01728733
     3.4000000       0.00921184       0.01005223
     3.5000000      -0.00043122       0.00679795
     3.6000000      -0.00289613       0.00515867
     3.7000000       0.02527039       0.02861209
     3.8000000       0.01568677       0.01591248
     3.9000000      -0.00954116       0.00698706
     4.0000000       0.01591826       0.01266901
     4.1000000       0.01850267       0.01357231
     4.2000000       0.00710138       0.00427417
     4.3000000      -0.00442771       0.00803396
     4.4000000      -0.00238563       0.00836905
     4.5000000       0.00647874       0.00917669
     4.6000000      -0.01377927       0.01122734
     4.7000000      -0.00699709       0.00804780
     4.8000000      -0.00113317       0.00512973
     4.9000000      -0.01314519       0.01564577
     5.0000000      -0.00127134       0.00653076
     5.1000000      -0.01144907       0.01719710
     5.2000000      -0.02176188       0.02314645
     5.3000000      -0.00554141       0.01270681
     5.4000000       0.00561875       0.01257181
     5.5000000      -0.00833434       0.03270603
     5.6000000       0.00819779       0.03144968
     5.7000000       0.04454420       0.02053254
     5.8000000       0.09195517       0.02557190
     5.9000000       0.18209196       0.03439560
     6.0000000       0.33339370       0.05785588
