     0.0000000       0.28625473       0.00639787
     0.1000000       0.20164508       0.00464391
     0.2000000       0.15559940       0.00460001
     0.3000000       0.12148571       0.00339357
     0.4000000       0.10159109       0.00455922
     0.5000000       0.09807769       0.00440025
     0.6000000       0.10235922       0.00382985
     0.7000000       0.12052994       0.00486249
     0.8000000       0.15069740       0.00413839
     0.9000000       0.19841748       0.00495631
     1.0000000       0.28625473       0.00639787
