     0.0000000       0.94359902       0.01212274
     0.1000000       0.80102085       0.01361416
     0.2000000       0.71200818       0.01335787
     0.3000000       0.65619488       0.01134401
     0.4000000       0.62629745       0.01003195
     0.5000000       0.61714452       0.00938310
     0.6000000       0.62614686       0.00917039
     0.7000000       0.65495351       0.00927167
     0.8000000       0.70894402       0.00984902
     0.9000000       0.79855751       0.01091923
     1.0000000       0.94359902       0.01212274
