     0.0000000       0.29445778       0.00547096
     0.1000000       0.20179578       0.00507256
     0.2000000       0.15191441       0.00420719
     0.3000000       0.12058824       0.00370914
     0.4000000       0.10406325       0.00414974
     0.5000000       0.09735962       0.00459079
     0.6000000       0.10766271       0.00392701
     0.7000000       0.12088354       0.00423753
     0.8000000       0.15493655       0.00416350
     0.9000000       0.20325020       0.00425186
     1.0000000       0.29445778       0.00547096
