     0.0000000       0.37778688       0.02282929
     0.1000000       0.21991609       0.00910512
     0.2000000       0.12533743       0.01531171
     0.3000000       0.08359436       0.01412683
     0.4000000       0.02852321       0.00961209
     0.5000000       0.01578311       0.01000288
     0.6000000       0.01047501       0.00897353
     0.7000000       0.00237363       0.00897661
     0.8000000       0.01652116       0.00898136
     0.9000000       0.01659918       0.01317210
     1.0000000       0.01644739       0.01235534
     1.1000000       0.01208747       0.00452530
     1.2000000       0.01799208       0.01421229
     1.3000000       0.00278992       0.00632744
     1.4000000      -0.00235228       0.00963284
     1.5000000       0.00729294       0.00495679
     1.6000000       0.00284011       0.00938121
     1.7000000       0.00754137       0.00520147
     1.8000000      -0.00261312       0.00822836
     1.9000000      -0.00748788       0.00534057
     2.0000000       0.00010654       0.00303737
     2.1000000      -0.00276535       0.00592511
     2.2000000      -0.00956837       0.00774542
     2.3000000      -0.00206095       0.00485022
     2.4000000       0.01280283       0.00890651
     2.5000000      -0.00124870       0.00472093
     2.6000000       0.00323860       0.00357416
     2.7000000      -0.00417485       0.00866574
     2.8000000      -0.00771756       0.01035724
     2.9000000      -0.01357450       0.01206237
     3.0000000      -0.00330246       0.00625025
     3.1000000       0.00405243       0.00613827
     3.2000000       0.00670394       0.00303190
     3.3000000       0.01296194       0.00753151
     3.4000000       0.00751876       0.00386831
     3.5000000      -0.00829083       0.01059137
     3.6000000      -0.01277683       0.01100669
     3.7000000      -0.00167576       0.00437458
     3.8000000       0.00489459       0.00466385
     3.9000000      -0.00064565       0.00411118
     4.0000000      -0.00114357       0.00392797
     4.1000000       0.00258996       0.00353652
     4.2000000      -0.00544926       0.00775410
     4.3000000       0.00196228       0.00629409
     4.4000000       0.00215359       0.00318951
     4.5000000       0.01444100       0.00684184
     4.6000000      -0.00277337       0.00620023
     4.7000000      -0.00892051       0.01458928
     4.8000000      -0.00208949       0.00823896
     4.9000000       0.01101046       0.00319309
     5.0000000       0.02045766       0.00978342
     5.1000000       0.01066229       0.00506514
     5.2000000      -0.00599859       0.00872931
     5.3000000       0.01652266       0.00447291
     5.4000000       0.01295814       0.00635158
     5.5000000       0.01442648       0.01654500
     5.6000000       0.02897049       0.01582668
     5.7000000       0.04804525       0.02039571
     5.8000000       0.09140585       0.02032749
     5.9000000       0.20532979       0.01308311
     6.0000000       0.37778688       0.02282929
