     0.0000000       0.69245300       0.00722870
     0.1000000       0.56327003       0.00649306
     0.2000000       0.46872027       0.00578088
     0.3000000       0.39804082       0.00527151
     0.4000000       0.34399270       0.00495533
     0.5000000       0.30176873       0.00471706
     0.6000000       0.26843268       0.00446895
     0.7000000       0.24212915       0.00432583
     0.8000000       0.22071106       0.00413372
     0.9000000       0.20337824       0.00384193
     1.0000000       0.19025654       0.00372938
     1.1000000       0.18020663       0.00357069
     1.2000000       0.17249347       0.00325215
     1.3000000       0.16669472       0.00283717
     1.4000000       0.16317891       0.00253095
     1.5000000       0.16205588       0.00238563
     1.6000000       0.16273881       0.00227457
     1.7000000       0.16584841       0.00232813
     1.8000000       0.17166357       0.00256556
     1.9000000       0.17959389       0.00285352
     2.0000000       0.19023060       0.00329010
     2.1000000       0.20384154       0.00369762
     2.2000000       0.22093799       0.00413287
     2.3000000       0.24340157       0.00512429
     2.4000000       0.27205249       0.00646229
     2.5000000       0.30766291       0.00804069
     2.6000000       0.35051340       0.00891856
     2.7000000       0.40330538       0.00872830
     2.8000000       0.47207920       0.00833941
     2.9000000       0.56460014       0.00781358
     3.0000000       0.69245300       0.00722870
