     0.0000000       0.32899073       0.01290895
     0.1000000       0.19174264       0.00901968
     0.2000000       0.12475181       0.00520003
     0.3000000       0.08104588       0.00553917
     0.4000000       0.05476260       0.00542859
     0.5000000       0.03954767       0.00524873
     0.6000000       0.02885158       0.00469860
     0.7000000       0.02276755       0.00560742
     0.8000000       0.01777757       0.00391944
     0.9000000       0.01429214       0.00391106
     1.0000000       0.01370120       0.00400022
     1.1000000       0.00800281       0.00460264
     1.2000000       0.00721881       0.00475931
     1.3000000       0.01139979       0.00357193
     1.4000000       0.01203805       0.00380979
     1.5000000       0.01294503       0.00422873
     1.6000000       0.01624934       0.00356334
     1.7000000       0.01438023       0.00477470
     1.8000000       0.01028627       0.00537958
     1.9000000       0.01191854       0.00480667
     2.0000000       0.01369462       0.00386016
     2.1000000       0.01277086       0.00396264
     2.2000000       0.01732106       0.00558375
     2.3000000       0.01859876       0.00618436
     2.4000000       0.01846101       0.00839030
     2.5000000       0.03395626       0.00446023
     2.6000000       0.05418820       0.00425430
     2.7000000       0.07375523       0.00870024
     2.8000000       0.11670586       0.00837413
     2.9000000       0.19779612       0.01048354
     3.0000000       0.32899073       0.01290895
