     0.0000000       0.77240641       0.01251491
     0.1000000       0.62138536       0.01342934
     0.2000000       0.51232268       0.01163781
     0.3000000       0.43128568       0.00919013
     0.4000000       0.36894980       0.00683672
     0.5000000       0.32009947       0.00564474
     0.6000000       0.28264193       0.00541463
     0.7000000       0.25474293       0.00709654
     0.8000000       0.23210640       0.00972445
     0.9000000       0.20969100       0.00949817
     1.0000000       0.18828200       0.00747255
     1.1000000       0.17120094       0.00672328
     1.2000000       0.16086354       0.01013620
     1.3000000       0.15380803       0.01538401
     1.4000000       0.14254719       0.01483432
     1.5000000       0.12932291       0.01058189
     1.6000000       0.11890246       0.00822307
     1.7000000       0.11022932       0.00713669
     1.8000000       0.10331632       0.00626842
     1.9000000       0.09754193       0.00524397
     2.0000000       0.09220556       0.00435980
     2.1000000       0.08785288       0.00402295
     2.2000000       0.08439060       0.00399912
     2.3000000       0.08078282       0.00391870
     2.4000000       0.07712710       0.00379205
     2.5000000       0.07411714       0.00376347
     2.6000000       0.07281864       0.00360726
     2.7000000       0.07289910       0.00400422
     2.8000000       0.07292968       0.00448105
     2.9000000       0.07165520       0.00411987
     3.0000000       0.07021279       0.00353311
     3.1000000       0.07016445       0.00342979
     3.2000000       0.07105053       0.00345506
     3.3000000       0.07215948       0.00336265
     3.4000000       0.07390949       0.00355348
     3.5000000       0.07637190       0.00395088
     3.6000000       0.07860747       0.00442632
     3.7000000       0.07996986       0.00449741
     3.8000000       0.08155543       0.00425811
     3.9000000       0.08418558       0.00404451
     4.0000000       0.08784281       0.00401391
     4.1000000       0.09269602       0.00415168
     4.2000000       0.09813804       0.00423449
     4.3000000       0.10457499       0.00458903
     4.4000000       0.11257938       0.00524494
     4.5000000       0.12211075       0.00641883
     4.6000000       0.13365801       0.00826373
     4.7000000       0.14719354       0.01036341
     4.8000000       0.16148204       0.01213171
     4.9000000       0.17633023       0.01307208
     5.0000000       0.19291884       0.01331196
     5.1000000       0.21111028       0.01306186
     5.2000000       0.23218991       0.01309926
     5.3000000       0.25822453       0.01385280
     5.4000000       0.28812668       0.01313355
     5.5000000       0.32315756       0.01090251
     5.6000000       0.36779992       0.00938222
     5.7000000       0.42661905       0.00861399
     5.8000000       0.50665440       0.00937930
     5.9000000       0.61664861       0.01067180
     6.0000000       0.77240641       0.01251491
