     0.0000000       0.15988079       0.00514821
     0.1000000       0.14889065       0.00448825
     0.2000000       0.14671073       0.00419535
     0.3000000       0.14068188       0.00397420
     0.4000000       0.13693965       0.00375810
     0.5000000       0.13409751       0.00392358
     0.6000000       0.14105701       0.00323470
     0.7000000       0.14178519       0.00360504
     0.8000000       0.14818329       0.00393975
     0.9000000       0.15016463       0.00426400
     1.0000000       0.15988079       0.00514821
