     0.0000000       0.22148607       0.04579302
     0.1000000       0.13846426       0.01500011
     0.2000000       0.06181482       0.02279243
     0.3000000       0.01376371       0.03733007
     0.4000000       0.02685234       0.00960201
     0.5000000      -0.00821898       0.02615121
     0.6000000       0.01321429       0.00531140
     0.7000000      -0.02737010       0.03549042
     0.8000000      -0.02755901       0.03652786
     0.9000000      -0.02383683       0.02675211
     1.0000000      -0.01928548       0.02159987
     1.1000000      -0.00305184       0.00513760
     1.2000000       0.00117360       0.00376991
     1.3000000       0.01172398       0.00800551
     1.4000000       0.01820064       0.01902098
     1.5000000       0.01050969       0.01365957
     1.6000000       0.03677640       0.03639339
     1.7000000      -0.02173126       0.02231859
     1.8000000      -0.01648099       0.01288838
     1.9000000      -0.02970222       0.02841903
     2.0000000      -0.01959213       0.01771077
     2.1000000      -0.03190118       0.02835179
     2.2000000       0.00005950       0.00643557
     2.3000000       0.00866624       0.00939024
     2.4000000       0.02812572       0.02411570
     2.5000000       0.00211440       0.00716513
     2.6000000      -0.01854245       0.02510786
     2.7000000      -0.03268447       0.03620567
     2.8000000      -0.00098538       0.00997012
     2.9000000       0.00696177       0.00555289
     3.0000000       0.00851400       0.01117441
     3.1000000      -0.00383648       0.00533951
     3.2000000       0.00090021       0.00484500
     3.3000000      -0.02501432       0.02416472
     3.4000000      -0.01233133       0.01626769
     3.5000000      -0.03408639       0.03110857
     3.6000000      -0.05119983       0.05379988
     3.7000000      -0.04982732       0.04803309
     3.8000000      -0.05641313       0.05345059
     3.9000000      -0.03393473       0.03599966
     4.0000000      -0.01085378       0.01714995
     4.1000000      -0.00897967       0.01355170
     4.2000000      -0.00071344       0.00905728
     4.3000000      -0.01772146       0.02173064
     4.4000000      -0.01325338       0.01760749
     4.5000000       0.04111297       0.03777167
     4.6000000       0.01202067       0.00558611
     4.7000000       0.00628796       0.00466501
     4.8000000      -0.00694293       0.01113914
     4.9000000       0.02335845       0.02141263
     5.0000000       0.01949525       0.01464317
     5.1000000      -0.00475543       0.00808347
     5.2000000      -0.02668208       0.03480196
     5.3000000      -0.00995270       0.02051548
     5.4000000      -0.01381985       0.02946128
     5.5000000       0.02051253       0.00430500
     5.6000000       0.01779559       0.02086212
     5.7000000       0.04009701       0.01274324
     5.8000000       0.11557664       0.01885837
     5.9000000       0.16025153       0.01330265
     6.0000000       0.22148607       0.04579302
