     0.0000000       0.12847829       0.00137335
     0.1000000       0.10702274       0.00128831
     0.2000000       0.09238426       0.00129237
     0.3000000       0.08430143       0.00137839
     0.4000000       0.07893223       0.00123935
     0.5000000       0.07662341       0.00119245
     0.6000000       0.07521898       0.00120434
     0.7000000       0.07613362       0.00121489
     0.8000000       0.07847095       0.00129037
     0.9000000       0.08070190       0.00118816
     1.0000000       0.08456734       0.00115518
     1.1000000       0.08865141       0.00130405
     1.2000000       0.09471710       0.00129447
     1.3000000       0.10263303       0.00124494
     1.4000000       0.11076894       0.00135290
     1.5000000       0.12008881       0.00126499
     1.6000000       0.13192630       0.00138030
     1.7000000       0.14555941       0.00151766
     1.8000000       0.16152019       0.00143422
     1.9000000       0.18060710       0.00143875
     2.0000000       0.20048660       0.00146407
     2.1000000       0.22518994       0.00140562
     2.2000000       0.25392623       0.00137541
     2.3000000       0.28858712       0.00139329
     2.4000000       0.33055288       0.00137838
     2.5000000       0.38013394       0.00150069
     2.6000000       0.44119751       0.00147701
     2.7000000       0.51697391       0.00138772
     2.8000000       0.60649655       0.00144690
     2.9000000       0.72338351       0.00148661
     3.0000000       0.87152171       0.00137335
