     0.0000000       0.26084385       0.00893182
     0.1000000       0.16551182       0.00681897
     0.2000000       0.11083203       0.00622206
     0.3000000       0.07456729       0.00555306
     0.4000000       0.05887614       0.00412467
     0.5000000       0.04176083       0.00462927
     0.6000000       0.03421434       0.00557586
     0.7000000       0.02427915       0.00394442
     0.8000000       0.01866891       0.00300576
     0.9000000       0.01212806       0.00311345
     1.0000000       0.00368257       0.00684099
     1.1000000       0.00544872       0.00390085
     1.2000000      -0.00021085       0.00724922
     1.3000000       0.00622468       0.00310577
     1.4000000       0.01193728       0.00316760
     1.5000000       0.00881551       0.00285961
     1.6000000       0.01377035       0.00424276
     1.7000000       0.01419118       0.00459256
     1.8000000       0.01092541       0.00275052
     1.9000000       0.00815454       0.00510812
     2.0000000       0.00987230       0.00659128
     2.1000000       0.01326870       0.00452930
     2.2000000       0.02043646       0.00259252
     2.3000000       0.02328301       0.00371735
     2.4000000       0.02689752       0.00454250
     2.5000000       0.03842355       0.00514555
     2.6000000       0.05751120       0.00559067
     2.7000000       0.07428019       0.00540228
     2.8000000       0.10838824       0.00750348
     2.9000000       0.17682750       0.00597948
     3.0000000       0.26084385       0.00893182
