     0.0000000       0.69818032       0.00424795
     0.1000000       0.61163035       0.00428596
     0.2000000       0.55506116       0.00430670
     0.3000000       0.51942275       0.00422445
     0.4000000       0.50014471       0.00420167
     0.5000000       0.49436715       0.00423229
     0.6000000       0.50090711       0.00426562
     0.7000000       0.52069493       0.00434497
     0.8000000       0.55637413       0.00436108
     0.9000000       0.61259299       0.00427925
     1.0000000       0.69818032       0.00424795
