     0.0000000       0.29961733       0.01044215
     0.1000000       0.21298166       0.01037343
     0.2000000       0.16069736       0.01023262
     0.3000000       0.13121282       0.00992542
     0.4000000       0.11616290       0.00972825
     0.5000000       0.11107384       0.00980277
     0.6000000       0.11535468       0.01005142
     0.7000000       0.13179557       0.01029296
     0.8000000       0.16384624       0.01035666
     0.9000000       0.21563235       0.01042181
     1.0000000       0.29961733       0.01044215
