     0.0000000       0.27958746       0.00770333
     0.1000000       0.17051633       0.00605222
     0.2000000       0.11208525       0.00413522
     0.3000000       0.07274382       0.00404282
     0.4000000       0.05508596       0.00378418
     0.5000000       0.03937841       0.00427497
     0.6000000       0.02908631       0.00433270
     0.7000000       0.02041731       0.00360058
     0.8000000       0.01577685       0.00301326
     0.9000000       0.01109179       0.00310781
     1.0000000       0.00859487       0.00348109
     1.1000000       0.00778894       0.00318323
     1.2000000       0.00373824       0.00389644
     1.3000000       0.00823916       0.00263489
     1.4000000       0.01032819       0.00276715
     1.5000000       0.00888720       0.00298752
     1.6000000       0.01050562       0.00315444
     1.7000000       0.01109236       0.00354658
     1.8000000       0.00535570       0.00298924
     1.9000000       0.00454209       0.00368642
     2.0000000       0.00848708       0.00408543
     2.1000000       0.00878166       0.00450820
     2.2000000       0.01444794       0.00324347
     2.3000000       0.01741173       0.00358677
     2.4000000       0.02244759       0.00439188
     2.5000000       0.03344730       0.00359329
     2.6000000       0.05367370       0.00373810
     2.7000000       0.07125356       0.00577335
     2.8000000       0.10796193       0.00764148
     2.9000000       0.17925855       0.00706710
     3.0000000       0.27958746       0.00770333
