     0.0000000       0.28377467       0.00813581
     0.1000000       0.17849284       0.00491980
     0.2000000       0.12441490       0.00373191
     0.3000000       0.08690904       0.00353557
     0.4000000       0.06205370       0.00392154
     0.5000000       0.04472985       0.00435248
     0.6000000       0.03331448       0.00430101
     0.7000000       0.02743075       0.00520785
     0.8000000       0.01809609       0.00370071
     0.9000000       0.01737873       0.00318107
     1.0000000       0.01310882       0.00279725
     1.1000000       0.00789245       0.00362720
     1.2000000       0.00753296       0.00387224
     1.3000000       0.01140040       0.00296487
     1.4000000       0.01329582       0.00262637
     1.5000000       0.01089698       0.00296001
     1.6000000       0.01383354       0.00264480
     1.7000000       0.01472354       0.00489522
     1.8000000       0.00842823       0.00376062
     1.9000000       0.01284325       0.00280289
     2.0000000       0.01354456       0.00289050
     2.1000000       0.01411025       0.00338262
     2.2000000       0.01956231       0.00424760
     2.3000000       0.02300476       0.00415818
     2.4000000       0.02166828       0.00546504
     2.5000000       0.03445661       0.00442084
     2.6000000       0.05624197       0.00301361
     2.7000000       0.07643707       0.00599452
     2.8000000       0.11659120       0.00524033
     2.9000000       0.18438726       0.00669713
     3.0000000       0.28377467       0.00813581
