     0.0000000       0.29310917       0.00464024
     0.1000000       0.19805262       0.00407636
     0.2000000       0.14875292       0.00389433
     0.3000000       0.11489429       0.00314422
     0.4000000       0.09651094       0.00308118
     0.5000000       0.08963307       0.00395458
     0.6000000       0.10193385       0.00374318
     0.7000000       0.11625225       0.00334587
     0.8000000       0.15228141       0.00355490
     0.9000000       0.19891220       0.00349919
     1.0000000       0.29310917       0.00464024
