     0.0000000       0.32702377       0.01079018
     0.1000000       0.18819904       0.00591713
     0.2000000       0.12527661       0.00386734
     0.3000000       0.08182215       0.00363426
     0.4000000       0.05534372       0.00365182
     0.5000000       0.04092589       0.00556894
     0.6000000       0.03119895       0.00547097
     0.7000000       0.02586881       0.00651681
     0.8000000       0.01990389       0.00354741
     0.9000000       0.01490957       0.00373949
     1.0000000       0.01410697       0.00314987
     1.1000000       0.00626012       0.00490077
     1.2000000       0.00574766       0.00481658
     1.3000000       0.01199413       0.00347744
     1.4000000       0.01282716       0.00327924
     1.5000000       0.01401627       0.00390112
     1.6000000       0.01856330       0.00312575
     1.7000000       0.01513836       0.00506867
     1.8000000       0.00850885       0.00509282
     1.9000000       0.01054582       0.00397613
     2.0000000       0.01347231       0.00207006
     2.1000000       0.01312521       0.00452318
     2.2000000       0.02014677       0.00462607
     2.3000000       0.02070784       0.00510742
     2.4000000       0.01793337       0.00625639
     2.5000000       0.03635677       0.00598016
     2.6000000       0.05842783       0.00661304
     2.7000000       0.07507945       0.00524860
     2.8000000       0.11774801       0.00418725
     2.9000000       0.19996621       0.00696380
     3.0000000       0.32702377       0.01079018
