     0.0000000       0.22990416       0.00711713
     0.1000000       0.17349758       0.00643476
     0.2000000       0.14672305       0.00438227
     0.3000000       0.12262412       0.00300850
     0.4000000       0.10750254       0.00325623
     0.5000000       0.10194576       0.00437846
     0.6000000       0.10674839       0.00328014
     0.7000000       0.11852802       0.00468184
     0.8000000       0.13858721       0.00392411
     0.9000000       0.17102093       0.00553630
     1.0000000       0.22990416       0.00711713
