     0.0000000       0.18923740       0.00056984
     0.1000000       0.18937912       0.00053323
     0.2000000       0.19897638       0.00053401
     0.3000000       0.21786805       0.00056420
     0.4000000       0.24600367       0.00061439
     0.5000000       0.28542504       0.00062683
     0.6000000       0.33837120       0.00068675
     0.7000000       0.40977182       0.00070541
     0.8000000       0.50410954       0.00072041
     0.9000000       0.63368240       0.00067949
     1.0000000       0.81076260       0.00056984
