     0.0000000       0.34467029       0.01266942
     0.1000000       0.19786007       0.00595277
     0.2000000       0.13194353       0.00517873
     0.3000000       0.08458645       0.00438372
     0.4000000       0.05717947       0.00346920
     0.5000000       0.03859806       0.00484493
     0.6000000       0.02843797       0.00569376
     0.7000000       0.01865275       0.00394802
     0.8000000       0.01748544       0.00294905
     0.9000000       0.01870720       0.00521342
     1.0000000       0.01654770       0.00457518
     1.1000000       0.01034290       0.00283821
     1.2000000       0.00769867       0.00342685
     1.3000000       0.00675455       0.00525982
     1.4000000       0.00999195       0.00260745
     1.5000000       0.01151885       0.00292233
     1.6000000       0.01575518       0.00307213
     1.7000000       0.01031857       0.00346239
     1.8000000       0.01029551       0.00485297
     1.9000000       0.01065710       0.00353644
     2.0000000       0.01485008       0.00235025
     2.1000000       0.01407860       0.00478648
     2.2000000       0.01749273       0.00454832
     2.3000000       0.02082842       0.00511741
     2.4000000       0.01481268       0.00746462
     2.5000000       0.03559083       0.00605908
     2.6000000       0.05914078       0.00716194
     2.7000000       0.07812134       0.00527009
     2.8000000       0.12175576       0.00444347
     2.9000000       0.20887424       0.00782132
     3.0000000       0.34467029       0.01266942
