     0.0000000       0.17304244       0.01824143
     0.1000000       0.17304244       0.01824143
     0.2000000       0.17304244       0.01824143
     0.3000000       0.17304244       0.01824143
     0.4000000       0.17304244       0.01824143
     0.5000000       0.17304244       0.01824143
     0.6000000       0.17304244       0.01824143
     0.7000000       0.17304244       0.01824143
     0.8000000       0.17304244       0.01824143
     0.9000000       0.17304244       0.01824143
     1.0000000       0.17304244       0.01824143
     1.1000000       0.17304244       0.01824143
     1.2000000       0.17304244       0.01824143
     1.3000000       0.17304244       0.01824143
     1.4000000       0.17304244       0.01824143
     1.5000000       0.17304244       0.01824143
     1.6000000       0.17304244       0.01824143
     1.7000000       0.17304244       0.01824143
     1.8000000       0.17304244       0.01824143
     1.9000000       0.17304244       0.01824143
     2.0000000       0.17304244       0.01824143
     2.1000000       0.17304244       0.01824143
     2.2000000       0.17304244       0.01824143
     2.3000000       0.17304244       0.01824143
     2.4000000       0.17304244       0.01824143
     2.5000000       0.17304244       0.01824143
     2.6000000       0.17304244       0.01824143
     2.7000000       0.17304244       0.01824143
     2.8000000       0.17304244       0.01824143
     2.9000000       0.17304244       0.01824143
     3.0000000       0.17304244       0.01824143
     3.1000000       0.17304244       0.01824143
     3.2000000       0.17304244       0.01824143
     3.3000000       0.17304244       0.01824143
     3.4000000       0.17304244       0.01824143
     3.5000000       0.17304244       0.01824143
     3.6000000       0.17304244       0.01824143
     3.7000000       0.17304244       0.01824143
     3.8000000       0.17304244       0.01824143
     3.9000000       0.17304244       0.01824143
     4.0000000       0.17304244       0.01824143
     4.1000000       0.17304244       0.01824143
     4.2000000       0.17304244       0.01824143
     4.3000000       0.17304244       0.01824143
     4.4000000       0.17304244       0.01824143
     4.5000000       0.17304244       0.01824143
     4.6000000       0.17304244       0.01824143
     4.7000000       0.17304244       0.01824143
     4.8000000       0.17304244       0.01824143
     4.9000000       0.17304244       0.01824143
     5.0000000       0.17304244       0.01824143
     5.1000000       0.17304244       0.01824143
     5.2000000       0.17304244       0.01824143
     5.3000000       0.17304244       0.01824143
     5.4000000       0.17304244       0.01824143
     5.5000000       0.17304244       0.01824143
     5.6000000       0.17304244       0.01824143
     5.7000000       0.17304244       0.01824143
     5.8000000       0.17304244       0.01824143
     5.9000000       0.17304244       0.01824143
     6.0000000       0.17304244       0.01824143
