     0.0000000       0.19023866       0.00099831
     0.1000000       0.18993908       0.00098708
     0.2000000       0.19971222       0.00105338
     0.3000000       0.21834687       0.00098016
     0.4000000       0.24454280       0.00114707
     0.5000000       0.28308967       0.00131139
     0.6000000       0.33636677       0.00132005
     0.7000000       0.40678075       0.00137325
     0.8000000       0.50476577       0.00135589
     0.9000000       0.63365406       0.00130011
     1.0000000       0.80976134       0.00099831
