     0.0000000       0.50000000       0.00000000
     0.1000000       0.44675988       0.00156146
     0.2000000       0.40983468       0.00212505
     0.3000000       0.37879303       0.00253027
     0.4000000       0.35323085       0.00265662
     0.5000000       0.33382333       0.00294002
     0.6000000       0.31541142       0.00304028
     0.7000000       0.30039024       0.00313246
     0.8000000       0.28768069       0.00344193
     0.9000000       0.27784437       0.00347464
     1.0000000       0.26964245       0.00362121
     1.1000000       0.26411503       0.00364657
     1.2000000       0.25784255       0.00356046
     1.3000000       0.25466213       0.00370361
     1.4000000       0.24987948       0.00363024
     1.5000000       0.25071345       0.00359802
     1.6000000       0.25028679       0.00355238
     1.7000000       0.25295036       0.00361378
     1.8000000       0.25649962       0.00359051
     1.9000000       0.26072661       0.00353117
     2.0000000       0.26546631       0.00351706
     2.1000000       0.27122833       0.00339151
     2.2000000       0.28307596       0.00333009
     2.3000000       0.29508399       0.00318296
     2.4000000       0.31216623       0.00298262
     2.5000000       0.32941581       0.00278087
     2.6000000       0.35265020       0.00268578
     2.7000000       0.37500217       0.00244434
     2.8000000       0.40576256       0.00208207
     2.9000000       0.44584875       0.00156161
     3.0000000       0.50000000       0.00000000
