     0.0000000       0.91136583       0.00055015
     0.1000000       0.62636585       0.00059686
     0.2000000       0.43915283       0.00053999
     0.3000000       0.31391346       0.00051063
     0.4000000       0.23052857       0.00049827
     0.5000000       0.17473727       0.00051333
     0.6000000       0.13638550       0.00048763
     0.7000000       0.11157956       0.00042003
     0.8000000       0.09557219       0.00046589
     0.9000000       0.08848555       0.00048134
     1.0000000       0.08863417       0.00055015
