#    rx       ry   	              (0, 0)              	         trace over n_orb         
 -3.00000  -3.00000	 1.4168204802e-05  4.3407609531e-07	 1.4168204802e-05  4.3407609531e-07
 -3.00000  -2.00000	-6.6440779789e-05  1.8259252436e-06	-6.6440779789e-05  1.8259252436e-06
 -3.00000  -1.00000	 1.5635877726e-04  5.9623470201e-06	 1.5635877726e-04  5.9623470201e-06
 -3.00000   0.00000	-2.0786818366e-04  3.5891672506e-06	-2.0786818366e-04  3.5891672506e-06
 -3.00000   1.00000	 1.4796656885e-04  2.2691377646e-06	 1.4796656885e-04  2.2691377646e-06
 -3.00000   2.00000	-6.3622225493e-05  8.7781223149e-07	-6.3622225493e-05  8.7781223149e-07
 -3.00000   3.00000	 1.3592273156e-05  2.6686882722e-07	 1.3592273156e-05  2.6686882722e-07
 -3.00000   4.00000	-6.6864163285e-06  2.7746969304e-07	-6.6864163285e-06  2.7746969304e-07
 -2.00000  -3.00000	-6.7496209139e-05  2.8839458478e-06	-6.7496209139e-05  2.8839458478e-06
 -2.00000  -2.00000	 3.2452583613e-04  6.7195693472e-06	 3.2452583613e-04  6.7195693472e-06
 -2.00000  -1.00000	-1.7415929314e-03  3.1155774038e-05	-1.7415929314e-03  3.1155774038e-05
 -2.00000   0.00000	 2.4537160167e-03  3.0782762533e-05	 2.4537160167e-03  3.0782762533e-05
 -2.00000   1.00000	-1.6921880007e-03  1.3311682846e-05	-1.6921880007e-03  1.3311682846e-05
 -2.00000   2.00000	 3.2012978419e-04  4.8540386802e-06	 3.2012978419e-04  4.8540386802e-06
 -2.00000   3.00000	-6.4387761918e-05  9.9506966190e-07	-6.4387761918e-05  9.9506966190e-07
 -2.00000   4.00000	 1.9472992477e-05  1.4973712715e-06	 1.9472992477e-05  1.4973712715e-06
 -1.00000  -3.00000	 1.4716716046e-04  2.5925075909e-06	 1.4716716046e-04  2.5925075909e-06
 -1.00000  -2.00000	-1.7046105150e-03  1.7318566809e-05	-1.7046105150e-03  1.7318566809e-05
 -1.00000  -1.00000	 7.6019231358e-03  9.5461267126e-05	 7.6019231358e-03  9.5461267126e-05
 -1.00000   0.00000	-7.0203119978e-02  2.3300749070e-04	-7.0203119978e-02  2.3300749070e-04
 -1.00000   1.00000	 7.5038359840e-03  8.7734945358e-05	 7.5038359840e-03  8.7734945358e-05
 -1.00000   2.00000	-1.6994881468e-03  1.7592188737e-05	-1.6994881468e-03  1.7592188737e-05
 -1.00000   3.00000	 1.4864559524e-04  2.7948745988e-06	 1.4864559524e-04  2.7948745988e-06
 -1.00000   4.00000	-4.0780412103e-05  1.0633825416e-06	-4.0780412103e-05  1.0633825416e-06
  0.00000  -3.00000	-2.1118486298e-04  5.1350096641e-06	-2.1118486298e-04  5.1350096641e-06
  0.00000  -2.00000	 2.4556995128e-03  3.5422933130e-05	 2.4556995128e-03  3.5422933130e-05
  0.00000  -1.00000	-7.0126593856e-02  2.5657409083e-04	-7.0126593856e-02  2.5657409083e-04
  0.00000   0.00000	 7.2104950014e-01  1.5001129074e-03	 7.2104950014e-01  1.5001129074e-03
  0.00000   1.00000	-7.0126593856e-02  2.5657409083e-04	-7.0126593856e-02  2.5657409083e-04
  0.00000   2.00000	 2.4556995128e-03  3.5422933130e-05	 2.4556995128e-03  3.5422933130e-05
  0.00000   3.00000	-2.1118486298e-04  5.1350096642e-06	-2.1118486298e-04  5.1350096642e-06
  0.00000   4.00000	 3.5405355829e-05  1.5170793950e-06	 3.5405355829e-05  1.5170793950e-06
  1.00000  -3.00000	 1.4864559524e-04  2.7948745988e-06	 1.4864559524e-04  2.7948745988e-06
  1.00000  -2.00000	-1.6994881468e-03  1.7592188737e-05	-1.6994881468e-03  1.7592188737e-05
  1.00000  -1.00000	 7.5038359840e-03  8.7734945358e-05	 7.5038359840e-03  8.7734945358e-05
  1.00000   0.00000	-7.0203119978e-02  2.3300749070e-04	-7.0203119978e-02  2.3300749070e-04
  1.00000   1.00000	 7.6019231358e-03  9.5461267126e-05	 7.6019231358e-03  9.5461267126e-05
  1.00000   2.00000	-1.7046105150e-03  1.7318566809e-05	-1.7046105150e-03  1.7318566809e-05
  1.00000   3.00000	 1.4716716046e-04  2.5925075909e-06	 1.4716716046e-04  2.5925075909e-06
  1.00000   4.00000	-4.0780412103e-05  1.0633825416e-06	-4.0780412103e-05  1.0633825416e-06
  2.00000  -3.00000	-6.4387761919e-05  9.9506966189e-07	-6.4387761919e-05  9.9506966189e-07
  2.00000  -2.00000	 3.2012978419e-04  4.8540386802e-06	 3.2012978419e-04  4.8540386802e-06
  2.00000  -1.00000	-1.6921880007e-03  1.3311682846e-05	-1.6921880007e-03  1.3311682846e-05
  2.00000   0.00000	 2.4537160167e-03  3.0782762533e-05	 2.4537160167e-03  3.0782762533e-05
  2.00000   1.00000	-1.7415929314e-03  3.1155774038e-05	-1.7415929314e-03  3.1155774038e-05
  2.00000   2.00000	 3.2452583613e-04  6.7195693472e-06	 3.2452583613e-04  6.7195693472e-06
  2.00000   3.00000	-6.7496209139e-05  2.8839458478e-06	-6.7496209139e-05  2.8839458478e-06
  2.00000   4.00000	 1.9472992476e-05  1.4973712715e-06	 1.9472992476e-05  1.4973712715e-06
  3.00000  -3.00000	 1.3592273156e-05  2.6686882722e-07	 1.3592273156e-05  2.6686882722e-07
  3.00000  -2.00000	-6.3622225493e-05  8.7781223149e-07	-6.3622225493e-05  8.7781223149e-07
  3.00000  -1.00000	 1.4796656885e-04  2.2691377646e-06	 1.4796656885e-04  2.2691377646e-06
  3.00000   0.00000	-2.0786818366e-04  3.5891672507e-06	-2.0786818366e-04  3.5891672507e-06
  3.00000   1.00000	 1.5635877726e-04  5.9623470201e-06	 1.5635877726e-04  5.9623470201e-06
  3.00000   2.00000	-6.6440779789e-05  1.8259252436e-06	-6.6440779789e-05  1.8259252436e-06
  3.00000   3.00000	 1.4168204803e-05  4.3407609532e-07	 1.4168204803e-05  4.3407609532e-07
  3.00000   4.00000	-6.6864163277e-06  2.7746969304e-07	-6.6864163277e-06  2.7746969304e-07
  4.00000  -3.00000	-6.5030238102e-06  1.1661815416e-07	-6.5030238102e-06  1.1661815416e-07
  4.00000  -2.00000	 1.8537458796e-05  4.1876019326e-07	 1.8537458796e-05  4.1876019326e-07
  4.00000  -1.00000	-4.1527576820e-05  1.1513699553e-06	-4.1527576820e-05  1.1513699553e-06
  4.00000   0.00000	 3.5907845176e-05  1.4616952353e-06	 3.5907845176e-05  1.4616952353e-06
  4.00000   1.00000	-4.1527576820e-05  1.1513699553e-06	-4.1527576820e-05  1.1513699553e-06
  4.00000   2.00000	 1.8537458796e-05  4.1876019326e-07	 1.8537458796e-05  4.1876019326e-07
  4.00000   3.00000	-6.5030238094e-06  1.1661815416e-07	-6.5030238094e-06  1.1661815416e-07
  4.00000   4.00000	 3.2560754826e-06  7.1846620272e-08	 3.2560754826e-06  7.1846620272e-08
