#    kx       ky   	         trace over n_orb         
-2.35619 -2.35619	 9.3308076587e-01  2.2193069004e-03
-2.35619 -1.57080	 8.1033322856e-01  1.6870152563e-03
-2.35619 -0.78540	 7.0640247257e-01  1.3533891034e-03
-2.35619  0.00000	 6.6769573410e-01  1.2600456315e-03
-2.35619  0.78540	 7.0672211202e-01  1.3673304144e-03
-2.35619  1.57080	 8.1082213627e-01  1.7091878572e-03
-2.35619  2.35619	 9.3348049438e-01  2.2439082510e-03
-2.35619  3.14159	 9.9147766968e-01  2.5414175809e-03
-1.57080 -2.35619	 8.1030497473e-01  1.7502617922e-03
-1.57080 -1.57080	 7.1233503007e-01  1.4239801607e-03
-1.57080 -0.78540	 6.2180366129e-01  1.1979157865e-03
-1.57080  0.00000	 5.8619656527e-01  1.1307619217e-03
-1.57080  0.78540	 6.2204233102e-01  1.2057719811e-03
-1.57080  1.57080	 7.1270202731e-01  1.4304382291e-03
-1.57080  2.35619	 8.1056207497e-01  1.7460898656e-03
-1.57080  3.14159	 8.5347714293e-01  1.9105200647e-03
-0.78540 -2.35619	 7.0630008095e-01  1.4345446082e-03
-0.78540 -1.57080	 6.2170588459e-01  1.2366976483e-03
-0.78540 -0.78540	 5.3772014522e-01  1.0940299082e-03
-0.78540  0.00000	 5.0298540479e-01  1.0468924392e-03
-0.78540  0.78540	 5.3777789256e-01  1.0904031581e-03
-0.78540  1.57080	 6.2182442043e-01  1.2298408747e-03
-0.78540  2.35619	 7.0636758052e-01  1.4168535318e-03
-0.78540  3.14159	 7.4152145415e-01  1.5227211429e-03
 0.00000 -2.35619	 6.6744708042e-01  1.3237830478e-03
 0.00000 -1.57080	 5.8598407560e-01  1.1711287966e-03
 0.00000 -0.78540	 5.0292929945e-01  1.0626158777e-03
 0.00000  0.00000	 4.6788736626e-01  1.0292147259e-03
 0.00000  0.78540	 5.0292929945e-01  1.0626158777e-03
 0.00000  1.57080	 5.8598407560e-01  1.1711287966e-03
 0.00000  2.35619	 6.6744708042e-01  1.3237830478e-03
 0.00000  3.14159	 7.0075863235e-01  1.4080203270e-03
 0.78540 -2.35619	 7.0636758052e-01  1.4168535318e-03
 0.78540 -1.57080	 6.2182442043e-01  1.2298408747e-03
 0.78540 -0.78540	 5.3777789256e-01  1.0904031581e-03
 0.78540  0.00000	 5.0298540479e-01  1.0468924392e-03
 0.78540  0.78540	 5.3772014522e-01  1.0940299082e-03
 0.78540  1.57080	 6.2170588459e-01  1.2366976483e-03
 0.78540  2.35619	 7.0630008095e-01  1.4345446082e-03
 0.78540  3.14159	 7.4152145415e-01  1.5227211429e-03
 1.57080 -2.35619	 8.1056207497e-01  1.7460898656e-03
 1.57080 -1.57080	 7.1270202731e-01  1.4304382291e-03
 1.57080 -0.78540	 6.2204233102e-01  1.2057719811e-03
 1.57080  0.00000	 5.8619656527e-01  1.1307619217e-03
 1.57080  0.78540	 6.2180366129e-01  1.1979157865e-03
 1.57080  1.57080	 7.1233503007e-01  1.4239801607e-03
 1.57080  2.35619	 8.1030497473e-01  1.7502617922e-03
 1.57080  3.14159	 8.5347714293e-01  1.9105200647e-03
 2.35619 -2.35619	 9.3348049438e-01  2.2439082510e-03
 2.35619 -1.57080	 8.1082213627e-01  1.7091878572e-03
 2.35619 -0.78540	 7.0672211202e-01  1.3673304144e-03
 2.35619  0.00000	 6.6769573410e-01  1.2600456315e-03
 2.35619  0.78540	 7.0640247257e-01  1.3533891034e-03
 2.35619  1.57080	 8.1033322856e-01  1.6870152563e-03
 2.35619  2.35619	 9.3308076587e-01  2.2193069004e-03
 2.35619  3.14159	 9.9147766968e-01  2.5414175809e-03
 3.14159 -2.35619	 9.9157226334e-01  2.5060711557e-03
 3.14159 -1.57080	 8.5368124889e-01  1.8350183079e-03
 3.14159 -0.78540	 7.4171228719e-01  1.4387066328e-03
 3.14159  0.00000	 7.0092320209e-01  1.3265311641e-03
 3.14159  0.78540	 7.4171228719e-01  1.4387066328e-03
 3.14159  1.57080	 8.5368124889e-01  1.8350183079e-03
 3.14159  2.35619	 9.9157226334e-01  2.5060711557e-03
 3.14159  3.14159	 1.0596637298e+00  2.9261585364e-03
