#    kx       ky   	         trace over n_orb         
-2.35619 -2.35619	 2.4016276288e-01  6.0387590069e-04
-2.35619 -1.57080	 5.1898009930e-01  5.7626503871e-04
-2.35619 -0.78540	 9.9990189088e-01  4.5905037921e-04
-2.35619  0.00000	 1.2164561427e+00  5.9565297573e-04
-2.35619  0.78540	 9.9998291742e-01  4.5552037401e-04
-2.35619  1.57080	 5.1922997716e-01  5.7687731586e-04
-2.35619  2.35619	 2.4028907591e-01  6.0506640427e-04
-2.35619  3.14159	 1.7715622851e-01  5.5022793861e-04
-1.57080 -2.35619	 5.1896491960e-01  5.9276214286e-04
-1.57080 -1.57080	 1.0000000000e+00  7.4442916783e-15
-1.57080 -0.78540	 1.4810350804e+00  5.9276214286e-04
-1.57080  0.00000	 1.6220272854e+00  6.5743384257e-04
-1.57080  0.78540	 1.4808610220e+00  5.9427704194e-04
-1.57080  1.57080	 1.0000000000e+00  0.0000000000e+00
-1.57080  2.35619	 5.1913897805e-01  5.9427704194e-04
-1.57080  3.14159	 3.7797271464e-01  6.5743384257e-04
-0.78540 -2.35619	 1.0000981091e+00  4.5905037921e-04
-0.78540 -1.57080	 1.4810199007e+00  5.7626503871e-04
-0.78540 -0.78540	 1.7598372371e+00  6.0387590069e-04
-0.78540  0.00000	 1.8228437715e+00  5.5022793861e-04
-0.78540  0.78540	 1.7597109241e+00  6.0506640427e-04
-0.78540  1.57080	 1.4807700228e+00  5.7687731586e-04
-0.78540  2.35619	 1.0000170826e+00  4.5552037401e-04
-0.78540  3.14159	 7.8354385728e-01  5.9565297573e-04
 0.00000 -2.35619	 1.2167307509e+00  5.7704332027e-04
 0.00000 -1.57080	 1.6220033819e+00  6.4461733700e-04
 0.00000 -0.78540	 1.8228337732e+00  5.5143699249e-04
 0.00000  0.00000	 1.8664533958e+00  4.9153464116e-04
 0.00000  0.78540	 1.8228337732e+00  5.5143699249e-04
 0.00000  1.57080	 1.6220033819e+00  6.4461733700e-04
 0.00000  2.35619	 1.2167307509e+00  5.7704332027e-04
 0.00000  3.14159	 1.0002619517e+00  6.4140034404e-04
 0.78540 -2.35619	 1.0000170826e+00  4.5552037401e-04
 0.78540 -1.57080	 1.4807700228e+00  5.7687731586e-04
 0.78540 -0.78540	 1.7597109241e+00  6.0506640427e-04
 0.78540  0.00000	 1.8228437715e+00  5.5022793861e-04
 0.78540  0.78540	 1.7598372371e+00  6.0387590069e-04
 0.78540  1.57080	 1.4810199007e+00  5.7626503871e-04
 0.78540  2.35619	 1.0000981091e+00  4.5905037921e-04
 0.78540  3.14159	 7.8354385728e-01  5.9565297573e-04
 1.57080 -2.35619	 5.1913897805e-01  5.9427704194e-04
 1.57080 -1.57080	 1.0000000000e+00  0.0000000000e+00
 1.57080 -0.78540	 1.4808610220e+00  5.9427704194e-04
 1.57080  0.00000	 1.6220272854e+00  6.5743384257e-04
 1.57080  0.78540	 1.4810350804e+00  5.9276214286e-04
 1.57080  1.57080	 1.0000000000e+00  7.4442916783e-15
 1.57080  2.35619	 5.1896491960e-01  5.9276214286e-04
 1.57080  3.14159	 3.7797271464e-01  6.5743384257e-04
 2.35619 -2.35619	 2.4028907591e-01  6.0506640427e-04
 2.35619 -1.57080	 5.1922997716e-01  5.7687731586e-04
 2.35619 -0.78540	 9.9998291742e-01  4.5552037401e-04
 2.35619  0.00000	 1.2164561427e+00  5.9565297573e-04
 2.35619  0.78540	 9.9990189088e-01  4.5905037921e-04
 2.35619  1.57080	 5.1898009930e-01  5.7626503871e-04
 2.35619  2.35619	 2.4016276288e-01  6.0387590069e-04
 2.35619  3.14159	 1.7715622851e-01  5.5022793861e-04
 3.14159 -2.35619	 1.7716622680e-01  5.5143699249e-04
 3.14159 -1.57080	 3.7799661814e-01  6.4461733700e-04
 3.14159 -0.78540	 7.8326924909e-01  5.7704332027e-04
 3.14159  0.00000	 9.9973804833e-01  6.4140034404e-04
 3.14159  0.78540	 7.8326924909e-01  5.7704332027e-04
 3.14159  1.57080	 3.7799661814e-01  6.4461733700e-04
 3.14159  2.35619	 1.7716622680e-01  5.5143699249e-04
 3.14159  3.14159	 1.3354660423e-01  4.9153464116e-04
