#    rx       ry   	              (0, 0)              	         trace over n_orb         
 -3.00000  -3.00000	-1.8571797275e-06  4.0618580797e-06	-1.8571797275e-06  4.0618580797e-06
 -3.00000  -2.00000	 3.9252312870e-03  1.5794337621e-05	 3.9252312870e-03  1.5794337621e-05
 -3.00000  -1.00000	 7.6358827313e-06  1.1278723881e-05	 7.6358827313e-06  1.1278723881e-05
 -3.00000   0.00000	-5.5317289757e-03  1.7420370001e-05	-5.5317289757e-03  1.7420370001e-05
 -3.00000   1.00000	-7.4803536931e-06  1.1379737776e-05	-7.4803536931e-06  1.1379737776e-05
 -3.00000   2.00000	 3.9074767804e-03  1.5218136470e-05	 3.9074767804e-03  1.5218136470e-05
 -3.00000   3.00000	 6.7818171889e-06  3.9896034392e-06	 6.7818171889e-06  3.9896034392e-06
 -3.00000   4.00000	-1.1567617450e-03  5.8961494988e-06	-1.1567617450e-03  5.8961494988e-06
 -2.00000  -3.00000	 3.9222126844e-03  1.5643670532e-05	 3.9222126844e-03  1.5643670532e-05
 -2.00000  -2.00000	 8.9487252494e-06  1.7214956402e-05	 8.9487252494e-06  1.7214956402e-05
 -2.00000  -1.00000	-2.7556984499e-02  6.8370465668e-05	-2.7556984499e-02  6.8370465668e-05
 -2.00000   0.00000	 3.2267946462e-06  3.7318310744e-05	 3.2267946462e-06  3.7318310744e-05
 -2.00000   1.00000	-2.7507423365e-02  6.8021354032e-05	-2.7507423365e-02  6.8021354032e-05
 -2.00000   2.00000	-1.2148810524e-05  1.7233697166e-05	-1.2148810524e-05  1.7233697166e-05
 -2.00000   3.00000	 3.9093043535e-03  1.5716736215e-05	 3.9093043535e-03  1.5716736215e-05
 -2.00000   4.00000	 1.6085236095e-06  4.0589277194e-06	 1.6085236095e-06  4.0589277194e-06
 -1.00000  -3.00000	-1.1187930926e-05  1.1083188106e-05	-1.1187930926e-05  1.1083188106e-05
 -1.00000  -2.00000	-2.7509947603e-02  7.0101764442e-05	-2.7509947603e-02  7.0101764442e-05
 -1.00000  -1.00000	-4.3902889066e-05  6.6228578077e-05	-4.3902889066e-05  6.6228578077e-05
 -1.00000   0.00000	 2.6739742644e-01  2.5339487650e-04	 2.6739742644e-01  2.5339487650e-04
 -1.00000   1.00000	 1.1374595688e-04  6.5417915339e-05	 1.1374595688e-04  6.5417915339e-05
 -1.00000   2.00000	-2.7484187499e-02  7.0153447470e-05	-2.7484187499e-02  7.0153447470e-05
 -1.00000   3.00000	-2.4009386897e-06  1.1231345480e-05	-2.4009386897e-06  1.1231345480e-05
 -1.00000   4.00000	 3.1313281779e-03  1.2717582099e-05	 3.1313281779e-03  1.2717582099e-05
  0.00000  -3.00000	-5.5450780378e-03  1.8318053411e-05	-5.5450780378e-03  1.8318053411e-05
  0.00000  -2.00000	 4.2511726761e-05  3.8439564468e-05	 4.2511726761e-05  3.8439564468e-05
  0.00000  -1.00000	 2.6734794324e-01  2.6556124666e-04	 2.6734794324e-01  2.6556124666e-04
  0.00000   0.00000	 1.0000000000e+00  3.6468756250e-15	 1.0000000000e+00  3.6468756250e-15
  0.00000   1.00000	 2.6734794324e-01  2.6556124666e-04	 2.6734794324e-01  2.6556124666e-04
  0.00000   2.00000	-4.2511726762e-05  3.8439564468e-05	-4.2511726762e-05  3.8439564468e-05
  0.00000   3.00000	-5.5450780378e-03  1.8318053411e-05	-5.5450780378e-03  1.8318053411e-05
  0.00000   4.00000	-1.8287488837e-15  2.0288739781e-16	-1.8287488837e-15  2.0288739781e-16
  1.00000  -3.00000	 2.4009386881e-06  1.1231345479e-05	 2.4009386881e-06  1.1231345479e-05
  1.00000  -2.00000	-2.7484187499e-02  7.0153447470e-05	-2.7484187499e-02  7.0153447470e-05
  1.00000  -1.00000	-1.1374595688e-04  6.5417915339e-05	-1.1374595688e-04  6.5417915339e-05
  1.00000   0.00000	 2.6739742644e-01  2.5339487650e-04	 2.6739742644e-01  2.5339487650e-04
  1.00000   1.00000	 4.3902889062e-05  6.6228578077e-05	 4.3902889062e-05  6.6228578077e-05
  1.00000   2.00000	-2.7509947603e-02  7.0101764442e-05	-2.7509947603e-02  7.0101764442e-05
  1.00000   3.00000	 1.1187930926e-05  1.1083188106e-05	 1.1187930926e-05  1.1083188106e-05
  1.00000   4.00000	 3.1313281779e-03  1.2717582099e-05	 3.1313281779e-03  1.2717582099e-05
  2.00000  -3.00000	 3.9093043535e-03  1.5716736215e-05	 3.9093043535e-03  1.5716736215e-05
  2.00000  -2.00000	 1.2148810524e-05  1.7233697166e-05	 1.2148810524e-05  1.7233697166e-05
  2.00000  -1.00000	-2.7507423365e-02  6.8021354032e-05	-2.7507423365e-02  6.8021354032e-05
  2.00000   0.00000	-3.2267946488e-06  3.7318310744e-05	-3.2267946488e-06  3.7318310744e-05
  2.00000   1.00000	-2.7556984499e-02  6.8370465668e-05	-2.7556984499e-02  6.8370465668e-05
  2.00000   2.00000	-8.9487252505e-06  1.7214956402e-05	-8.9487252505e-06  1.7214956402e-05
  2.00000   3.00000	 3.9222126844e-03  1.5643670532e-05	 3.9222126844e-03  1.5643670532e-05
  2.00000   4.00000	-1.6085236097e-06  4.0589277194e-06	-1.6085236097e-06  4.0589277194e-06
  3.00000  -3.00000	-6.7818171911e-06  3.9896034392e-06	-6.7818171911e-06  3.9896034392e-06
  3.00000  -2.00000	 3.9074767804e-03  1.5218136470e-05	 3.9074767804e-03  1.5218136470e-05
  3.00000  -1.00000	 7.4803536925e-06  1.1379737776e-05	 7.4803536925e-06  1.1379737776e-05
  3.00000   0.00000	-5.5317289757e-03  1.7420370001e-05	-5.5317289757e-03  1.7420370001e-05
  3.00000   1.00000	-7.6358827321e-06  1.1278723881e-05	-7.6358827321e-06  1.1278723881e-05
  3.00000   2.00000	 3.9252312870e-03  1.5794337621e-05	 3.9252312870e-03  1.5794337621e-05
  3.00000   3.00000	 1.8571797257e-06  4.0618580798e-06	 1.8571797257e-06  4.0618580798e-06
  3.00000   4.00000	-1.1567617450e-03  5.8961494988e-06	-1.1567617450e-03  5.8961494988e-06
  4.00000  -3.00000	-1.1573977777e-03  5.6615750993e-06	-1.1573977777e-03  5.6615750993e-06
  4.00000  -2.00000	-2.9807055861e-06  3.9755748829e-06	-2.9807055861e-06  3.9755748829e-06
  4.00000  -1.00000	 3.1352844265e-03  1.1946700127e-05	 3.1352844265e-03  1.1946700127e-05
  4.00000   0.00000	-1.0970690672e-15  3.7795237240e-16	-1.0970690672e-15  3.7795237240e-16
  4.00000   1.00000	 3.1352844265e-03  1.1946700127e-05	 3.1352844265e-03  1.1946700127e-05
  4.00000   2.00000	 2.9807055844e-06  3.9755748829e-06	 2.9807055844e-06  3.9755748829e-06
  4.00000   3.00000	-1.1573977777e-03  5.6615750993e-06	-1.1573977777e-03  5.6615750993e-06
  4.00000   4.00000	-1.0331281476e-15  2.0306546436e-16	-1.0331281476e-15  2.0306546436e-16
