#    kx       ky   	         trace over n_orb         
-2.35619 -2.35619	 2.6953636828e-01  9.8315214363e-04
-2.35619 -1.57080	 3.1148796905e-01  1.0871743132e-03
-2.35619 -0.78540	 3.5381108560e-01  1.2383173286e-03
-2.35619  0.00000	 3.7150197172e-01  1.3266882030e-03
-2.35619  0.78540	 3.5397234639e-01  1.2556793943e-03
-2.35619  1.57080	 3.1170158451e-01  1.1044448323e-03
-2.35619  2.35619	 2.6967049556e-01  9.9007656598e-04
-2.35619  3.14159	 2.5223732985e-01  9.5100069322e-04
-1.57080 -2.35619	 3.1164648083e-01  1.1030057098e-03
-1.57080 -1.57080	 3.5690533981e-01  1.2691513189e-03
-1.57080 -0.78540	 4.0595148205e-01  1.5234769697e-03
-1.57080  0.00000	 4.2764215299e-01  1.6792399168e-03
-1.57080  0.78540	 4.0623915189e-01  1.5622311677e-03
-1.57080  1.57080	 3.5728359111e-01  1.3095789033e-03
-1.57080  2.35619	 3.1188297421e-01  1.1220742023e-03
-1.57080  3.14159	 2.9389559488e-01  1.0555561845e-03
-0.78540 -2.35619	 3.5411354496e-01  1.2677512693e-03
-0.78540 -1.57080	 4.0613498064e-01  1.5318354144e-03
-0.78540 -0.78540	 4.6761338080e-01  1.9719948883e-03
-0.78540  0.00000	 4.9687999232e-01  2.2571574960e-03
-0.78540  0.78540	 4.6788171858e-01  2.0232977190e-03
-0.78540  1.57080	 4.0645771299e-01  1.5780867445e-03
-0.78540  2.35619	 3.5430633234e-01  1.2890586472e-03
-0.78540  3.14159	 3.3475278955e-01  1.1950459238e-03
 0.00000 -2.35619	 3.7185058985e-01  1.3561245372e-03
 0.00000 -1.57080	 4.2793207857e-01  1.6887358676e-03
 0.00000 -0.78540	 4.9700986231e-01  2.2567172879e-03
 0.00000  0.00000	 5.3109328183e-01  2.6085913536e-03
 0.00000  0.78540	 4.9700986231e-01  2.2567172879e-03
 0.00000  1.57080	 4.2793207857e-01  1.6887358676e-03
 0.00000  2.35619	 3.7185058985e-01  1.3561245372e-03
 0.00000  3.14159	 3.5142586199e-01  1.2595578624e-03
 0.78540 -2.35619	 3.5430633234e-01  1.2890586472e-03
 0.78540 -1.57080	 4.0645771299e-01  1.5780867445e-03
 0.78540 -0.78540	 4.6788171858e-01  2.0232977190e-03
 0.78540  0.00000	 4.9687999232e-01  2.2571574960e-03
 0.78540  0.78540	 4.6761338080e-01  1.9719948883e-03
 0.78540  1.57080	 4.0613498064e-01  1.5318354144e-03
 0.78540  2.35619	 3.5411354496e-01  1.2677512693e-03
 0.78540  3.14159	 3.3475278955e-01  1.1950459238e-03
 1.57080 -2.35619	 3.1188297421e-01  1.1220742023e-03
 1.57080 -1.57080	 3.5728359111e-01  1.3095789033e-03
 1.57080 -0.78540	 4.0623915189e-01  1.5622311677e-03
 1.57080  0.00000	 4.2764215299e-01  1.6792399168e-03
 1.57080  0.78540	 4.0595148205e-01  1.5234769697e-03
 1.57080  1.57080	 3.5690533981e-01  1.2691513189e-03
 1.57080  2.35619	 3.1164648083e-01  1.1030057098e-03
 1.57080  3.14159	 2.9389559488e-01  1.0555561845e-03
 2.35619 -2.35619	 2.6967049556e-01  9.9007656598e-04
 2.35619 -1.57080	 3.1170158451e-01  1.1044448323e-03
 2.35619 -0.78540	 3.5397234639e-01  1.2556793943e-03
 2.35619  0.00000	 3.7150197172e-01  1.3266882030e-03
 2.35619  0.78540	 3.5381108560e-01  1.2383173286e-03
 2.35619  1.57080	 3.1148796905e-01  1.0871743132e-03
 2.35619  2.35619	 2.6953636828e-01  9.8315214363e-04
 2.35619  3.14159	 2.5223732985e-01  9.5100069322e-04
 3.14159 -2.35619	 2.5217546995e-01  9.4709825242e-04
 3.14159 -1.57080	 2.9366353220e-01  1.0332039060e-03
 3.14159 -0.78540	 3.3440146579e-01  1.1564599136e-03
 3.14159  0.00000	 3.5107193789e-01  1.2226728049e-03
 3.14159  0.78540	 3.3440146579e-01  1.1564599136e-03
 3.14159  1.57080	 2.9366353220e-01  1.0332039060e-03
 3.14159  2.35619	 2.5217546995e-01  9.4709825242e-04
 3.14159  3.14159	 2.3468298283e-01  9.2081988968e-04
