#    rx       ry   	              (0, 0)              	         trace over n_orb         
 -3.00000  -3.00000	 7.1360691419e-06  3.3708803232e-07	 7.1360691419e-06  3.3708803232e-07
 -3.00000  -2.00000	 3.3136008180e-05  1.3762844288e-06	 3.3136008180e-05  1.3762844288e-06
 -3.00000  -1.00000	 7.6516565736e-05  2.8412485193e-06	 7.6516565736e-05  2.8412485193e-06
 -3.00000   0.00000	 1.0421582718e-04  2.7654162991e-06	 1.0421582718e-04  2.7654162991e-06
 -3.00000   1.00000	 7.5977745970e-05  2.1336505474e-06	 7.5977745970e-05  2.1336505474e-06
 -3.00000   2.00000	 3.1796505645e-05  6.0436597549e-07	 3.1796505645e-05  6.0436597549e-07
 -3.00000   3.00000	 6.7227340574e-06  1.7712575963e-07	 6.7227340574e-06  1.7712575963e-07
 -3.00000   4.00000	 3.2543910364e-06  9.0931234608e-08	 3.2543910364e-06  9.0931234608e-08
 -2.00000  -3.00000	 3.2805489839e-05  1.0563131912e-06	 3.2805489839e-05  1.0563131912e-06
 -2.00000  -2.00000	 1.6378191950e-04  6.1084325036e-06	 1.6378191950e-04  6.1084325036e-06
 -2.00000  -1.00000	 8.6712095725e-04  1.8818638557e-05	 8.6712095725e-04  1.8818638557e-05
 -2.00000   0.00000	 1.2413519746e-03  2.6224335512e-05	 1.2413519746e-03  2.6224335512e-05
 -2.00000   1.00000	 8.5297653819e-04  1.0926205299e-05	 8.5297653819e-04  1.0926205299e-05
 -2.00000   2.00000	 1.6075586454e-04  4.5259177884e-06	 1.6075586454e-04  4.5259177884e-06
 -2.00000   3.00000	 3.2300682178e-05  8.5569366638e-07	 3.2300682178e-05  8.5569366638e-07
 -2.00000   4.00000	 9.0207919874e-06  2.8087104842e-07	 9.0207919874e-06  2.8087104842e-07
 -1.00000  -3.00000	 7.2852855374e-05  1.9977883723e-06	 7.2852855374e-05  1.9977883723e-06
 -1.00000  -2.00000	 8.5349984681e-04  1.4551549871e-05	 8.5349984681e-04  1.4551549871e-05
 -1.00000  -1.00000	 3.8456806347e-03  8.3543830233e-05	 3.8456806347e-03  8.3543830233e-05
 -1.00000   0.00000	 3.5204170069e-02  2.1544095388e-04	 3.5204170069e-02  2.1544095388e-04
 -1.00000   1.00000	 3.7515304817e-03  6.7327394960e-05	 3.7515304817e-03  6.7327394960e-05
 -1.00000   2.00000	 8.4576328645e-04  1.1829722905e-05	 8.4576328645e-04  1.1829722905e-05
 -1.00000   3.00000	 7.3391010961e-05  1.8466147771e-06	 7.3391010961e-05  1.8466147771e-06
 -1.00000   4.00000	 1.9691951801e-05  5.2532794245e-07	 1.9691951801e-05  5.2532794245e-07
  0.00000  -3.00000	 1.0473118311e-04  4.1044598898e-06	 1.0473118311e-04  4.1044598898e-06
  0.00000  -2.00000	 1.2337523342e-03  3.1373862515e-05	 1.2337523342e-03  3.1373862515e-05
  0.00000  -1.00000	 3.5093180705e-02  2.0919847438e-04	 3.5093180705e-02  2.0919847438e-04
  0.00000   0.00000	 3.6139613756e-01  1.3579513281e-03	 3.6139613756e-01  1.3579513281e-03
  0.00000   1.00000	 3.5093180705e-02  2.0919847438e-04	 3.5093180705e-02  2.0919847438e-04
  0.00000   2.00000	 1.2337523342e-03  3.1373862515e-05	 1.2337523342e-03  3.1373862515e-05
  0.00000   3.00000	 1.0473118311e-04  4.1044598899e-06	 1.0473118311e-04  4.1044598899e-06
  0.00000   4.00000	 1.7215720840e-05  8.7931516028e-07	 1.7215720840e-05  8.7931516028e-07
  1.00000  -3.00000	 7.3391010961e-05  1.8466147771e-06	 7.3391010961e-05  1.8466147771e-06
  1.00000  -2.00000	 8.4576328645e-04  1.1829722905e-05	 8.4576328645e-04  1.1829722905e-05
  1.00000  -1.00000	 3.7515304817e-03  6.7327394960e-05	 3.7515304817e-03  6.7327394960e-05
  1.00000   0.00000	 3.5204170069e-02  2.1544095388e-04	 3.5204170069e-02  2.1544095388e-04
  1.00000   1.00000	 3.8456806347e-03  8.3543830233e-05	 3.8456806347e-03  8.3543830233e-05
  1.00000   2.00000	 8.5349984681e-04  1.4551549871e-05	 8.5349984681e-04  1.4551549871e-05
  1.00000   3.00000	 7.2852855374e-05  1.9977883723e-06	 7.2852855374e-05  1.9977883723e-06
  1.00000   4.00000	 1.9691951801e-05  5.2532794246e-07	 1.9691951801e-05  5.2532794246e-07
  2.00000  -3.00000	 3.2300682178e-05  8.5569366638e-07	 3.2300682178e-05  8.5569366638e-07
  2.00000  -2.00000	 1.6075586454e-04  4.5259177884e-06	 1.6075586454e-04  4.5259177884e-06
  2.00000  -1.00000	 8.5297653819e-04  1.0926205299e-05	 8.5297653819e-04  1.0926205299e-05
  2.00000   0.00000	 1.2413519746e-03  2.6224335512e-05	 1.2413519746e-03  2.6224335512e-05
  2.00000   1.00000	 8.6712095725e-04  1.8818638557e-05	 8.6712095725e-04  1.8818638557e-05
  2.00000   2.00000	 1.6378191950e-04  6.1084325036e-06	 1.6378191950e-04  6.1084325036e-06
  2.00000   3.00000	 3.2805489839e-05  1.0563131912e-06	 3.2805489839e-05  1.0563131912e-06
  2.00000   4.00000	 9.0207919874e-06  2.8087104842e-07	 9.0207919874e-06  2.8087104842e-07
  3.00000  -3.00000	 6.7227340574e-06  1.7712575963e-07	 6.7227340574e-06  1.7712575963e-07
  3.00000  -2.00000	 3.1796505645e-05  6.0436597549e-07	 3.1796505645e-05  6.0436597549e-07
  3.00000  -1.00000	 7.5977745970e-05  2.1336505474e-06	 7.5977745970e-05  2.1336505474e-06
  3.00000   0.00000	 1.0421582718e-04  2.7654162991e-06	 1.0421582718e-04  2.7654162991e-06
  3.00000   1.00000	 7.6516565736e-05  2.8412485193e-06	 7.6516565736e-05  2.8412485193e-06
  3.00000   2.00000	 3.3136008180e-05  1.3762844288e-06	 3.3136008180e-05  1.3762844288e-06
  3.00000   3.00000	 7.1360691419e-06  3.3708803232e-07	 7.1360691419e-06  3.3708803232e-07
  3.00000   4.00000	 3.2543910364e-06  9.0931234607e-08	 3.2543910364e-06  9.0931234607e-08
  4.00000  -3.00000	 3.2448841663e-06  9.8457615451e-08	 3.2448841663e-06  9.8457615451e-08
  4.00000  -2.00000	 9.3875687702e-06  3.6096357032e-07	 9.3875687702e-06  3.6096357032e-07
  4.00000  -1.00000	 2.0686423496e-05  7.3222504679e-07	 2.0686423496e-05  7.3222504679e-07
  4.00000   0.00000	 1.7412361954e-05  5.6489041578e-07	 1.7412361954e-05  5.6489041578e-07
  4.00000   1.00000	 2.0686423496e-05  7.3222504679e-07	 2.0686423496e-05  7.3222504679e-07
  4.00000   2.00000	 9.3875687702e-06  3.6096357032e-07	 9.3875687702e-06  3.6096357032e-07
  4.00000   3.00000	 3.2448841663e-06  9.8457615452e-08	 3.2448841663e-06  9.8457615452e-08
  4.00000   4.00000	 1.6495883737e-06  6.5279816549e-08	 1.6495883737e-06  6.5279816549e-08
