#    rx       ry   	         trace over n_orb         
 -3.00000  -3.00000	 6.6485566461e-05  1.3848703336e-04
 -3.00000  -2.00000	 2.0222713256e-04  1.4227126872e-04
 -3.00000  -1.00000	 4.8515335458e-05  1.3076201360e-04
 -3.00000   0.00000	-9.6429541006e-05  1.3386187499e-04
 -3.00000   1.00000	 2.0408020193e-05  1.3242279275e-04
 -3.00000   2.00000	 1.4814702583e-04  1.4304697428e-04
 -3.00000   3.00000	-3.1161842554e-05  1.3028608832e-04
 -3.00000   4.00000	-1.2798453986e-04  1.2643164058e-04
 -2.00000  -3.00000	 7.8709998494e-05  1.3444329233e-04
 -2.00000  -2.00000	-4.5884060216e-04  1.2920026883e-04
 -2.00000  -1.00000	-3.0865962325e-04  1.2056155514e-04
 -2.00000   0.00000	-6.0267836651e-04  1.2948412538e-04
 -2.00000   1.00000	-6.3601655141e-04  1.3252106241e-04
 -2.00000   2.00000	-4.0734663091e-05  1.1706667530e-04
 -2.00000   3.00000	-3.1412935413e-05  1.3458581662e-04
 -2.00000   4.00000	 3.3803592568e-05  1.3384627327e-04
 -1.00000  -3.00000	-9.9642268194e-05  1.3130087057e-04
 -1.00000  -2.00000	-1.8742572304e-04  1.2312394211e-04
 -1.00000  -1.00000	-2.3769583398e-03  1.3917100074e-04
 -1.00000   0.00000	-3.0603120533e-02  1.7127636536e-04
 -1.00000   1.00000	-2.0867919770e-03  1.4688937146e-04
 -1.00000   2.00000	-2.7080529610e-04  1.2141162916e-04
 -1.00000   3.00000	-8.8793001433e-05  1.2235061068e-04
 -1.00000   4.00000	 4.0916175748e-05  1.2458760250e-04
  0.00000  -3.00000	 9.6727060511e-05  1.2370038611e-04
  0.00000  -2.00000	-4.9075603544e-04  1.3124673392e-04
  0.00000  -1.00000	-3.0685413776e-02  1.7036416524e-04
  0.00000   0.00000	 2.7895066707e-01  1.5001138631e-03
  0.00000   1.00000	-3.0685413776e-02  1.7036416524e-04
  0.00000   2.00000	-4.9075603544e-04  1.3124673392e-04
  0.00000   3.00000	 9.6727060511e-05  1.2370038611e-04
  0.00000   4.00000	 1.0058933581e-04  1.8063591680e-04
  1.00000  -3.00000	-8.8793001433e-05  1.2235061068e-04
  1.00000  -2.00000	-2.7080529610e-04  1.2141162916e-04
  1.00000  -1.00000	-2.0867919770e-03  1.4688937146e-04
  1.00000   0.00000	-3.0603120533e-02  1.7127636536e-04
  1.00000   1.00000	-2.3769583398e-03  1.3917100074e-04
  1.00000   2.00000	-1.8742572304e-04  1.2312394211e-04
  1.00000   3.00000	-9.9642268194e-05  1.3130087057e-04
  1.00000   4.00000	 4.0916175748e-05  1.2458760250e-04
  2.00000  -3.00000	-3.1412935413e-05  1.3458581662e-04
  2.00000  -2.00000	-4.0734663091e-05  1.1706667530e-04
  2.00000  -1.00000	-6.3601655141e-04  1.3252106241e-04
  2.00000   0.00000	-6.0267836651e-04  1.2948412538e-04
  2.00000   1.00000	-3.0865962325e-04  1.2056155514e-04
  2.00000   2.00000	-4.5884060216e-04  1.2920026883e-04
  2.00000   3.00000	 7.8709998494e-05  1.3444329233e-04
  2.00000   4.00000	 3.3803592568e-05  1.3384627327e-04
  3.00000  -3.00000	-3.1161842554e-05  1.3028608832e-04
  3.00000  -2.00000	 1.4814702583e-04  1.4304697428e-04
  3.00000  -1.00000	 2.0408020193e-05  1.3242279275e-04
  3.00000   0.00000	-9.6429541006e-05  1.3386187499e-04
  3.00000   1.00000	 4.8515335458e-05  1.3076201360e-04
  3.00000   2.00000	 2.0222713256e-04  1.4227126872e-04
  3.00000   3.00000	 6.6485566461e-05  1.3848703336e-04
  3.00000   4.00000	-1.2798453986e-04  1.2643164058e-04
  4.00000  -3.00000	-1.4380375828e-04  1.2756066976e-04
  4.00000  -2.00000	 2.1078703348e-04  1.2648753173e-04
  4.00000  -1.00000	-1.7533085835e-04  1.3523426208e-04
  4.00000   0.00000	 2.6281328838e-05  1.9839873782e-04
  4.00000   1.00000	-1.7533085835e-04  1.3523426208e-04
  4.00000   2.00000	 2.1078703348e-04  1.2648753173e-04
  4.00000   3.00000	-1.4380375828e-04  1.2756066976e-04
  4.00000   4.00000	 7.7653378664e-05  1.6431357223e-04
