#    rx       ry   	              (0, 0)              	         trace over n_orb         
 -3.00000  -3.00000	 2.0392373537e-04  4.1544589845e-04	 2.0392373537e-04  4.1544589845e-04
 -3.00000  -2.00000	 6.2969711768e-04  4.2685399531e-04	 6.2969711768e-04  4.2685399531e-04
 -3.00000  -1.00000	 2.0693938728e-04  3.9150105953e-04	 2.0693938728e-04  3.9150105953e-04
 -3.00000   0.00000	-2.2705198588e-04  4.0178253858e-04	-2.2705198588e-04  4.0178253858e-04
 -3.00000   1.00000	 1.1320764860e-04  3.9729229240e-04	 1.1320764860e-04  3.9729229240e-04
 -3.00000   2.00000	 4.6474684827e-04  4.2914608458e-04	 4.6474684827e-04  4.2914608458e-04
 -3.00000   3.00000	-8.9583933293e-05  3.9086119308e-04	-8.9583933293e-05  3.9086119308e-04
 -3.00000   4.00000	-3.8181235010e-04  3.7929658755e-04	-3.8181235010e-04  3.7929658755e-04
 -2.00000  -3.00000	 2.6144582281e-04  4.0330453241e-04	 2.6144582281e-04  4.0330453241e-04
 -2.00000  -2.00000	-1.2353168105e-03  3.8611408636e-04	-1.2353168105e-03  3.8611408636e-04
 -2.00000  -1.00000	-1.6448810040e-04  3.6381362336e-04	-1.6448810040e-04  3.6381362336e-04
 -2.00000   0.00000	-5.6876475544e-04  3.8246065988e-04	-5.6876475544e-04  3.8246065988e-04
 -2.00000   1.00000	-1.1927522791e-03  3.9683432670e-04	-1.1927522791e-03  3.9683432670e-04
 -2.00000   2.00000	 5.3875722892e-06  3.5113922947e-04	 5.3875722892e-06  3.5113922947e-04
 -2.00000   3.00000	-7.3682422816e-05  4.0369623297e-04	-7.3682422816e-05  4.0369623297e-04
 -2.00000   4.00000	 1.0915101670e-04  4.0160745163e-04	 1.0915101670e-04  4.0160745163e-04
 -1.00000  -3.00000	-2.4732441465e-04  3.9368507396e-04	-2.4732441465e-04  3.9368507396e-04
 -1.00000  -2.00000	 1.8586042641e-04  3.6893942746e-04	 1.8586042641e-04  3.6893942746e-04
 -1.00000  -1.00000	-2.5004293777e-03  3.9419127727e-04	-2.5004293777e-03  3.9419127727e-04
 -1.00000   0.00000	-3.0874611247e-02  4.4383077039e-04	-3.0874611247e-02  4.4383077039e-04
 -1.00000   1.00000	-1.7511654240e-03  3.9576707117e-04	-1.7511654240e-03  3.9576707117e-04
 -1.00000   2.00000	-8.9417925924e-05  3.6560685796e-04	-8.9417925924e-05  3.6560685796e-04
 -1.00000   3.00000	-2.1228139336e-04  3.6671303543e-04	-2.1228139336e-04  3.6671303543e-04
 -1.00000   4.00000	 1.3696668082e-04  3.7381395321e-04	 1.3696668082e-04  3.7381395321e-04
  0.00000  -3.00000	 3.6448424658e-04  3.7112395077e-04	 3.6448424658e-04  3.7112395077e-04
  0.00000  -2.00000	-2.0598822381e-04  3.8869975145e-04	-2.0598822381e-04  3.8869975145e-04
  0.00000  -1.00000	-3.1031472048e-02  4.2927603721e-04	-3.1031472048e-02  4.2927603721e-04
  0.00000   0.00000	 2.7895100149e-01  1.5001160500e-03	 2.7895100149e-01  1.5001160500e-03
  0.00000   1.00000	-3.1031472048e-02  4.2927603721e-04	-3.1031472048e-02  4.2927603721e-04
  0.00000   2.00000	-2.0598822381e-04  3.8869975145e-04	-2.0598822381e-04  3.8869975145e-04
  0.00000   3.00000	 3.6448424658e-04  3.7112395077e-04	 3.6448424658e-04  3.7112395077e-04
  0.00000   4.00000	 3.0944570493e-04  5.4183957075e-04	 3.0944570493e-04  5.4183957075e-04
  1.00000  -3.00000	-2.1228139336e-04  3.6671303543e-04	-2.1228139336e-04  3.6671303543e-04
  1.00000  -2.00000	-8.9417925924e-05  3.6560685796e-04	-8.9417925924e-05  3.6560685796e-04
  1.00000  -1.00000	-1.7511654240e-03  3.9576707117e-04	-1.7511654240e-03  3.9576707117e-04
  1.00000   0.00000	-3.0874611247e-02  4.4383077039e-04	-3.0874611247e-02  4.4383077039e-04
  1.00000   1.00000	-2.5004293777e-03  3.9419127727e-04	-2.5004293777e-03  3.9419127727e-04
  1.00000   2.00000	 1.8586042641e-04  3.6893942746e-04	 1.8586042641e-04  3.6893942746e-04
  1.00000   3.00000	-2.4732441465e-04  3.9368507396e-04	-2.4732441465e-04  3.9368507396e-04
  1.00000   4.00000	 1.3696668082e-04  3.7381395321e-04	 1.3696668082e-04  3.7381395321e-04
  2.00000  -3.00000	-7.3682422816e-05  4.0369623297e-04	-7.3682422816e-05  4.0369623297e-04
  2.00000  -2.00000	 5.3875722892e-06  3.5113922947e-04	 5.3875722892e-06  3.5113922947e-04
  2.00000  -1.00000	-1.1927522791e-03  3.9683432670e-04	-1.1927522791e-03  3.9683432670e-04
  2.00000   0.00000	-5.6876475544e-04  3.8246065988e-04	-5.6876475544e-04  3.8246065988e-04
  2.00000   1.00000	-1.6448810040e-04  3.6381362336e-04	-1.6448810040e-04  3.6381362336e-04
  2.00000   2.00000	-1.2353168105e-03  3.8611408636e-04	-1.2353168105e-03  3.8611408636e-04
  2.00000   3.00000	 2.6144582281e-04  4.0330453241e-04	 2.6144582281e-04  4.0330453241e-04
  2.00000   4.00000	 1.0915101670e-04  4.0160745163e-04	 1.0915101670e-04  4.0160745163e-04
  3.00000  -3.00000	-8.9583933293e-05  3.9086119308e-04	-8.9583933293e-05  3.9086119308e-04
  3.00000  -2.00000	 4.6474684827e-04  4.2914608458e-04	 4.6474684827e-04  4.2914608458e-04
  3.00000  -1.00000	 1.1320764860e-04  3.9729229240e-04	 1.1320764860e-04  3.9729229240e-04
  3.00000   0.00000	-2.2705198588e-04  4.0178253858e-04	-2.2705198588e-04  4.0178253858e-04
  3.00000   1.00000	 2.0693938728e-04  3.9150105953e-04	 2.0693938728e-04  3.9150105953e-04
  3.00000   2.00000	 6.2969711768e-04  4.2685399531e-04	 6.2969711768e-04  4.2685399531e-04
  3.00000   3.00000	 2.0392373537e-04  4.1544589845e-04	 2.0392373537e-04  4.1544589845e-04
  3.00000   4.00000	-3.8181235010e-04  3.7929658755e-04	-3.8181235010e-04  3.7929658755e-04
  4.00000  -3.00000	-4.2959188231e-04  3.8267521909e-04	-4.2959188231e-04  3.8267521909e-04
  4.00000  -2.00000	 6.3842484633e-04  3.7945385157e-04	 6.3842484633e-04  3.7945385157e-04
  4.00000  -1.00000	-5.1347268139e-04  4.0565525525e-04	-5.1347268139e-04  4.0565525525e-04
  4.00000   0.00000	 8.8274429519e-05  5.9498504203e-04	 8.8274429519e-05  5.9498504203e-04
  4.00000   1.00000	-5.1347268139e-04  4.0565525525e-04	-5.1347268139e-04  4.0565525525e-04
  4.00000   2.00000	 6.3842484633e-04  3.7945385157e-04	 6.3842484633e-04  3.7945385157e-04
  4.00000   3.00000	-4.2959188231e-04  3.8267521909e-04	-4.2959188231e-04  3.8267521909e-04
  4.00000   4.00000	 2.3398132222e-04  4.9293445023e-04	 2.3398132222e-04  4.9293445023e-04
