#    kx       ky   	              (0, 0)              	         trace over n_orb         
-2.35619 -2.35619	 3.6328686801e-01  2.0078034740e-03	 3.6328686801e-01  2.0078034740e-03
-2.35619 -1.57080	 3.2303880845e-01  1.8535029616e-03	 3.2303880845e-01  1.8535029616e-03
-2.35619 -0.78540	 2.8286760893e-01  1.8240243432e-03	 2.8286760893e-01  1.8240243432e-03
-2.35619  0.00000	 2.6777939782e-01  1.6529490911e-03	 2.6777939782e-01  1.6529490911e-03
-2.35619  0.78540	 2.8334092566e-01  1.8262114455e-03	 2.8334092566e-01  1.8262114455e-03
-2.35619  1.57080	 3.2118315533e-01  1.8533263803e-03	 3.2118315533e-01  1.8533263803e-03
-2.35619  2.35619	 3.5963774785e-01  1.9736302061e-03	 3.5963774785e-01  1.9736302061e-03
-2.35619  3.14159	 3.7540438305e-01  2.1376728786e-03	 3.7540438305e-01  2.1376728786e-03
-1.57080 -2.35619	 3.2290805806e-01  1.8054239344e-03	 3.2290805806e-01  1.8054239344e-03
-1.57080 -1.57080	 2.8027328214e-01  1.7465037306e-03	 2.8027328214e-01  1.7465037306e-03
-1.57080 -0.78540	 2.3844237000e-01  1.8432344430e-03	 2.3844237000e-01  1.8432344430e-03
-1.57080  0.00000	 2.2071126875e-01  1.7625378980e-03	 2.2071126875e-01  1.7625378980e-03
-1.57080  0.78540	 2.3735247902e-01  1.7063786207e-03	 2.3735247902e-01  1.7063786207e-03
-1.57080  1.57080	 2.7943417413e-01  1.7266213016e-03	 2.7943417413e-01  1.7266213016e-03
-1.57080  2.35619	 3.2158377135e-01  1.6831914985e-03	 3.2158377135e-01  1.6831914985e-03
-1.57080  3.14159	 3.4075303763e-01  1.8547407892e-03	 3.4075303763e-01  1.8547407892e-03
-0.78540 -2.35619	 2.8223121805e-01  1.7578826989e-03	 2.8223121805e-01  1.7578826989e-03
-0.78540 -1.57080	 2.3864872437e-01  1.7517428832e-03	 2.3864872437e-01  1.7517428832e-03
-0.78540 -0.78540	 1.8792114777e-01  1.8628213672e-03	 1.8792114777e-01  1.8628213672e-03
-0.78540  0.00000	 1.6623086491e-01  1.7990525096e-03	 1.6623086491e-01  1.7990525096e-03
-0.78540  0.78540	 1.8752437680e-01  1.7863839302e-03	 1.8752437680e-01  1.7863839302e-03
-0.78540  1.57080	 2.3853094321e-01  1.7804473190e-03	 2.3853094321e-01  1.7804473190e-03
-0.78540  2.35619	 2.8440170522e-01  1.7144703156e-03	 2.8440170522e-01  1.7144703156e-03
-0.78540  3.14159	 3.0076229648e-01  1.7380948089e-03	 3.0076229648e-01  1.7380948089e-03
 0.00000 -2.35619	 2.6727943893e-01  1.7908218829e-03	 2.6727943893e-01  1.7908218829e-03
 0.00000 -1.57080	 2.1821900695e-01  1.7464249528e-03	 2.1821900695e-01  1.7464249528e-03
 0.00000 -0.78540	 1.6532211777e-01  1.7902095858e-03	 1.6532211777e-01  1.7902095858e-03
 0.00000  0.00000	 1.4196312454e-01  1.9592140080e-03	 1.4196312454e-01  1.9592140080e-03
 0.00000  0.78540	 1.6532211777e-01  1.7902095858e-03	 1.6532211777e-01  1.7902095858e-03
 0.00000  1.57080	 2.1821900695e-01  1.7464249528e-03	 2.1821900695e-01  1.7464249528e-03
 0.00000  2.35619	 2.6727943893e-01  1.7908218829e-03	 2.6727943893e-01  1.7908218829e-03
 0.00000  3.14159	 2.8737568034e-01  1.7760487051e-03	 2.8737568034e-01  1.7760487051e-03
 0.78540 -2.35619	 2.8440170522e-01  1.7144703156e-03	 2.8440170522e-01  1.7144703156e-03
 0.78540 -1.57080	 2.3853094321e-01  1.7804473190e-03	 2.3853094321e-01  1.7804473190e-03
 0.78540 -0.78540	 1.8752437680e-01  1.7863839302e-03	 1.8752437680e-01  1.7863839302e-03
 0.78540  0.00000	 1.6623086491e-01  1.7990525096e-03	 1.6623086491e-01  1.7990525096e-03
 0.78540  0.78540	 1.8792114777e-01  1.8628213672e-03	 1.8792114777e-01  1.8628213672e-03
 0.78540  1.57080	 2.3864872437e-01  1.7517428832e-03	 2.3864872437e-01  1.7517428832e-03
 0.78540  2.35619	 2.8223121805e-01  1.7578826989e-03	 2.8223121805e-01  1.7578826989e-03
 0.78540  3.14159	 3.0076229648e-01  1.7380948089e-03	 3.0076229648e-01  1.7380948089e-03
 1.57080 -2.35619	 3.2158377135e-01  1.6831914985e-03	 3.2158377135e-01  1.6831914985e-03
 1.57080 -1.57080	 2.7943417413e-01  1.7266213016e-03	 2.7943417413e-01  1.7266213016e-03
 1.57080 -0.78540	 2.3735247902e-01  1.7063786207e-03	 2.3735247902e-01  1.7063786207e-03
 1.57080  0.00000	 2.2071126875e-01  1.7625378980e-03	 2.2071126875e-01  1.7625378980e-03
 1.57080  0.78540	 2.3844237000e-01  1.8432344430e-03	 2.3844237000e-01  1.8432344430e-03
 1.57080  1.57080	 2.8027328214e-01  1.7465037306e-03	 2.8027328214e-01  1.7465037306e-03
 1.57080  2.35619	 3.2290805806e-01  1.8054239344e-03	 3.2290805806e-01  1.8054239344e-03
 1.57080  3.14159	 3.4075303763e-01  1.8547407892e-03	 3.4075303763e-01  1.8547407892e-03
 2.35619 -2.35619	 3.5963774785e-01  1.9736302061e-03	 3.5963774785e-01  1.9736302061e-03
 2.35619 -1.57080	 3.2118315533e-01  1.8533263803e-03	 3.2118315533e-01  1.8533263803e-03
 2.35619 -0.78540	 2.8334092566e-01  1.8262114455e-03	 2.8334092566e-01  1.8262114455e-03
 2.35619  0.00000	 2.6777939782e-01  1.6529490911e-03	 2.6777939782e-01  1.6529490911e-03
 2.35619  0.78540	 2.8286760893e-01  1.8240243432e-03	 2.8286760893e-01  1.8240243432e-03
 2.35619  1.57080	 3.2303880845e-01  1.8535029616e-03	 3.2303880845e-01  1.8535029616e-03
 2.35619  2.35619	 3.6328686801e-01  2.0078034740e-03	 3.6328686801e-01  2.0078034740e-03
 2.35619  3.14159	 3.7540438305e-01  2.1376728786e-03	 3.7540438305e-01  2.1376728786e-03
 3.14159 -2.35619	 3.7773198283e-01  2.0792748030e-03	 3.7773198283e-01  2.0792748030e-03
 3.14159 -1.57080	 3.4093405326e-01  1.8348952412e-03	 3.4093405326e-01  1.8348952412e-03
 3.14159 -0.78540	 2.9976942755e-01  1.8541484933e-03	 2.9976942755e-01  1.8541484933e-03
 3.14159  0.00000	 2.8373277976e-01  2.1551275117e-03	 2.8373277976e-01  2.1551275117e-03
 3.14159  0.78540	 2.9976942755e-01  1.8541484933e-03	 2.9976942755e-01  1.8541484933e-03
 3.14159  1.57080	 3.4093405326e-01  1.8348952412e-03	 3.4093405326e-01  1.8348952412e-03
 3.14159  2.35619	 3.7773198283e-01  2.0792748030e-03	 3.7773198283e-01  2.0792748030e-03
 3.14159  3.14159	 3.9276182751e-01  2.9407998090e-03	 3.9276182751e-01  2.9407998090e-03
