#    kx       ky   	              (0, 0)              	         trace over n_orb         
-2.35619 -2.35619	 3.6857646827e-01  4.0809701854e-03	 3.6857646827e-01  4.0809701854e-03
-2.35619 -1.57080	 3.2450301862e-01  3.4884281297e-03	 3.2450301862e-01  3.4884281297e-03
-2.35619 -0.78540	 2.8180016495e-01  3.2597470108e-03	 2.8180016495e-01  3.2597470108e-03
-2.35619  0.00000	 2.6909853663e-01  2.9492744636e-03	 2.6909853663e-01  2.9492744636e-03
-2.35619  0.78540	 2.8335774581e-01  3.3760395837e-03	 2.8335774581e-01  3.3760395837e-03
-2.35619  1.57080	 3.1914530137e-01  3.7086823945e-03	 3.1914530137e-01  3.7086823945e-03
-2.35619  2.35619	 3.5771810491e-01  4.0382963705e-03	 3.5771810491e-01  4.0382963705e-03
-2.35619  3.14159	 3.7344002763e-01  4.5915114909e-03	 3.7344002763e-01  4.5915114909e-03
-1.57080 -2.35619	 3.2406340065e-01  3.5654664548e-03	 3.2406340065e-01  3.5654664548e-03
-1.57080 -1.57080	 2.7820608871e-01  3.3030243417e-03	 2.7820608871e-01  3.3030243417e-03
-1.57080 -0.78540	 2.3895359380e-01  3.1085356088e-03	 2.3895359380e-01  3.1085356088e-03
-1.57080  0.00000	 2.2294551138e-01  3.0220056812e-03	 2.2294551138e-01  3.0220056812e-03
-1.57080  0.78540	 2.3608127256e-01  3.0220558891e-03	 2.3608127256e-01  3.0220558891e-03
-1.57080  1.57080	 2.7614830870e-01  3.1981364983e-03	 2.7614830870e-01  3.1981364983e-03
-1.57080  2.35619	 3.2030845475e-01  3.3594519946e-03	 3.2030845475e-01  3.3594519946e-03
-1.57080  3.14159	 3.4470781292e-01  3.6722507909e-03	 3.4470781292e-01  3.6722507909e-03
-0.78540 -2.35619	 2.7960127047e-01  3.2788393765e-03	 2.7960127047e-01  3.2788393765e-03
-0.78540 -1.57080	 2.3933619007e-01  3.0902123446e-03	 2.3933619007e-01  3.0902123446e-03
-0.78540 -0.78540	 1.8675941731e-01  2.9971488941e-03	 1.8675941731e-01  2.9971488941e-03
-0.78540  0.00000	 1.6650450103e-01  2.7511021351e-03	 1.6650450103e-01  2.7511021351e-03
-0.78540  0.78540	 1.8610387533e-01  2.8927359128e-03	 1.8610387533e-01  2.8927359128e-03
-0.78540  1.57080	 2.3952356028e-01  3.1442460753e-03	 2.3952356028e-01  3.1442460753e-03
-0.78540  2.35619	 2.8638105441e-01  3.1332496422e-03	 2.8638105441e-01  3.1332496422e-03
-0.78540  3.14159	 2.9995439593e-01  3.2973823492e-03	 2.9995439593e-01  3.2973823492e-03
 0.00000 -2.35619	 2.6720218696e-01  3.4295510662e-03	 2.6720218696e-01  3.4295510662e-03
 0.00000 -1.57080	 2.1518366997e-01  3.0136426080e-03	 2.1518366997e-01  3.0136426080e-03
 0.00000 -0.78540	 1.6365057748e-01  2.8764433406e-03	 1.6365057748e-01  2.8764433406e-03
 0.00000  0.00000	 1.4264475914e-01  3.6595313006e-03	 1.4264475914e-01  3.6595313006e-03
 0.00000  0.78540	 1.6365057748e-01  2.8764433406e-03	 1.6365057748e-01  2.8764433406e-03
 0.00000  1.57080	 2.1518366997e-01  3.0136426080e-03	 2.1518366997e-01  3.0136426080e-03
 0.00000  2.35619	 2.6720218696e-01  3.4295510662e-03	 2.6720218696e-01  3.4295510662e-03
 0.00000  3.14159	 2.9086973160e-01  4.0901868494e-03	 2.9086973160e-01  4.0901868494e-03
 0.78540 -2.35619	 2.8638105441e-01  3.1332496422e-03	 2.8638105441e-01  3.1332496422e-03
 0.78540 -1.57080	 2.3952356028e-01  3.1442460753e-03	 2.3952356028e-01  3.1442460753e-03
 0.78540 -0.78540	 1.8610387533e-01  2.8927359128e-03	 1.8610387533e-01  2.8927359128e-03
 0.78540  0.00000	 1.6650450103e-01  2.7511021351e-03	 1.6650450103e-01  2.7511021351e-03
 0.78540  0.78540	 1.8675941731e-01  2.9971488941e-03	 1.8675941731e-01  2.9971488941e-03
 0.78540  1.57080	 2.3933619007e-01  3.0902123446e-03	 2.3933619007e-01  3.0902123446e-03
 0.78540  2.35619	 2.7960127047e-01  3.2788393765e-03	 2.7960127047e-01  3.2788393765e-03
 0.78540  3.14159	 2.9995439593e-01  3.2973823492e-03	 2.9995439593e-01  3.2973823492e-03
 1.57080 -2.35619	 3.2030845475e-01  3.3594519946e-03	 3.2030845475e-01  3.3594519946e-03
 1.57080 -1.57080	 2.7614830870e-01  3.1981364983e-03	 2.7614830870e-01  3.1981364983e-03
 1.57080 -0.78540	 2.3608127256e-01  3.0220558891e-03	 2.3608127256e-01  3.0220558891e-03
 1.57080  0.00000	 2.2294551138e-01  3.0220056812e-03	 2.2294551138e-01  3.0220056812e-03
 1.57080  0.78540	 2.3895359380e-01  3.1085356088e-03	 2.3895359380e-01  3.1085356088e-03
 1.57080  1.57080	 2.7820608871e-01  3.3030243417e-03	 2.7820608871e-01  3.3030243417e-03
 1.57080  2.35619	 3.2406340065e-01  3.5654664548e-03	 3.2406340065e-01  3.5654664548e-03
 1.57080  3.14159	 3.4470781292e-01  3.6722507909e-03	 3.4470781292e-01  3.6722507909e-03
 2.35619 -2.35619	 3.5771810491e-01  4.0382963705e-03	 3.5771810491e-01  4.0382963705e-03
 2.35619 -1.57080	 3.1914530137e-01  3.7086823945e-03	 3.1914530137e-01  3.7086823945e-03
 2.35619 -0.78540	 2.8335774581e-01  3.3760395837e-03	 2.8335774581e-01  3.3760395837e-03
 2.35619  0.00000	 2.6909853663e-01  2.9492744636e-03	 2.6909853663e-01  2.9492744636e-03
 2.35619  0.78540	 2.8180016495e-01  3.2597470108e-03	 2.8180016495e-01  3.2597470108e-03
 2.35619  1.57080	 3.2450301862e-01  3.4884281297e-03	 3.2450301862e-01  3.4884281297e-03
 2.35619  2.35619	 3.6857646827e-01  4.0809701854e-03	 3.6857646827e-01  4.0809701854e-03
 2.35619  3.14159	 3.7344002763e-01  4.5915114909e-03	 3.7344002763e-01  4.5915114909e-03
 3.14159 -2.35619	 3.8048620346e-01  4.3174303152e-03	 3.8048620346e-01  4.3174303152e-03
 3.14159 -1.57080	 3.4533325144e-01  3.8260779440e-03	 3.4533325144e-01  3.8260779440e-03
 3.14159 -0.78540	 2.9722110150e-01  3.4917638569e-03	 2.9722110150e-01  3.4917638569e-03
 3.14159  0.00000	 2.8037410397e-01  4.5969486680e-03	 2.8037410397e-01  4.5969486680e-03
 3.14159  0.78540	 2.9722110150e-01  3.4917638569e-03	 2.9722110150e-01  3.4917638569e-03
 3.14159  1.57080	 3.4533325144e-01  3.8260779440e-03	 3.4533325144e-01  3.8260779440e-03
 3.14159  2.35619	 3.8048620346e-01  4.3174303152e-03	 3.8048620346e-01  4.3174303152e-03
 3.14159  3.14159	 3.9438536626e-01  6.9562105582e-03	 3.9438536626e-01  6.9562105582e-03
