#    rx       ry   	         trace over n_orb         
 -3.00000  -3.00000	-2.2335179937e-06  1.6857927758e-07
 -3.00000  -2.00000	-1.1507860002e-05  8.2106940442e-07
 -3.00000  -1.00000	-3.0696690456e-05  2.4838635688e-06
 -3.00000   0.00000	-3.1118318570e-05  1.2040034357e-06
 -3.00000   1.00000	-2.5991794011e-05  9.6578708541e-07
 -3.00000   2.00000	-1.0152885393e-05  3.6263842544e-07
 -3.00000   3.00000	-1.9507971838e-06  1.0055219889e-07
 -3.00000   4.00000	-1.0706347439e-06  1.6016315436e-07
 -2.00000  -3.00000	-1.2657913663e-05  1.5135615207e-06
 -2.00000  -2.00000	-7.0602497977e-05  3.9545665838e-06
 -2.00000  -1.00000	-3.8074538468e-04  1.2125479149e-05
 -2.00000   0.00000	-6.1963517204e-04  1.5120465308e-05
 -2.00000   1.00000	-3.5764868754e-04  5.4655863886e-06
 -2.00000   2.00000	-6.3795780781e-05  2.3509137482e-06
 -2.00000   3.00000	-1.0278191711e-05  3.8565003149e-07
 -2.00000   4.00000	-3.8701194989e-06  9.5063892655e-07
 -1.00000  -3.00000	-2.5801194968e-05  8.9706172132e-07
 -1.00000  -2.00000	-3.7406879776e-04  7.7972757716e-06
 -1.00000  -1.00000	-2.3152228208e-03  5.2486825865e-05
 -1.00000   0.00000	-3.0467375176e-02  1.2353265453e-04
 -1.00000   1.00000	-2.2546052535e-03  5.5841787224e-05
 -1.00000   2.00000	-3.6149898118e-04  9.8407608709e-06
 -1.00000   3.00000	-2.7048805471e-05  1.0786896010e-06
 -1.00000   4.00000	-7.1090767865e-06  5.7162837266e-07
  0.00000  -3.00000	-3.7151532523e-05  2.6791976586e-06
  0.00000  -2.00000	-6.3313994125e-04  1.7787448680e-05
  0.00000  -1.00000	-3.0512384640e-02  1.6601231220e-04
  0.00000   0.00000	 2.7895049986e-01  1.5001129074e-03
  0.00000   1.00000	-3.0512384640e-02  1.6601231220e-04
  0.00000   2.00000	-6.3313994125e-04  1.7787448680e-05
  0.00000   3.00000	-3.7151532523e-05  2.6791976586e-06
  0.00000   4.00000	-3.8388487501e-06  3.3964935678e-07
  1.00000  -3.00000	-2.7048805471e-05  1.0786896010e-06
  1.00000  -2.00000	-3.6149898118e-04  9.8407608709e-06
  1.00000  -1.00000	-2.2546052535e-03  5.5841787224e-05
  1.00000   0.00000	-3.0467375176e-02  1.2353265453e-04
  1.00000   1.00000	-2.3152228208e-03  5.2486825865e-05
  1.00000   2.00000	-3.7406879776e-04  7.7972757716e-06
  1.00000   3.00000	-2.5801194968e-05  8.9706172132e-07
  1.00000   4.00000	-7.1090767865e-06  5.7162837266e-07
  2.00000  -3.00000	-1.0278191711e-05  3.8565003149e-07
  2.00000  -2.00000	-6.3795780781e-05  2.3509137482e-06
  2.00000  -1.00000	-3.5764868754e-04  5.4655863886e-06
  2.00000   0.00000	-6.1963517204e-04  1.5120465308e-05
  2.00000   1.00000	-3.8074538468e-04  1.2125479149e-05
  2.00000   2.00000	-7.0602497977e-05  3.9545665838e-06
  2.00000   3.00000	-1.2657913663e-05  1.5135615207e-06
  2.00000   4.00000	-3.8701194989e-06  9.5063892655e-07
  3.00000  -3.00000	-1.9507971838e-06  1.0055219889e-07
  3.00000  -2.00000	-1.0152885393e-05  3.6263842544e-07
  3.00000  -1.00000	-2.5991794011e-05  9.6578708541e-07
  3.00000   0.00000	-3.1118318570e-05  1.2040034357e-06
  3.00000   1.00000	-3.0696690456e-05  2.4838635688e-06
  3.00000   2.00000	-1.1507860002e-05  8.2106940442e-07
  3.00000   3.00000	-2.2335179937e-06  1.6857927758e-07
  3.00000   4.00000	-1.0706347439e-06  1.6016315435e-07
  4.00000  -3.00000	-9.0969626391e-07  3.2963554570e-08
  4.00000  -2.00000	-3.0318729453e-06  1.0147214038e-07
  4.00000  -1.00000	-6.2599468264e-06  3.9506041132e-07
  4.00000   0.00000	-4.7152215030e-06  5.8354170434e-07
  4.00000   1.00000	-6.2599468264e-06  3.9506041132e-07
  4.00000   2.00000	-3.0318729453e-06  1.0147214038e-07
  4.00000   3.00000	-9.0969626391e-07  3.2963554569e-08
  4.00000   4.00000	-5.1059311168e-07  2.5775662962e-08
