#    kx       ky   	              (0, 0)              	         trace over n_orb         
-2.35619 -2.35619	 3.6064206789e-01  1.4171040287e-03	 3.6064206789e-01  1.4171040287e-03
-2.35619 -1.57080	 3.2230670336e-01  1.4627522054e-03	 3.2230670336e-01  1.4627522054e-03
-2.35619 -0.78540	 2.8340133092e-01  1.5397526878e-03	 2.8340133092e-01  1.5397526878e-03
-2.35619  0.00000	 2.6711982841e-01  1.5603779300e-03	 2.6711982841e-01  1.5603779300e-03
-2.35619  0.78540	 2.8333251558e-01  1.5005662158e-03	 2.8333251558e-01  1.5005662158e-03
-2.35619  1.57080	 3.2220208231e-01  1.4326747633e-03	 3.2220208231e-01  1.4326747633e-03
-2.35619  2.35619	 3.6059756932e-01  1.4043074399e-03	 3.6059756932e-01  1.4043074399e-03
-2.35619  3.14159	 3.7638656075e-01  1.4047639571e-03	 3.7638656075e-01  1.4047639571e-03
-1.57080 -2.35619	 3.2233038676e-01  1.4116891031e-03	 3.2233038676e-01  1.4116891031e-03
-1.57080 -1.57080	 2.8130687886e-01  1.5000396607e-03	 2.8130687886e-01  1.5000396607e-03
-1.57080 -0.78540	 2.3818675810e-01  1.6310330985e-03	 2.3818675810e-01  1.6310330985e-03
-1.57080  0.00000	 2.1959414744e-01  1.6744254243e-03	 2.1959414744e-01  1.6744254243e-03
-1.57080  0.78540	 2.3798808225e-01  1.5896715334e-03	 2.3798808225e-01  1.5896715334e-03
-1.57080  1.57080	 2.8107710685e-01  1.4650260660e-03	 2.8107710685e-01  1.4650260660e-03
-1.57080  2.35619	 3.2222142964e-01  1.3972603974e-03	 3.2222142964e-01  1.3972603974e-03
-1.57080  3.14159	 3.3877564999e-01  1.3850117675e-03	 3.3877564999e-01  1.3850117675e-03
-0.78540 -2.35619	 2.8354619184e-01  1.4276740929e-03	 2.8354619184e-01  1.4276740929e-03
-0.78540 -1.57080	 2.3830499152e-01  1.5497047598e-03	 2.3830499152e-01  1.5497047598e-03
-0.78540 -0.78540	 1.8850201300e-01  1.7524150985e-03	 1.8850201300e-01  1.7524150985e-03
-0.78540  0.00000	 1.6609404685e-01  1.8658921150e-03	 1.6609404685e-01  1.8658921150e-03
-0.78540  0.78540	 1.8823462753e-01  1.7426710748e-03	 1.8823462753e-01  1.7426710748e-03
-0.78540  1.57080	 2.3803463467e-01  1.5373601125e-03	 2.3803463467e-01  1.5373601125e-03
-0.78540  2.35619	 2.8341203063e-01  1.4238042676e-03	 2.8341203063e-01  1.4238042676e-03
-0.78540  3.14159	 3.0116624675e-01  1.3969480318e-03	 3.0116624675e-01  1.3969480318e-03
 0.00000 -2.35619	 2.6731806491e-01  1.4422342136e-03	 2.6731806491e-01  1.4422342136e-03
 0.00000 -1.57080	 2.1973667544e-01  1.5775145448e-03	 2.1973667544e-01  1.5775145448e-03
 0.00000 -0.78540	 1.6615788792e-01  1.8251542276e-03	 1.6615788792e-01  1.8251542276e-03
 0.00000  0.00000	 1.4162230724e-01  1.9810384520e-03	 1.4162230724e-01  1.9810384520e-03
 0.00000  0.78540	 1.6615788792e-01  1.8251542276e-03	 1.6615788792e-01  1.8251542276e-03
 0.00000  1.57080	 2.1973667544e-01  1.5775145448e-03	 2.1973667544e-01  1.5775145448e-03
 0.00000  2.35619	 2.6731806491e-01  1.4422342136e-03	 2.6731806491e-01  1.4422342136e-03
 0.00000  3.14159	 2.8562865471e-01  1.4106004477e-03	 2.8562865471e-01  1.4106004477e-03
 0.78540 -2.35619	 2.8341203063e-01  1.4238042676e-03	 2.8341203063e-01  1.4238042676e-03
 0.78540 -1.57080	 2.3803463467e-01  1.5373601125e-03	 2.3803463467e-01  1.5373601125e-03
 0.78540 -0.78540	 1.8823462753e-01  1.7426710748e-03	 1.8823462753e-01  1.7426710748e-03
 0.78540  0.00000	 1.6609404685e-01  1.8658921150e-03	 1.6609404685e-01  1.8658921150e-03
 0.78540  0.78540	 1.8850201300e-01  1.7524150985e-03	 1.8850201300e-01  1.7524150985e-03
 0.78540  1.57080	 2.3830499152e-01  1.5497047598e-03	 2.3830499152e-01  1.5497047598e-03
 0.78540  2.35619	 2.8354619184e-01  1.4276740929e-03	 2.8354619184e-01  1.4276740929e-03
 0.78540  3.14159	 3.0116624675e-01  1.3969480318e-03	 3.0116624675e-01  1.3969480318e-03
 1.57080 -2.35619	 3.2222142964e-01  1.3972603974e-03	 3.2222142964e-01  1.3972603974e-03
 1.57080 -1.57080	 2.8107710685e-01  1.4650260660e-03	 2.8107710685e-01  1.4650260660e-03
 1.57080 -0.78540	 2.3798808225e-01  1.5896715334e-03	 2.3798808225e-01  1.5896715334e-03
 1.57080  0.00000	 2.1959414744e-01  1.6744254243e-03	 2.1959414744e-01  1.6744254243e-03
 1.57080  0.78540	 2.3818675810e-01  1.6310330985e-03	 2.3818675810e-01  1.6310330985e-03
 1.57080  1.57080	 2.8130687886e-01  1.5000396607e-03	 2.8130687886e-01  1.5000396607e-03
 1.57080  2.35619	 3.2233038676e-01  1.4116891031e-03	 3.2233038676e-01  1.4116891031e-03
 1.57080  3.14159	 3.3877564999e-01  1.3850117675e-03	 3.3877564999e-01  1.3850117675e-03
 2.35619 -2.35619	 3.6059756932e-01  1.4043074399e-03	 3.6059756932e-01  1.4043074399e-03
 2.35619 -1.57080	 3.2220208231e-01  1.4326747633e-03	 3.2220208231e-01  1.4326747633e-03
 2.35619 -0.78540	 2.8333251558e-01  1.5005662158e-03	 2.8333251558e-01  1.5005662158e-03
 2.35619  0.00000	 2.6711982841e-01  1.5603779300e-03	 2.6711982841e-01  1.5603779300e-03
 2.35619  0.78540	 2.8340133092e-01  1.5397526878e-03	 2.8340133092e-01  1.5397526878e-03
 2.35619  1.57080	 3.2230670336e-01  1.4627522054e-03	 3.2230670336e-01  1.4627522054e-03
 2.35619  2.35619	 3.6064206789e-01  1.4171040287e-03	 3.6064206789e-01  1.4171040287e-03
 2.35619  3.14159	 3.7638656075e-01  1.4047639571e-03	 3.7638656075e-01  1.4047639571e-03
 3.14159 -2.35619	 3.7635487252e-01  1.4218522477e-03	 3.7635487252e-01  1.4218522477e-03
 3.14159 -1.57080	 3.3873445417e-01  1.4397273096e-03	 3.3873445417e-01  1.4397273096e-03
 3.14159 -0.78540	 3.0104359057e-01  1.4925350192e-03	 3.0104359057e-01  1.4925350192e-03
 3.14159  0.00000	 2.8541211765e-01  1.5288785491e-03	 2.8541211765e-01  1.5288785491e-03
 3.14159  0.78540	 3.0104359057e-01  1.4925350192e-03	 3.0104359057e-01  1.4925350192e-03
 3.14159  1.57080	 3.3873445417e-01  1.4397273096e-03	 3.3873445417e-01  1.4397273096e-03
 3.14159  2.35619	 3.7635487252e-01  1.4218522477e-03	 3.7635487252e-01  1.4218522477e-03
 3.14159  3.14159	 3.9195005813e-01  1.4234160612e-03	 3.9195005813e-01  1.4234160612e-03
