     0.0000000       0.35317169       0.02748832
     0.1000000       0.19085587       0.02678452
     0.2000000       0.10285751       0.02656415
     0.3000000       0.05524147       0.02657608
     0.4000000       0.02986168       0.02666038
     0.5000000       0.01215400       0.02654580
     0.6000000      -0.00450670       0.02660893
     0.7000000      -0.01855037       0.02794011
     0.8000000      -0.02719648       0.02912981
     0.9000000      -0.02839211       0.02805861
     1.0000000      -0.02581146       0.02650286
     1.1000000      -0.02587587       0.02527829
     1.2000000      -0.02655871       0.02468022
     1.3000000      -0.02373358       0.02514378
     1.4000000      -0.01999027       0.02608973
     1.5000000      -0.01667289       0.02725975
     1.6000000      -0.01507471       0.02800104
     1.7000000      -0.01882071       0.02900427
     1.8000000      -0.02166099       0.02893537
     1.9000000      -0.02134334       0.02767377
     2.0000000      -0.02095670       0.02686743
     2.1000000      -0.01752054       0.02511211
     2.2000000      -0.01070114       0.02331425
     2.3000000      -0.00409833       0.02264539
     2.4000000       0.00229573       0.02290249
     2.5000000       0.01004125       0.02375299
     2.6000000       0.02230576       0.02481882
     2.7000000       0.04680811       0.02594027
     2.8000000       0.09250042       0.02711471
     2.9000000       0.18039086       0.02789253
     3.0000000       0.35317169       0.02748832
