     0.0000000       0.50042749       0.00380287
     0.1000000       0.44349265       0.00410760
     0.2000000       0.39775211       0.00380527
     0.3000000       0.36308762       0.00392864
     0.4000000       0.33433355       0.00421235
     0.5000000       0.31076756       0.00415960
     0.6000000       0.28708820       0.00436288
     0.7000000       0.26732360       0.00420134
     0.8000000       0.24977013       0.00417014
     0.9000000       0.23450982       0.00407632
     1.0000000       0.21965989       0.00412983
     1.1000000       0.20665058       0.00426330
     1.2000000       0.19751884       0.00429393
     1.3000000       0.18731571       0.00399229
     1.4000000       0.17568620       0.00387801
     1.5000000       0.16754014       0.00399436
     1.6000000       0.15833596       0.00406257
     1.7000000       0.15061468       0.00400563
     1.8000000       0.14684206       0.00409261
     1.9000000       0.14082593       0.00402034
     2.0000000       0.14006330       0.00408715
     2.1000000       0.13679117       0.00413139
     2.2000000       0.13085126       0.00434469
     2.3000000       0.12653749       0.00450171
     2.4000000       0.12063628       0.00435980
     2.5000000       0.11916918       0.00442501
     2.6000000       0.11529928       0.00433892
     2.7000000       0.11500423       0.00429423
     2.8000000       0.11522022       0.00403317
     2.9000000       0.11376562       0.00419805
     3.0000000       0.11434977       0.00427232
     3.1000000       0.11437360       0.00400666
     3.2000000       0.11316928       0.00385550
     3.3000000       0.11041502       0.00399374
     3.4000000       0.10946716       0.00388487
     3.5000000       0.10643187       0.00426068
     3.6000000       0.11040999       0.00409639
     3.7000000       0.11395739       0.00429649
     3.8000000       0.11773471       0.00429872
     3.9000000       0.12030799       0.00436209
     4.0000000       0.12442730       0.00429735
     4.1000000       0.12889352       0.00443520
     4.2000000       0.13413476       0.00474664
     4.3000000       0.14080806       0.00464529
     4.4000000       0.14693407       0.00435352
     4.5000000       0.15789168       0.00423933
     4.6000000       0.16535607       0.00437366
     4.7000000       0.17351483       0.00433321
     4.8000000       0.18597371       0.00417503
     4.9000000       0.19736354       0.00434049
     5.0000000       0.21346579       0.00421525
     5.1000000       0.22595610       0.00410576
     5.2000000       0.23998587       0.00438895
     5.3000000       0.25721173       0.00451527
     5.4000000       0.27750203       0.00438957
     5.5000000       0.29979771       0.00424212
     5.6000000       0.32711430       0.00415117
     5.7000000       0.35536683       0.00398077
     5.8000000       0.39314415       0.00399033
     5.9000000       0.43831242       0.00388262
     6.0000000       0.49957251       0.00380287
