     0.0000000       0.89629203       0.01327402
     0.1000000       0.73215078       0.01213159
     0.2000000       0.61774867       0.01086901
     0.3000000       0.53516790       0.00984342
     0.4000000       0.47351916       0.00916791
     0.5000000       0.42636433       0.00866322
     0.6000000       0.38986624       0.00823098
     0.7000000       0.36164519       0.00802263
     0.8000000       0.33868843       0.00755178
     0.9000000       0.31947556       0.00660934
     1.0000000       0.30507910       0.00607845
     1.1000000       0.29440737       0.00580073
     1.2000000       0.28659569       0.00572208
     1.3000000       0.28084030       0.00558248
     1.4000000       0.27719058       0.00535458
     1.5000000       0.27616086       0.00532591
     1.6000000       0.27731383       0.00531823
     1.7000000       0.28143030       0.00569359
     1.8000000       0.28798999       0.00622243
     1.9000000       0.29624700       0.00646625
     2.0000000       0.30761704       0.00700213
     2.1000000       0.32208357       0.00737464
     2.2000000       0.33994717       0.00766595
     2.3000000       0.36349779       0.00877376
     2.4000000       0.39409022       0.01054889
     2.5000000       0.43285498       0.01264369
     2.6000000       0.48060553       0.01416143
     2.7000000       0.54102927       0.01472442
     2.8000000       0.62166541       0.01480476
     2.9000000       0.73386022       0.01425381
     3.0000000       0.89629203       0.01327402
