     0.0000000       0.74046226       0.00052948
     0.1000000       0.60824974       0.00073653
     0.2000000       0.50965627       0.00077522
     0.3000000       0.43468917       0.00078803
     0.4000000       0.37782905       0.00074712
     0.5000000       0.33478794       0.00072129
     0.6000000       0.30172615       0.00065610
     0.7000000       0.27847097       0.00056607
     0.8000000       0.26200859       0.00054959
     0.9000000       0.25592080       0.00050815
     1.0000000       0.25953774       0.00052948
