     0.0000000       0.21361631       0.00741203
     0.1000000       0.17215370       0.00487122
     0.2000000       0.15284180       0.00737693
     0.3000000       0.12891523       0.00369256
     0.4000000       0.11172840       0.00452211
     0.5000000       0.10912328       0.00521572
     0.6000000       0.11217338       0.00312104
     0.7000000       0.12504729       0.00524322
     0.8000000       0.14084829       0.00347030
     0.9000000       0.16453241       0.00525488
     1.0000000       0.21361631       0.00741203
