     0.0000000       0.22561893       0.04085755
     0.1000000       0.11115265       0.04751733
     0.2000000       0.05476830       0.03375570
     0.3000000       0.02832582       0.02696809
     0.4000000       0.02315465       0.01528757
     0.5000000       0.00984215       0.01823985
     0.6000000       0.00362411       0.01719137
     0.7000000      -0.01468984       0.03485534
     0.8000000      -0.01209618       0.02452789
     0.9000000      -0.01624158       0.02518593
     1.0000000      -0.00079373       0.01349008
     1.1000000      -0.00560839       0.01334520
     1.2000000      -0.01744417       0.02136714
     1.3000000      -0.02826131       0.03309444
     1.4000000      -0.01265923       0.01985782
     1.5000000      -0.04631260       0.05276094
     1.6000000      -0.02495043       0.03465111
     1.7000000      -0.03314510       0.04024005
     1.8000000      -0.03716524       0.03622973
     1.9000000       0.00212394       0.00523003
     2.0000000       0.00700675       0.00465317
     2.1000000      -0.00614831       0.01228821
     2.2000000       0.02506841       0.02718583
     2.3000000       0.01507857       0.01435564
     2.4000000       0.01160861       0.00896018
     2.5000000       0.01897376       0.01623744
     2.6000000       0.01298696       0.01533440
     2.7000000       0.02202681       0.02070764
     2.8000000       0.02345258       0.01915043
     2.9000000       0.00958321       0.00892414
     3.0000000       0.00431599       0.00446854
     3.1000000       0.02490095       0.01601388
     3.2000000       0.01745148       0.00583319
     3.3000000       0.00849654       0.00419611
     3.4000000       0.00649009       0.00436403
     3.5000000       0.00975090       0.00372906
     3.6000000      -0.00691559       0.01391485
     3.7000000       0.00990008       0.00482781
     3.8000000      -0.00692442       0.01650052
     3.9000000       0.00259525       0.00920694
     4.0000000       0.00838236       0.00382160
     4.1000000       0.01343687       0.00929015
     4.2000000       0.01724568       0.01257730
     4.3000000       0.01859559       0.01604532
     4.4000000       0.01265350       0.01001698
     4.5000000       0.02783145       0.01822682
     4.6000000      -0.00148403       0.01314465
     4.7000000      -0.01081668       0.02035606
     4.8000000       0.00420671       0.00963811
     4.9000000       0.01639483       0.00591448
     5.0000000       0.02784229       0.01653926
     5.1000000       0.00114903       0.01107203
     5.2000000       0.01086071       0.00471899
     5.3000000       0.00747445       0.00631371
     5.4000000       0.00233560       0.01256857
     5.5000000       0.01283906       0.01282575
     5.6000000       0.01316517       0.02594474
     5.7000000       0.02240003       0.03621847
     5.8000000       0.06558753       0.03262939
     5.9000000       0.11696121       0.04408865
     6.0000000       0.22561893       0.04085755
