     0.0000000       0.34724086       0.00461725
     0.1000000       0.21469469       0.00415189
     0.2000000       0.14978755       0.00375222
     0.3000000       0.11048674       0.00308990
     0.4000000       0.08917771       0.00302788
     0.5000000       0.08059067       0.00383313
     0.6000000       0.09496632       0.00348977
     0.7000000       0.10994468       0.00347945
     0.8000000       0.15394387       0.00343427
     0.9000000       0.21740240       0.00349609
     1.0000000       0.34724086       0.00461725
