     0.0000000       0.50121205       0.00156813
     0.1000000       0.45227388       0.00179548
     0.2000000       0.41651617       0.00194598
     0.3000000       0.38890723       0.00193349
     0.4000000       0.36671752       0.00201813
     0.5000000       0.34822903       0.00211770
     0.6000000       0.33424053       0.00208398
     0.7000000       0.32210646       0.00214806
     0.8000000       0.31424381       0.00227023
     0.9000000       0.30559485       0.00216333
     1.0000000       0.30034746       0.00210356
     1.1000000       0.29478328       0.00219673
     1.2000000       0.29334315       0.00220040
     1.3000000       0.29190346       0.00226978
     1.4000000       0.28996590       0.00241890
     1.5000000       0.28941124       0.00212157
     1.6000000       0.29000146       0.00230233
     1.7000000       0.29222221       0.00229250
     1.8000000       0.29385294       0.00228387
     1.9000000       0.29691946       0.00223501
     2.0000000       0.30122892       0.00229958
     2.1000000       0.30626723       0.00237963
     2.2000000       0.31256834       0.00231225
     2.3000000       0.32296952       0.00228592
     2.4000000       0.33484411       0.00231459
     2.5000000       0.34767843       0.00206421
     2.6000000       0.36432406       0.00206733
     2.7000000       0.38668154       0.00186200
     2.8000000       0.41185373       0.00195979
     2.9000000       0.45043814       0.00169844
     3.0000000       0.49878795       0.00156813
