     0.0000000       0.14056077       0.13620101
     0.1000000       0.06452649       0.09574823
     0.2000000      -0.02007528       0.10875518
     0.3000000      -0.06317076       0.11246441
     0.4000000       0.00799259       0.02789526
     0.5000000      -0.05716682       0.07985025
     0.6000000       0.00351439       0.00988685
     0.7000000      -0.07423410       0.08970293
     0.8000000      -0.08034637       0.08389537
     0.9000000      -0.04069928       0.04334886
     1.0000000      -0.01550272       0.01400799
     1.1000000       0.00393682       0.00658893
     1.2000000      -0.05182795       0.04971972
     1.3000000      -0.09648965       0.09419445
     1.4000000      -0.06205720       0.06697417
     1.5000000      -0.05680094       0.05440830
     1.6000000      -0.05162701       0.05227818
     1.7000000      -0.04318169       0.04477014
     1.8000000      -0.10329329       0.10582857
     1.9000000      -0.16114904       0.16351468
     2.0000000      -0.07564294       0.06877004
     2.1000000       0.09409822       0.09942625
     2.2000000       0.11939116       0.12534056
     2.3000000       0.07523286       0.07107996
     2.4000000       0.02478766       0.02731937
     2.5000000       0.03999804       0.04590024
     2.6000000      -0.02084221       0.02442527
     2.7000000       0.02841281       0.02256711
     2.8000000       0.04478056       0.04006168
     2.9000000       0.05563798       0.05221785
     3.0000000       0.02577303       0.01976454
     3.1000000       0.02824225       0.02024823
     3.2000000       0.01280616       0.01353129
     3.3000000      -0.02576724       0.02259599
     3.4000000      -0.03009869       0.02857652
     3.5000000      -0.02592940       0.02684786
     3.6000000      -0.02886564       0.03555586
     3.7000000      -0.02550115       0.02587407
     3.8000000      -0.00903624       0.00935549
     3.9000000      -0.00973808       0.02166837
     4.0000000       0.02499914       0.01686590
     4.1000000       0.09140247       0.08719611
     4.2000000       0.01378181       0.01802000
     4.3000000       0.00428617       0.00843578
     4.4000000      -0.04308715       0.03779424
     4.5000000       0.03937137       0.04138707
     4.6000000       0.06568622       0.06170701
     4.7000000       0.05728497       0.05413725
     4.8000000       0.01888195       0.02133987
     4.9000000       0.04678766       0.04224135
     5.0000000       0.01236605       0.00691568
     5.1000000       0.01638089       0.00692064
     5.2000000      -0.03562671       0.04412540
     5.3000000      -0.06565762       0.08279296
     5.4000000      -0.04061898       0.04852059
     5.5000000       0.02087305       0.00470872
     5.6000000      -0.00820681       0.03752399
     5.7000000       0.04504182       0.00620299
     5.8000000       0.17918050       0.08952143
     5.9000000       0.15968012       0.00741946
     6.0000000       0.14056077       0.13620101
