     0.0000000       0.31240536       0.03146682
     0.1000000       0.17455125       0.03145007
     0.2000000       0.10302633       0.02538764
     0.3000000       0.06379395       0.01893466
     0.4000000       0.04121187       0.01432048
     0.5000000       0.02986228       0.01186184
     0.6000000       0.02585601       0.01048873
     0.7000000       0.02142285       0.00949253
     0.8000000       0.01611374       0.00899715
     0.9000000       0.01180483       0.00940951
     1.0000000       0.00370011       0.01213775
     1.1000000      -0.00743372       0.01778118
     1.2000000      -0.01559586       0.02236074
     1.3000000      -0.01834992       0.02361312
     1.4000000      -0.01680839       0.02247943
     1.5000000      -0.01167123       0.01970350
     1.6000000      -0.00772329       0.01644920
     1.7000000      -0.00748640       0.01461570
     1.8000000      -0.00987660       0.01404139
     1.9000000      -0.01001197       0.01291265
     2.0000000      -0.00650718       0.01146348
     2.1000000      -0.00420502       0.01084349
     2.2000000      -0.00324274       0.01059979
     2.3000000      -0.00433362       0.01087543
     2.4000000      -0.00358657       0.01021403
     2.5000000      -0.00174528       0.00943437
     2.6000000       0.00062038       0.00908023
     2.7000000       0.00283919       0.00857839
     2.8000000       0.00226220       0.00784669
     2.9000000       0.00121133       0.00770731
     3.0000000       0.00121468       0.00786745
     3.1000000       0.00190333       0.00802854
     3.2000000       0.00388088       0.00813450
     3.3000000       0.00508007       0.00797687
     3.4000000       0.00469388       0.00786406
     3.5000000       0.00299215       0.00777388
     3.6000000      -0.00071096       0.00787499
     3.7000000      -0.00251500       0.00793452
     3.8000000      -0.00220206       0.00776396
     3.9000000      -0.00330027       0.00794280
     4.0000000      -0.00454084       0.00823313
     4.1000000      -0.00422161       0.00804821
     4.2000000      -0.00558706       0.00813239
     4.3000000      -0.00846652       0.00893845
     4.4000000      -0.00906295       0.00989763
     4.5000000      -0.00696681       0.01041679
     4.6000000      -0.00616007       0.01082888
     4.7000000      -0.00716655       0.01121584
     4.8000000      -0.00793068       0.01205159
     4.9000000      -0.00880519       0.01409040
     5.0000000      -0.00889283       0.01745991
     5.1000000      -0.01026223       0.02219455
     5.2000000      -0.01133735       0.02483447
     5.3000000      -0.00542917       0.02350359
     5.4000000       0.00453506       0.02062312
     5.5000000       0.01375053       0.01947312
     5.6000000       0.02827505       0.01884793
     5.7000000       0.05445857       0.01914897
     5.8000000       0.09826260       0.02223102
     5.9000000       0.17465688       0.02650378
     6.0000000       0.31240536       0.03146682
