     0.0000000       0.69070826       0.00572295
     0.1000000       0.56180017       0.00520706
     0.2000000       0.46750034       0.00478186
     0.3000000       0.39661174       0.00440930
     0.4000000       0.34261274       0.00409649
     0.5000000       0.30101764       0.00387050
     0.6000000       0.26849657       0.00366662
     0.7000000       0.24308778       0.00354967
     0.8000000       0.22266246       0.00340508
     0.9000000       0.20593178       0.00317148
     1.0000000       0.19303372       0.00308017
     1.1000000       0.18295827       0.00299245
     1.2000000       0.17480740       0.00282217
     1.3000000       0.16863418       0.00265459
     1.4000000       0.16544889       0.00254468
     1.5000000       0.16475447       0.00255440
     1.6000000       0.16562171       0.00263913
     1.7000000       0.16892322       0.00278971
     1.8000000       0.17479178       0.00307140
     1.9000000       0.18300507       0.00355063
     2.0000000       0.19372089       0.00391534
     2.1000000       0.20694466       0.00393105
     2.2000000       0.22324762       0.00384217
     2.3000000       0.24383225       0.00395557
     2.4000000       0.27006522       0.00422130
     2.5000000       0.30370024       0.00483790
     2.6000000       0.34646771       0.00584654
     2.7000000       0.40069544       0.00657506
     2.8000000       0.47046910       0.00662098
     2.9000000       0.56325434       0.00619921
     3.0000000       0.69070826       0.00572295
