     0.0000000       0.96086478       0.00135428
     0.1000000       0.62759942       0.00134491
     0.2000000       0.41240294       0.00135821
     0.3000000       0.27618753       0.00134113
     0.4000000       0.18607223       0.00142953
     0.5000000       0.12743308       0.00125891
     0.6000000       0.08981046       0.00112978
     0.7000000       0.06367580       0.00118009
     0.8000000       0.04421049       0.00115344
     0.9000000       0.03259503       0.00116111
     1.0000000       0.02553949       0.00109524
     1.1000000       0.01914628       0.00118248
     1.2000000       0.01290788       0.00106983
     1.3000000       0.01028424       0.00106045
     1.4000000       0.00978199       0.00099900
     1.5000000       0.00977168       0.00109806
     1.6000000       0.00961852       0.00108298
     1.7000000       0.00872142       0.00106640
     1.8000000       0.00744584       0.00108182
     1.9000000       0.00763156       0.00104177
     2.0000000       0.00847781       0.00106228
     2.1000000       0.00877951       0.00117177
     2.2000000       0.00817616       0.00104915
     2.3000000       0.00992680       0.00100137
     2.4000000       0.01054998       0.00104709
     2.5000000       0.00989818       0.00105807
     2.6000000       0.01245583       0.00106310
     2.7000000       0.01529764       0.00114177
     2.8000000       0.02040415       0.00117799
     2.9000000       0.02688428       0.00128458
     3.0000000       0.03913522       0.00135428
