     0.0000000       0.35804656       0.01587594
     0.1000000       0.22099272       0.01697898
     0.2000000       0.14850968       0.01649594
     0.3000000       0.11164980       0.01468465
     0.4000000       0.09425381       0.01370029
     0.5000000       0.08882299       0.01339680
     0.6000000       0.09440676       0.01331847
     0.7000000       0.11170053       0.01350713
     0.8000000       0.14907662       0.01403485
     0.9000000       0.22200683       0.01484065
     1.0000000       0.35804656       0.01587594
