     0.0000000       0.36415727       0.00620845
     0.1000000       0.20920496       0.00414237
     0.2000000       0.12455912       0.00349837
     0.3000000       0.07849450       0.00315183
     0.4000000       0.04606562       0.00364032
     0.5000000       0.03036153       0.00309514
     0.6000000       0.02626897       0.00305667
     0.7000000       0.01337094       0.00321680
     0.8000000       0.01141591       0.00319928
     0.9000000       0.00417808       0.00338033
     1.0000000       0.00371582       0.00312433
     1.1000000       0.00310285       0.00316490
     1.2000000       0.00001072       0.00286219
     1.3000000       0.00383895       0.00279678
     1.4000000       0.00316866       0.00276063
     1.5000000       0.00381124       0.00251954
     1.6000000       0.00387821       0.00288773
     1.7000000       0.00406998       0.00295650
     1.8000000       0.00705392       0.00304715
     1.9000000       0.00744379       0.00278118
     2.0000000       0.00568907       0.00306069
     2.1000000       0.00777636       0.00293551
     2.2000000       0.01338267       0.00305574
     2.3000000       0.01851976       0.00285517
     2.4000000       0.01810932       0.00294072
     2.5000000       0.02870791       0.00320052
     2.6000000       0.03940076       0.00441297
     2.7000000       0.07339338       0.00356823
     2.8000000       0.12499031       0.00436458
     2.9000000       0.20486127       0.00406626
     3.0000000       0.36415727       0.00620845
