     0.0000000       0.95094472       0.00137153
     0.1000000       0.69321019       0.00155362
     0.2000000       0.50905299       0.00170947
     0.3000000       0.37594551       0.00153341
     0.4000000       0.27949304       0.00152423
     0.5000000       0.21076850       0.00150722
     0.6000000       0.16046783       0.00152532
     0.7000000       0.12408130       0.00146922
     0.8000000       0.09526551       0.00152231
     0.9000000       0.07473759       0.00147436
     1.0000000       0.05740469       0.00143467
     1.1000000       0.04467084       0.00136604
     1.2000000       0.03526984       0.00138910
     1.3000000       0.02790200       0.00134827
     1.4000000       0.02140534       0.00136042
     1.5000000       0.01723794       0.00140116
     1.6000000       0.01448830       0.00120802
     1.7000000       0.01232349       0.00139077
     1.8000000       0.01027446       0.00126288
     1.9000000       0.00767970       0.00145757
     2.0000000       0.00544888       0.00139360
     2.1000000       0.00479069       0.00133903
     2.2000000       0.00224261       0.00127293
     2.3000000       0.00366178       0.00144320
     2.4000000       0.00255901       0.00119572
     2.5000000       0.00170450       0.00120540
     2.6000000       0.00116474       0.00134542
     2.7000000       0.00024749       0.00140713
     2.8000000      -0.00033410       0.00130015
     2.9000000      -0.00006745       0.00158255
     3.0000000      -0.00000953       0.00134206
     3.1000000      -0.00006386       0.00138563
     3.2000000       0.00017878       0.00120937
     3.3000000       0.00008712       0.00125287
     3.4000000       0.00156266       0.00106885
     3.5000000       0.00108241       0.00121854
     3.6000000      -0.00026605       0.00137166
     3.7000000       0.00094533       0.00130545
     3.8000000       0.00049944       0.00136101
     3.9000000      -0.00033020       0.00137400
     4.0000000       0.00011809       0.00117303
     4.1000000       0.00041507       0.00128849
     4.2000000       0.00014715       0.00119067
     4.3000000       0.00133800       0.00127207
     4.4000000      -0.00026021       0.00133384
     4.5000000      -0.00080459       0.00132175
     4.6000000       0.00016736       0.00130170
     4.7000000      -0.00084419       0.00140811
     4.8000000       0.00083045       0.00131423
     4.9000000       0.00014719       0.00120535
     5.0000000      -0.00134876       0.00130584
     5.1000000       0.00019314       0.00143499
     5.2000000       0.00194442       0.00136468
     5.3000000       0.00432433       0.00144094
     5.4000000       0.00581475       0.00124458
     5.5000000       0.00745673       0.00138145
     5.6000000       0.01066587       0.00166559
     5.7000000       0.01530965       0.00150525
     5.8000000       0.02034634       0.00139156
     5.9000000       0.02997457       0.00147902
     6.0000000       0.04905528       0.00137153
