     0.0000000       0.21174723       0.01073773
     0.1000000       0.14002686       0.00658456
     0.2000000       0.10374612       0.00423310
     0.3000000       0.08039438       0.00319394
     0.4000000       0.06102840       0.00321491
     0.5000000       0.04458841       0.00495673
     0.6000000       0.03650198       0.00604190
     0.7000000       0.02785476       0.00340733
     0.8000000       0.02182147       0.00689926
     0.9000000       0.02897732       0.00658503
     1.0000000       0.01683734       0.00333157
     1.1000000       0.01221475       0.00307243
     1.2000000       0.00839621       0.00495976
     1.3000000       0.01251623       0.00282333
     1.4000000       0.01379842       0.00214693
     1.5000000       0.01097942       0.00469927
     1.6000000       0.01948639       0.00417922
     1.7000000       0.02347406       0.00798811
     1.8000000       0.01535068       0.00334907
     1.9000000       0.01394691       0.00359790
     2.0000000       0.01096644       0.00718820
     2.1000000       0.01376654       0.00563205
     2.2000000       0.02217796       0.00474217
     2.3000000       0.02345358       0.00547777
     2.4000000       0.01956842       0.00650314
     2.5000000       0.03275092       0.00693370
     2.6000000       0.05702851       0.00533515
     2.7000000       0.07000095       0.00640005
     2.8000000       0.09948381       0.00681593
     2.9000000       0.15261386       0.00773908
     3.0000000       0.21174723       0.01073773
