     0.0000000       0.39000895       0.01061821
     0.1000000       0.23046632       0.01024315
     0.2000000       0.15765465       0.00631497
     0.3000000       0.11326121       0.00613504
     0.4000000       0.08996989       0.00717666
     0.5000000       0.08270426       0.00764292
     0.6000000       0.09081337       0.00680779
     0.7000000       0.11102098       0.00728448
     0.8000000       0.15273678       0.00728538
     0.9000000       0.23105825       0.00849768
     1.0000000       0.39000895       0.01061821
