     0.0000000       0.18755607       0.00751316
     0.1000000       0.13457055       0.00593371
     0.2000000       0.09848445       0.00503979
     0.3000000       0.07326948       0.00466141
     0.4000000       0.05602805       0.00442813
     0.5000000       0.04330461       0.00449843
     0.6000000       0.03339586       0.00448095
     0.7000000       0.02650930       0.00468009
     0.8000000       0.02121279       0.00512950
     0.9000000       0.01581662       0.00465807
     1.0000000       0.01220377       0.00420456
     1.1000000       0.01011531       0.00421101
     1.2000000       0.00871793       0.00407407
     1.3000000       0.00809615       0.00411439
     1.4000000       0.00752837       0.00435379
     1.5000000       0.00671590       0.00475794
     1.6000000       0.00664528       0.00605157
     1.7000000       0.00836447       0.00857168
     1.8000000       0.01034744       0.01135807
     1.9000000       0.00911486       0.01090089
     2.0000000       0.00472858       0.00730199
     2.1000000       0.00081070       0.00455354
     2.2000000      -0.00168124       0.00362105
     2.3000000      -0.00259952       0.00350482
     2.4000000      -0.00237741       0.00348499
     2.5000000      -0.00218589       0.00354707
     2.6000000      -0.00243474       0.00360647
     2.7000000      -0.00248609       0.00358198
     2.8000000      -0.00198041       0.00349359
     2.9000000      -0.00185147       0.00341824
     3.0000000      -0.00224642       0.00336763
     3.1000000      -0.00295079       0.00332542
     3.2000000      -0.00313528       0.00331802
     3.3000000      -0.00317271       0.00346893
     3.4000000      -0.00434339       0.00457910
     3.5000000      -0.00558930       0.00638580
     3.6000000      -0.00694115       0.00734476
     3.7000000      -0.00894822       0.00854121
     3.8000000      -0.00901363       0.00895124
     3.9000000      -0.00748055       0.00796194
     4.0000000      -0.00647299       0.00729360
     4.1000000      -0.00489666       0.00656888
     4.2000000      -0.00320402       0.00571714
     4.3000000      -0.00345609       0.00579367
     4.4000000      -0.00382954       0.00623421
     4.5000000      -0.00234573       0.00620881
     4.6000000      -0.00128901       0.00649189
     4.7000000      -0.00080746       0.00732413
     4.8000000       0.00144431       0.00737775
     4.9000000       0.00532444       0.00657338
     5.0000000       0.00968616       0.00613458
     5.1000000       0.01428876       0.00632363
     5.2000000       0.01914973       0.00645851
     5.3000000       0.02513941       0.00600130
     5.4000000       0.03208538       0.00610373
     5.5000000       0.04096645       0.00650698
     5.6000000       0.05314710       0.00672057
     5.7000000       0.07008527       0.00719188
     5.8000000       0.09597253       0.00713608
     5.9000000       0.13287415       0.00747160
     6.0000000       0.18755607       0.00751316
