     0.0000000       0.31225066       0.00567197
     0.1000000       0.27724411       0.00582040
     0.2000000       0.24837746       0.00567557
     0.3000000       0.22435186       0.00540637
     0.4000000       0.20408907       0.00525725
     0.5000000       0.18690588       0.00532118
     0.6000000       0.17223639       0.00529121
     0.7000000       0.15954771       0.00512138
     0.8000000       0.14805415       0.00470164
     0.9000000       0.13795702       0.00433547
     1.0000000       0.12961920       0.00438566
     1.1000000       0.12212570       0.00433485
     1.2000000       0.11520683       0.00396959
     1.3000000       0.10857329       0.00305462
     1.4000000       0.10212096       0.00200579
     1.5000000       0.09688802       0.00179913
     1.6000000       0.09278034       0.00205191
     1.7000000       0.08915889       0.00231176
     1.8000000       0.08624749       0.00236274
     1.9000000       0.08353955       0.00252123
     2.0000000       0.08112658       0.00261423
     2.1000000       0.07920071       0.00256039
     2.2000000       0.07729444       0.00251490
     2.3000000       0.07537163       0.00231627
     2.4000000       0.07345586       0.00206582
     2.5000000       0.07140168       0.00205224
     2.6000000       0.06918734       0.00222243
     2.7000000       0.06757738       0.00231791
     2.8000000       0.06681675       0.00216396
     2.9000000       0.06616753       0.00200883
     3.0000000       0.06588768       0.00197962
     3.1000000       0.06628608       0.00204576
     3.2000000       0.06688520       0.00215805
     3.3000000       0.06792027       0.00221765
     3.4000000       0.06967938       0.00243054
     3.5000000       0.07168656       0.00297245
     3.6000000       0.07355844       0.00346025
     3.7000000       0.07519102       0.00354202
     3.8000000       0.07685855       0.00359260
     3.9000000       0.07880765       0.00363728
     4.0000000       0.08090575       0.00344729
     4.1000000       0.08333767       0.00320086
     4.2000000       0.08613661       0.00305775
     4.3000000       0.08920695       0.00290614
     4.4000000       0.09271055       0.00266423
     4.5000000       0.09704778       0.00255958
     4.6000000       0.10210558       0.00261117
     4.7000000       0.10752871       0.00266721
     4.8000000       0.11394010       0.00296821
     4.9000000       0.12108084       0.00334172
     5.0000000       0.12862340       0.00347495
     5.1000000       0.13624704       0.00307418
     5.2000000       0.14452512       0.00271601
     5.3000000       0.15517398       0.00277361
     5.4000000       0.16848686       0.00298310
     5.5000000       0.18388719       0.00337471
     5.6000000       0.20102781       0.00369590
     5.7000000       0.22093958       0.00395646
     5.8000000       0.24549898       0.00466958
     5.9000000       0.27548912       0.00531660
     6.0000000       0.31225066       0.00567197
