     0.0000000       0.25953774       0.00052948
     0.1000000       0.25576331       0.00051980
     0.2000000       0.26234945       0.00051212
     0.3000000       0.27763233       0.00058356
     0.4000000       0.30151724       0.00067066
     0.5000000       0.33490903       0.00069411
     0.6000000       0.37888244       0.00076534
     0.7000000       0.43630910       0.00076514
     0.8000000       0.50992440       0.00079309
     0.9000000       0.60889009       0.00072316
     1.0000000       0.74046226       0.00052948
