     0.0000000       0.54197771       0.00635136
     0.1000000       0.46740535       0.00614149
     0.2000000       0.41078491       0.00603077
     0.3000000       0.36687004       0.00595887
     0.4000000       0.33220069       0.00600353
     0.5000000       0.30470793       0.00625788
     0.6000000       0.28298235       0.00671018
     0.7000000       0.26596656       0.00740102
     0.8000000       0.25173629       0.00753221
     0.9000000       0.23909928       0.00667969
     1.0000000       0.22879406       0.00577681
     1.1000000       0.22066937       0.00502875
     1.2000000       0.21413429       0.00437412
     1.3000000       0.20966145       0.00418266
     1.4000000       0.20749788       0.00440667
     1.5000000       0.20717033       0.00471252
     1.6000000       0.20821934       0.00500627
     1.7000000       0.21080884       0.00536860
     1.8000000       0.21498722       0.00554827
     1.9000000       0.22038345       0.00522163
     2.0000000       0.22778381       0.00509652
     2.1000000       0.23712574       0.00499979
     2.2000000       0.24858864       0.00469402
     2.3000000       0.26368343       0.00479863
     2.4000000       0.28295497       0.00533525
     2.5000000       0.30650445       0.00603419
     2.6000000       0.33456053       0.00643755
     2.7000000       0.36864317       0.00638784
     2.8000000       0.41195563       0.00633058
     2.9000000       0.46814605       0.00640349
     3.0000000       0.54197771       0.00635136
