     0.0000000       0.74393109       0.02214947
     0.1000000       0.63036757       0.02294498
     0.2000000       0.54449057       0.02086587
     0.3000000       0.47889329       0.01830633
     0.4000000       0.42749429       0.01591130
     0.5000000       0.38645129       0.01436040
     0.6000000       0.35310891       0.01352912
     0.7000000       0.32613459       0.01340182
     0.8000000       0.30376068       0.01369000
     0.9000000       0.28429794       0.01411359
     1.0000000       0.26834801       0.01528435
     1.1000000       0.25581287       0.01698275
     1.2000000       0.24527919       0.01869849
     1.3000000       0.23457034       0.01898476
     1.4000000       0.22298932       0.01725444
     1.5000000       0.21179449       0.01490556
     1.6000000       0.20202059       0.01281735
     1.7000000       0.19379008       0.01131057
     1.8000000       0.18722705       0.01050049
     1.9000000       0.18198258       0.01012755
     2.0000000       0.17776826       0.01000939
     2.1000000       0.17478979       0.01039529
     2.2000000       0.17196418       0.01077471
     2.3000000       0.16895183       0.01075007
     2.4000000       0.16611459       0.01048993
     2.5000000       0.16346330       0.01019253
     2.6000000       0.16119646       0.00992264
     2.7000000       0.15960369       0.00967147
     2.8000000       0.15845328       0.00934264
     2.9000000       0.15734875       0.00880804
     3.0000000       0.15669138       0.00832379
     3.1000000       0.15679857       0.00811133
     3.2000000       0.15730125       0.00799636
     3.3000000       0.15796713       0.00787031
     3.4000000       0.15953156       0.00814054
     3.5000000       0.16159841       0.00864936
     3.6000000       0.16376363       0.00905638
     3.7000000       0.16593539       0.00882304
     3.8000000       0.16820452       0.00827730
     3.9000000       0.17170731       0.00826630
     4.0000000       0.17589601       0.00826580
     4.1000000       0.18007882       0.00801166
     4.2000000       0.18500132       0.00813737
     4.3000000       0.19095276       0.00869466
     4.4000000       0.19784662       0.00924491
     4.5000000       0.20564618       0.00956391
     4.6000000       0.21458994       0.00995188
     4.7000000       0.22545364       0.01098373
     4.8000000       0.23828206       0.01243119
     4.9000000       0.25224145       0.01360050
     5.0000000       0.26763010       0.01462004
     5.1000000       0.28533445       0.01589901
     5.2000000       0.30498535       0.01658615
     5.3000000       0.32702427       0.01650114
     5.4000000       0.35350841       0.01632323
     5.5000000       0.38592236       0.01630214
     5.6000000       0.42539633       0.01641593
     5.7000000       0.47487860       0.01667201
     5.8000000       0.53959098       0.01797552
     5.9000000       0.62574608       0.01973221
     6.0000000       0.74393109       0.02214947
