     0.0000000       0.50000000       0.00000000
     0.1000000       0.41872871       0.00041124
     0.2000000       0.36536071       0.00049170
     0.3000000       0.33171141       0.00055269
     0.4000000       0.31336907       0.00059010
     0.5000000       0.30800095       0.00058367
     0.6000000       0.31387541       0.00058633
     0.7000000       0.33274024       0.00052818
     0.8000000       0.36525377       0.00051672
     0.9000000       0.41900840       0.00038618
     1.0000000       0.50000000       0.00000000
