     0.0000000       0.27543185       0.00838126
     0.1000000       0.19169097       0.00753967
     0.2000000       0.15011848       0.00308523
     0.3000000       0.11969193       0.00309047
     0.4000000       0.10142110       0.00471825
     0.5000000       0.09603535       0.00534532
     0.6000000       0.10137257       0.00396738
     0.7000000       0.11645333       0.00526591
     0.8000000       0.14308088       0.00449479
     0.9000000       0.18884267       0.00637850
     1.0000000       0.27543185       0.00838126
