     0.0000000       0.25970214       0.00050966
     0.1000000       0.25577493       0.00050589
     0.2000000       0.26203981       0.00052837
     0.3000000       0.27731574       0.00062220
     0.4000000       0.30104473       0.00068146
     0.5000000       0.33409556       0.00069284
     0.6000000       0.37785624       0.00077415
     0.7000000       0.43541408       0.00076542
     0.8000000       0.50911252       0.00077999
     0.9000000       0.60831343       0.00070464
     1.0000000       0.74029786       0.00050966
