     0.0000000       0.12757700       0.00131872
     0.1000000       0.10597088       0.00125015
     0.2000000       0.09183288       0.00129683
     0.3000000       0.08346210       0.00123967
     0.4000000       0.07906487       0.00113672
     0.5000000       0.07625313       0.00111698
     0.6000000       0.07498716       0.00123938
     0.7000000       0.07583333       0.00119338
     0.8000000       0.07781144       0.00124090
     0.9000000       0.07954565       0.00116631
     1.0000000       0.08421143       0.00130980
     1.1000000       0.08933313       0.00128745
     1.2000000       0.09566113       0.00131089
     1.3000000       0.10385930       0.00125986
     1.4000000       0.11193966       0.00127426
     1.5000000       0.12153443       0.00127913
     1.6000000       0.13221223       0.00129272
     1.7000000       0.14512419       0.00142237
     1.8000000       0.16124050       0.00157666
     1.9000000       0.18012974       0.00162802
     2.0000000       0.20027360       0.00160643
     2.1000000       0.22606910       0.00155071
     2.2000000       0.25356973       0.00155243
     2.3000000       0.28766661       0.00157366
     2.4000000       0.32934174       0.00153386
     2.5000000       0.37920631       0.00152053
     2.6000000       0.44112436       0.00156808
     2.7000000       0.51680731       0.00151015
     2.8000000       0.60698926       0.00147597
     2.9000000       0.72387659       0.00152141
     3.0000000       0.87242300       0.00131872
