     0.0000000       0.20903935       0.00695046
     0.1000000       0.16673826       0.00502646
     0.2000000       0.14437208       0.00430707
     0.3000000       0.12244874       0.00290908
     0.4000000       0.10764676       0.00421868
     0.5000000       0.10466745       0.00470124
     0.6000000       0.10756907       0.00364092
     0.7000000       0.11946780       0.00488979
     0.8000000       0.13608053       0.00389557
     0.9000000       0.16155636       0.00543617
     1.0000000       0.20903935       0.00695046
