     0.0000000       0.50000000       0.00000000
     0.1000000       0.45122326       0.00087638
     0.2000000       0.41751886       0.00145165
     0.3000000       0.39040071       0.00166622
     0.4000000       0.37005313       0.00181169
     0.5000000       0.35319470       0.00190468
     0.6000000       0.34042652       0.00207885
     0.7000000       0.33105352       0.00215750
     0.8000000       0.32311725       0.00219574
     0.9000000       0.31564864       0.00216583
     1.0000000       0.30980826       0.00220935
     1.1000000       0.30382274       0.00227767
     1.2000000       0.30277373       0.00236977
     1.3000000       0.30039648       0.00242800
     1.4000000       0.29752150       0.00241105
     1.5000000       0.29831134       0.00243020
     1.6000000       0.29783883       0.00241497
     1.7000000       0.29948888       0.00234540
     1.8000000       0.30265857       0.00240572
     1.9000000       0.30685819       0.00230670
     2.0000000       0.30873680       0.00231506
     2.1000000       0.31621792       0.00210187
     2.2000000       0.32265496       0.00201391
     2.3000000       0.33142750       0.00200748
     2.4000000       0.34172459       0.00203403
     2.5000000       0.35397897       0.00193086
     2.6000000       0.37107179       0.00164663
     2.7000000       0.39365410       0.00147094
     2.8000000       0.41813038       0.00130606
     2.9000000       0.45353888       0.00097650
     3.0000000       0.50000000       0.00000000
