     0.0000000       0.87152171       0.00137335
     0.1000000       0.72296513       0.00141125
     0.2000000       0.60828044       0.00160902
     0.3000000       0.51657810       0.00159607
     0.4000000       0.44273249       0.00141978
     0.5000000       0.38209146       0.00138255
     0.6000000       0.33176954       0.00140915
     0.7000000       0.28989341       0.00134653
     0.8000000       0.25549843       0.00144217
     0.9000000       0.22499826       0.00141022
     1.0000000       0.20009031       0.00133180
     1.1000000       0.17840701       0.00128146
     1.2000000       0.15997911       0.00122204
     1.3000000       0.14568732       0.00130061
     1.4000000       0.13160518       0.00131518
     1.5000000       0.12060849       0.00131629
     1.6000000       0.11037774       0.00135429
     1.7000000       0.10192478       0.00139587
     1.8000000       0.09502286       0.00139675
     1.9000000       0.08966594       0.00128460
     2.0000000       0.08452046       0.00116329
     2.1000000       0.08176537       0.00122326
     2.2000000       0.07825806       0.00127271
     2.3000000       0.07929030       0.00124583
     2.4000000       0.07847967       0.00126777
     2.5000000       0.07825898       0.00124592
     2.6000000       0.08091566       0.00124582
     2.7000000       0.08717129       0.00116810
     2.8000000       0.09390091       0.00128054
     2.9000000       0.10865237       0.00129068
     3.0000000       0.12847829       0.00137335
