     0.0000000       0.95477457       0.00076929
     0.1000000       0.65861944       0.00082051
     0.2000000       0.46029713       0.00092131
     0.3000000       0.32617441       0.00085327
     0.4000000       0.23360249       0.00074533
     0.5000000       0.16931174       0.00075880
     0.6000000       0.12501593       0.00076652
     0.7000000       0.09304380       0.00072845
     0.8000000       0.07007888       0.00075182
     0.9000000       0.05396855       0.00065542
     1.0000000       0.04179030       0.00067576
     1.1000000       0.03332762       0.00061804
     1.2000000       0.02678121       0.00062873
     1.3000000       0.02231262       0.00066911
     1.4000000       0.01874436       0.00065687
     1.5000000       0.01605349       0.00059465
     1.6000000       0.01407850       0.00059950
     1.7000000       0.01182492       0.00058844
     1.8000000       0.01143691       0.00066442
     1.9000000       0.01055425       0.00062063
     2.0000000       0.00936052       0.00057856
     2.1000000       0.00986818       0.00062657
     2.2000000       0.01014481       0.00068685
     2.3000000       0.01048013       0.00064901
     2.4000000       0.01033738       0.00063658
     2.5000000       0.01142489       0.00058573
     2.6000000       0.01339335       0.00068316
     2.7000000       0.01743654       0.00058335
     2.8000000       0.02296237       0.00067499
     2.9000000       0.03192275       0.00068658
     3.0000000       0.04522543       0.00076929
