     0.0000000       0.81760514       0.00904032
     0.1000000       0.70269602       0.01011165
     0.2000000       0.62908492       0.01000860
     0.3000000       0.58222386       0.00862990
     0.4000000       0.55674964       0.00768509
     0.5000000       0.54871796       0.00716013
     0.6000000       0.55633219       0.00691608
     0.7000000       0.58104133       0.00700164
     0.8000000       0.62662721       0.00743133
     0.9000000       0.70072478       0.00816643
     1.0000000       0.81760514       0.00904032
