     0.0000000       0.81774294       0.00883292
     0.1000000       0.70260783       0.00989019
     0.2000000       0.62889868       0.00967270
     0.3000000       0.58206929       0.00822234
     0.4000000       0.55665114       0.00727491
     0.5000000       0.54877002       0.00683238
     0.6000000       0.55651573       0.00670183
     0.7000000       0.58111150       0.00676083
     0.8000000       0.62667066       0.00715111
     0.9000000       0.70090801       0.00793786
     1.0000000       0.81774294       0.00883292
