     0.0000000       0.04191621       0.00816849
     0.1000000       0.03889817       0.00606554
     0.2000000       0.04548708       0.00495483
     0.3000000       0.05053375       0.00578816
     0.4000000       0.05916038       0.00628615
     0.5000000       0.04925548       0.00642458
     0.6000000       0.04572068       0.00446380
     0.7000000       0.04864381       0.00516760
     0.8000000       0.05260929       0.00481012
     0.9000000       0.04590518       0.00448952
     1.0000000       0.04815475       0.00469782
     1.1000000       0.04016006       0.00336807
     1.2000000       0.03809822       0.00414686
     1.3000000       0.03935189       0.00510004
     1.4000000       0.04577244       0.00394122
     1.5000000       0.05094373       0.00546616
     1.6000000       0.05172651       0.00562219
     1.7000000       0.05050369       0.00569956
     1.8000000       0.05267262       0.00639141
     1.9000000       0.04742559       0.00651303
     2.0000000       0.05411707       0.00649688
     2.1000000       0.03903498       0.00481730
     2.2000000       0.04594009       0.00512936
     2.3000000       0.04726559       0.00443396
     2.4000000       0.03792460       0.00464080
     2.5000000       0.04261690       0.00615967
     2.6000000       0.04401810       0.00562269
     2.7000000       0.03601423       0.00951844
     2.8000000       0.03547878       0.01038846
     2.9000000       0.05097630       0.00735002
     3.0000000       0.04191621       0.00816849
