     0.0000000       0.30842216       0.00817652
     0.1000000       0.18269211       0.00554191
     0.2000000       0.11571154       0.00541075
     0.3000000       0.07472877       0.00395300
     0.4000000       0.05941788       0.00411068
     0.5000000       0.04182019       0.00549589
     0.6000000       0.03408368       0.00626597
     0.7000000       0.02593064       0.00611919
     0.8000000       0.01709411       0.00289549
     0.9000000       0.01033109       0.00242807
     1.0000000       0.00449936       0.00486225
     1.1000000       0.00440429       0.00321110
     1.2000000      -0.00263274       0.00732581
     1.3000000       0.00731183       0.00229660
     1.4000000       0.01495549       0.00587058
     1.5000000       0.01165828       0.00344179
     1.6000000       0.01561729       0.00516335
     1.7000000       0.01252143       0.00482447
     1.8000000       0.00620069       0.00214789
     1.9000000       0.00456871       0.00398145
     2.0000000       0.00950350       0.00501139
     2.1000000       0.01410334       0.00433281
     2.2000000       0.02213067       0.00310216
     2.3000000       0.02316499       0.00288862
     2.4000000       0.02267861       0.00308576
     2.5000000       0.03532110       0.00538822
     2.6000000       0.05898619       0.00739443
     2.7000000       0.07385399       0.00492536
     2.8000000       0.11112436       0.00737404
     2.9000000       0.19714042       0.00660035
     3.0000000       0.30842216       0.00817652
