     0.0000000       0.27924740       0.01444723
     0.1000000       0.17510982       0.01353243
     0.2000000       0.11077137       0.01269365
     0.3000000       0.07139944       0.01196939
     0.4000000       0.04854935       0.01134211
     0.5000000       0.03477423       0.01098169
     0.6000000       0.02377024       0.01098061
     0.7000000       0.01419543       0.01116637
     0.8000000       0.00609623       0.01128957
     0.9000000       0.00264819       0.01119921
     1.0000000       0.00283349       0.01066070
     1.1000000       0.00434526       0.00994857
     1.2000000       0.00718209       0.00919881
     1.3000000       0.00720179       0.00877720
     1.4000000       0.00470571       0.00879824
     1.5000000       0.00339776       0.00898567
     1.6000000       0.00092465       0.00900742
     1.7000000      -0.00249082       0.00887989
     1.8000000      -0.00336453       0.00883805
     1.9000000      -0.00269752       0.00902815
     2.0000000      -0.00174154       0.00909754
     2.1000000       0.00200316       0.00915254
     2.2000000       0.00754553       0.00945858
     2.3000000       0.01210090       0.00998434
     2.4000000       0.01854513       0.01066932
     2.5000000       0.02878756       0.01176805
     2.6000000       0.04420334       0.01358520
     2.7000000       0.06902632       0.01521497
     2.8000000       0.10823953       0.01564123
     2.9000000       0.17251242       0.01523219
     3.0000000       0.27924740       0.01444723
