     0.0000000       0.81118136       0.00058602
     0.1000000       0.63365300       0.00071462
     0.2000000       0.50462962       0.00071881
     0.3000000       0.40904084       0.00069534
     0.4000000       0.33847585       0.00066340
     0.5000000       0.28629809       0.00066026
     0.6000000       0.24679876       0.00060556
     0.7000000       0.21887537       0.00053888
     0.8000000       0.19880705       0.00054794
     0.9000000       0.18930662       0.00053068
     1.0000000       0.18881864       0.00058602
