     0.0000000       0.16414081       0.00683844
     0.1000000       0.15083601       0.00684735
     0.2000000       0.14130419       0.00684536
     0.3000000       0.13510200       0.00680734
     0.4000000       0.13160041       0.00676143
     0.5000000       0.13042547       0.00674231
     0.6000000       0.13160468       0.00674210
     0.7000000       0.13514095       0.00675780
     0.8000000       0.14131231       0.00678756
     0.9000000       0.15063419       0.00681906
     1.0000000       0.16414081       0.00683844
