     0.0000000       0.71088995       0.00630413
     0.1000000       0.62324936       0.00700082
     0.2000000       0.56456354       0.00688223
     0.3000000       0.52619470       0.00595663
     0.4000000       0.50482492       0.00530571
     0.5000000       0.49806638       0.00500716
     0.6000000       0.50471097       0.00492434
     0.7000000       0.52550285       0.00493835
     0.8000000       0.56310083       0.00517595
     0.9000000       0.62224603       0.00570333
     1.0000000       0.71088995       0.00630413
