     0.0000000       0.96703289       0.00158121
     0.1000000       0.62735040       0.00164131
     0.2000000       0.40974683       0.00170241
     0.3000000       0.27195440       0.00168999
     0.4000000       0.18279724       0.00168072
     0.5000000       0.12199685       0.00160056
     0.6000000       0.08377763       0.00154058
     0.7000000       0.05835452       0.00146102
     0.8000000       0.04067317       0.00140239
     0.9000000       0.02749889       0.00145527
     1.0000000       0.02056912       0.00143609
     1.1000000       0.01432778       0.00149229
     1.2000000       0.01067904       0.00154956
     1.3000000       0.00938442       0.00149236
     1.4000000       0.00689628       0.00150574
     1.5000000       0.00552074       0.00137574
     1.6000000       0.00640364       0.00130804
     1.7000000       0.00265127       0.00134625
     1.8000000       0.00227736       0.00133795
     1.9000000       0.00331801       0.00140356
     2.0000000       0.00094500       0.00143647
     2.1000000       0.00002119       0.00139724
     2.2000000      -0.00130970       0.00136395
     2.3000000       0.00060905       0.00156619
     2.4000000       0.00141574       0.00139201
     2.5000000       0.00000129       0.00142874
     2.6000000       0.00083347       0.00142719
     2.7000000       0.00076549       0.00138157
     2.8000000       0.00187048       0.00132187
     2.9000000       0.00063732       0.00122930
     3.0000000      -0.00144674       0.00118846
     3.1000000      -0.00187798       0.00135060
     3.2000000      -0.00057600       0.00139630
     3.3000000      -0.00196148       0.00135922
     3.4000000      -0.00099828       0.00127922
     3.5000000      -0.00011112       0.00131145
     3.6000000       0.00014134       0.00120034
     3.7000000      -0.00106092       0.00130418
     3.8000000      -0.00108021       0.00131183
     3.9000000      -0.00201070       0.00129721
     4.0000000       0.00026459       0.00139298
     4.1000000       0.00134145       0.00137301
     4.2000000       0.00117792       0.00133038
     4.3000000       0.00155674       0.00133309
     4.4000000      -0.00074618       0.00132600
     4.5000000      -0.00023054       0.00139263
     4.6000000      -0.00120392       0.00137877
     4.7000000       0.00096719       0.00139943
     4.8000000       0.00237320       0.00136867
     4.9000000       0.00180247       0.00132759
     5.0000000       0.00280359       0.00131240
     5.1000000       0.00110206       0.00127386
     5.2000000       0.00180279       0.00132489
     5.3000000       0.00202961       0.00139839
     5.4000000       0.00053719       0.00137482
     5.5000000       0.00370584       0.00130809
     5.6000000       0.00409705       0.00133610
     5.7000000       0.00863868       0.00135759
     5.8000000       0.01318741       0.00145849
     5.9000000       0.02064418       0.00140036
     6.0000000       0.03296711       0.00158121
