     0.0000000       0.27360131       0.00728524
     0.1000000       0.19016403       0.00799852
     0.2000000       0.14267568       0.00784290
     0.3000000       0.11672483       0.00681508
     0.4000000       0.10346580       0.00612325
     0.5000000       0.09933051       0.00578336
     0.6000000       0.10372724       0.00566056
     0.7000000       0.11747615       0.00573702
     0.8000000       0.14414977       0.00605272
     0.9000000       0.19135233       0.00661009
     1.0000000       0.27360131       0.00728524
