     0.0000000       0.30556456       0.01316374
     0.1000000       0.19436565       0.01378728
     0.2000000       0.13323688       0.01338357
     0.3000000       0.10063921       0.01214913
     0.4000000       0.08459761       0.01128642
     0.5000000       0.07953093       0.01078958
     0.6000000       0.08430053       0.01067362
     0.7000000       0.10191886       0.01088095
     0.8000000       0.13653413       0.01144296
     0.9000000       0.19678638       0.01233356
     1.0000000       0.30556456       0.01316374
