     0.0000000       0.23349156       0.00490535
     0.1000000       0.17999728       0.00438866
     0.2000000       0.14932339       0.00337478
     0.3000000       0.12585577       0.00302791
     0.4000000       0.11247748       0.00334621
     0.5000000       0.10690791       0.00368763
     0.6000000       0.11627469       0.00330368
     0.7000000       0.12713208       0.00341091
     0.8000000       0.15136363       0.00356421
     0.9000000       0.18089083       0.00370444
     1.0000000       0.23349156       0.00490535
