     0.0000000       0.27866123       0.00630445
     0.1000000       0.17715858       0.00412904
     0.2000000       0.11201134       0.00478908
     0.3000000       0.07901465       0.00402512
     0.4000000       0.05488837       0.00385977
     0.5000000       0.03379990       0.00310276
     0.6000000       0.03013240       0.00362146
     0.7000000       0.01989637       0.00387482
     0.8000000       0.02109779       0.00378380
     0.9000000       0.01472146       0.00334476
     1.0000000       0.01446296       0.00325332
     1.1000000       0.01158227       0.00285047
     1.2000000       0.01191666       0.00336923
     1.3000000       0.01320336       0.00292224
     1.4000000       0.01013413       0.00341371
     1.5000000       0.01311013       0.00399322
     1.6000000       0.00874869       0.00337650
     1.7000000       0.00956572       0.00438876
     1.8000000       0.00952592       0.00476015
     1.9000000       0.01586312       0.00346939
     2.0000000       0.01006936       0.00349422
     2.1000000       0.01141061       0.00348598
     2.2000000       0.01885657       0.00388406
     2.3000000       0.01871806       0.00329560
     2.4000000       0.01902722       0.00378478
     2.5000000       0.02693641       0.00352983
     2.6000000       0.03630328       0.00433968
     2.7000000       0.06248437       0.00379672
     2.8000000       0.10962794       0.00457610
     2.9000000       0.16510139       0.00475202
     3.0000000       0.27866123       0.00630445
