     0.0000000       0.89310018       0.00225484
     0.1000000       0.73818485       0.00234844
     0.2000000       0.61709101       0.00232371
     0.3000000       0.52047735       0.00233970
     0.4000000       0.44286700       0.00232457
     0.5000000       0.37835171       0.00230379
     0.6000000       0.32581528       0.00244456
     0.7000000       0.28012675       0.00247567
     0.8000000       0.24077428       0.00249023
     0.9000000       0.20802708       0.00243491
     1.0000000       0.17973372       0.00243930
     1.1000000       0.15764592       0.00229372
     1.2000000       0.13590299       0.00219031
     1.3000000       0.11746343       0.00232938
     1.4000000       0.10324484       0.00206818
     1.5000000       0.08844767       0.00214777
     1.6000000       0.07789710       0.00219314
     1.7000000       0.06621333       0.00208153
     1.8000000       0.05778596       0.00197359
     1.9000000       0.05305450       0.00197105
     2.0000000       0.04405467       0.00211810
     2.1000000       0.04176278       0.00210532
     2.2000000       0.03577040       0.00214041
     2.3000000       0.03495596       0.00234892
     2.4000000       0.03198103       0.00236281
     2.5000000       0.02902516       0.00213126
     2.6000000       0.02339926       0.00220539
     2.7000000       0.02049789       0.00205312
     2.8000000       0.01956328       0.00200013
     2.9000000       0.01894423       0.00198397
     3.0000000       0.01683716       0.00191442
     3.1000000       0.01360631       0.00196332
     3.2000000       0.01302267       0.00193199
     3.3000000       0.00933589       0.00209393
     3.4000000       0.01033320       0.00200078
     3.5000000       0.00769709       0.00201827
     3.6000000       0.00897757       0.00214056
     3.7000000       0.00894238       0.00213943
     3.8000000       0.00882807       0.00193394
     3.9000000       0.00831750       0.00206416
     4.0000000       0.00934025       0.00215125
     4.1000000       0.00888952       0.00185126
     4.2000000       0.00746490       0.00192475
     4.3000000       0.00901309       0.00191050
     4.4000000       0.00768154       0.00194621
     4.5000000       0.00626042       0.00200405
     4.6000000       0.00884696       0.00224934
     4.7000000       0.00727450       0.00202573
     4.8000000       0.00980990       0.00194537
     4.9000000       0.01136060       0.00199365
     5.0000000       0.01376169       0.00189200
     5.1000000       0.01698063       0.00199251
     5.2000000       0.01926943       0.00183240
     5.3000000       0.02416588       0.00207549
     5.4000000       0.02918090       0.00223455
     5.5000000       0.03337713       0.00227751
     5.6000000       0.04138194       0.00225417
     5.7000000       0.04917113       0.00219109
     5.8000000       0.05952224       0.00201909
     5.9000000       0.07800757       0.00220388
     6.0000000       0.10689982       0.00225484
