     0.0000000       0.05628707       0.00081849
     0.1000000       0.04022135       0.00081818
     0.2000000       0.03023271       0.00087412
     0.3000000       0.02433842       0.00077097
     0.4000000       0.02028108       0.00073640
     0.5000000       0.01740940       0.00072094
     0.6000000       0.01544581       0.00068289
     0.7000000       0.01530090       0.00065632
     0.8000000       0.01549801       0.00075372
     0.9000000       0.01533105       0.00068790
     1.0000000       0.01641967       0.00079747
     1.1000000       0.01818856       0.00077913
     1.2000000       0.01977614       0.00080335
     1.3000000       0.02102356       0.00074329
     1.4000000       0.02384998       0.00069817
     1.5000000       0.02718979       0.00070314
     1.6000000       0.03027275       0.00075714
     1.7000000       0.03659100       0.00081010
     1.8000000       0.04484500       0.00077641
     1.9000000       0.05487515       0.00074410
     2.0000000       0.06608416       0.00072405
     2.1000000       0.08288933       0.00070016
     2.2000000       0.10334305       0.00080121
     2.3000000       0.13076984       0.00084088
     2.4000000       0.16934048       0.00082423
     2.5000000       0.21899897       0.00086239
     2.6000000       0.28818731       0.00089327
     2.7000000       0.38187089       0.00092870
     2.8000000       0.50816750       0.00091193
     2.9000000       0.68878095       0.00094559
     3.0000000       0.94371293       0.00081849
