     0.0000000       0.32960771       0.00354542
     0.1000000       0.31164634       0.00347515
     0.2000000       0.29628916       0.00340021
     0.3000000       0.28296529       0.00329006
     0.4000000       0.27149214       0.00316211
     0.5000000       0.26162625       0.00303340
     0.6000000       0.25304824       0.00291898
     0.7000000       0.24565995       0.00281376
     0.8000000       0.23931918       0.00270510
     0.9000000       0.23396623       0.00261234
     1.0000000       0.22969021       0.00255343
     1.1000000       0.22632070       0.00250921
     1.2000000       0.22374120       0.00246606
     1.3000000       0.22186098       0.00242511
     1.4000000       0.22072253       0.00238488
     1.5000000       0.22039798       0.00236024
     1.6000000       0.22076509       0.00233528
     1.7000000       0.22192137       0.00231847
     1.8000000       0.22393914       0.00233288
     1.9000000       0.22675513       0.00238032
     2.0000000       0.23044858       0.00245273
     2.1000000       0.23501793       0.00252566
     2.2000000       0.24037477       0.00259214
     2.3000000       0.24673606       0.00270441
     2.4000000       0.25423792       0.00282779
     2.5000000       0.26289933       0.00296620
     2.6000000       0.27286641       0.00315402
     2.7000000       0.28429975       0.00335998
     2.8000000       0.29724306       0.00352301
     2.9000000       0.31207892       0.00357808
     3.0000000       0.32960771       0.00354542
