     0.0000000       0.58800569       0.00429749
     0.1000000       0.54263193       0.00457808
     0.2000000       0.51054424       0.00454706
     0.3000000       0.48876922       0.00418810
     0.4000000       0.47627054       0.00391704
     0.5000000       0.47224521       0.00379465
     0.6000000       0.47622440       0.00376092
     0.7000000       0.48846153       0.00375936
     0.8000000       0.50991077       0.00384425
     0.9000000       0.54223091       0.00405214
     1.0000000       0.58800569       0.00429749
