     0.0000000       1.40972899       0.02819855
     0.1000000       1.21039111       0.02693850
     0.2000000       1.07303036       0.02546765
     0.3000000       0.97371068       0.02420476
     0.4000000       0.89958193       0.02355090
     0.5000000       0.84318271       0.02317945
     0.6000000       0.79978733       0.02312890
     0.7000000       0.76703205       0.02427655
     0.8000000       0.74016731       0.02518086
     0.9000000       0.71497025       0.02338163
     1.0000000       0.69526140       0.02129767
     1.1000000       0.68129246       0.02014660
     1.2000000       0.67128582       0.01988008
     1.3000000       0.66414346       0.02024738
     1.4000000       0.66052839       0.02068768
     1.5000000       0.66087843       0.02150922
     1.6000000       0.66293522       0.02199326
     1.7000000       0.66896195       0.02295262
     1.8000000       0.67734419       0.02336174
     1.9000000       0.68718454       0.02276632
     2.0000000       0.70073705       0.02271173
     2.1000000       0.71657670       0.02166866
     2.2000000       0.73675942       0.02048933
     2.3000000       0.76469344       0.02090469
     2.4000000       0.80122737       0.02261989
     2.5000000       0.84808313       0.02533389
     2.6000000       0.90592942       0.02792117
     2.7000000       0.97854731       0.02935068
     2.8000000       1.07531347       0.02993323
     2.9000000       1.21083714       0.02953140
     3.0000000       1.40972899       0.02819855
