     0.0000000       0.31860179       0.01727178
     0.1000000       0.17682095       0.01821629
     0.2000000       0.10384457       0.01592109
     0.3000000       0.06538998       0.01289916
     0.4000000       0.04434659       0.01042015
     0.5000000       0.03173752       0.00942740
     0.6000000       0.02340969       0.00910767
     0.7000000       0.01510622       0.00963551
     0.8000000       0.00774280       0.01110441
     0.9000000       0.00710855       0.01059926
     1.0000000       0.01128468       0.00926340
     1.1000000       0.01186663       0.00885305
     1.2000000       0.00421166       0.01172316
     1.3000000      -0.00624575       0.01691125
     1.4000000      -0.01016901       0.01641140
     1.5000000      -0.00833270       0.01248484
     1.6000000      -0.00564494       0.01034466
     1.7000000      -0.00309975       0.00919101
     1.8000000      -0.00116174       0.00844228
     1.9000000      -0.00055028       0.00781670
     2.0000000       0.00028505       0.00754995
     2.1000000       0.00239299       0.00764205
     2.2000000       0.00324950       0.00775217
     2.3000000       0.00272338       0.00796467
     2.4000000       0.00205268       0.00835271
     2.5000000       0.00248271       0.00877926
     2.6000000       0.00092719       0.00840816
     2.7000000      -0.00243581       0.00772904
     2.8000000      -0.00356466       0.00756124
     2.9000000      -0.00291785       0.00741576
     3.0000000      -0.00210176       0.00712764
     3.1000000      -0.00175390       0.00699326
     3.2000000      -0.00135869       0.00694017
     3.3000000      -0.00175363       0.00697295
     3.4000000      -0.00217279       0.00703403
     3.5000000      -0.00234701       0.00726964
     3.6000000      -0.00294927       0.00785517
     3.7000000      -0.00149009       0.00809583
     3.8000000       0.00067083       0.00812417
     3.9000000       0.00178406       0.00809299
     4.0000000       0.00217787       0.00826488
     4.1000000       0.00148017       0.00863121
     4.2000000       0.00040232       0.00898305
     4.3000000      -0.00247946       0.00952077
     4.4000000      -0.00635317       0.01035731
     4.5000000      -0.00860169       0.01175129
     4.6000000      -0.01078239       0.01391842
     4.7000000      -0.01465584       0.01602733
     4.8000000      -0.01719634       0.01711701
     4.9000000      -0.01629495       0.01776297
     5.0000000      -0.01322144       0.01838780
     5.1000000      -0.00827523       0.01852317
     5.2000000      -0.00346723       0.01873721
     5.3000000       0.00127367       0.01921994
     5.4000000       0.01114407       0.01783222
     5.5000000       0.02589769       0.01524627
     5.6000000       0.04243852       0.01369350
     5.7000000       0.06697191       0.01302512
     5.8000000       0.10841283       0.01401108
     5.9000000       0.18301238       0.01530060
     6.0000000       0.31860179       0.01727178
