     0.0000000       0.28385455       0.00921027
     0.1000000       0.20159747       0.00907041
     0.2000000       0.15426221       0.00893579
     0.3000000       0.12756429       0.00885660
     0.4000000       0.11301184       0.00883441
     0.5000000       0.10754765       0.00889373
     0.6000000       0.11162343       0.00895969
     0.7000000       0.12568677       0.00904255
     0.8000000       0.15292959       0.00918887
     0.9000000       0.20140676       0.00926183
     1.0000000       0.28385455       0.00921027
