     0.0000000       0.33317147       0.05549997
     0.1000000       0.16399828       0.05386102
     0.2000000       0.08146470       0.04576239
     0.3000000       0.03859855       0.03719768
     0.4000000       0.01692190       0.03007865
     0.5000000       0.00768510       0.02576095
     0.6000000       0.00676217       0.02318923
     0.7000000       0.00977881       0.02228346
     0.8000000       0.00956580       0.02149957
     0.9000000       0.00562786       0.02062467
     1.0000000      -0.00321353       0.02567486
     1.1000000      -0.01274363       0.03096815
     1.2000000      -0.01434705       0.02924996
     1.3000000      -0.00640409       0.02206393
     1.4000000      -0.00998493       0.02016490
     1.5000000      -0.02264309       0.02342523
     1.6000000      -0.02645094       0.02574101
     1.7000000      -0.02590707       0.02834785
     1.8000000      -0.02651720       0.03168565
     1.9000000      -0.02731612       0.03450369
     2.0000000      -0.02636061       0.03601719
     2.1000000      -0.02760571       0.03782734
     2.2000000      -0.02952942       0.03918561
     2.3000000      -0.02777269       0.03822477
     2.4000000      -0.02512598       0.03589532
     2.5000000      -0.02308957       0.03270854
     2.6000000      -0.02451149       0.03051976
     2.7000000      -0.02788952       0.02891246
     2.8000000      -0.02898693       0.02692538
     2.9000000      -0.02455954       0.02377686
     3.0000000      -0.01884069       0.02137797
     3.1000000      -0.01670607       0.02105293
     3.2000000      -0.01674014       0.02163218
     3.3000000      -0.01842829       0.02359863
     3.4000000      -0.02144892       0.02685490
     3.5000000      -0.02299470       0.03029826
     3.6000000      -0.02435468       0.03248526
     3.7000000      -0.02421143       0.03179819
     3.8000000      -0.02248546       0.03035886
     3.9000000      -0.02300718       0.03002004
     4.0000000      -0.02295409       0.03006422
     4.1000000      -0.02068984       0.02963803
     4.2000000      -0.01885755       0.02979807
     4.3000000      -0.01780054       0.03060979
     4.4000000      -0.01743919       0.03152119
     4.5000000      -0.01685216       0.03216454
     4.6000000      -0.01842522       0.03280655
     4.7000000      -0.02308695       0.03582753
     4.8000000      -0.02492288       0.03861730
     4.9000000      -0.02355379       0.03922423
     5.0000000      -0.02474130       0.04148040
     5.1000000      -0.02612789       0.04586792
     5.2000000      -0.02522139       0.04863503
     5.3000000      -0.02238396       0.05025920
     5.4000000      -0.01813839       0.05154775
     5.5000000      -0.00931593       0.05132069
     5.6000000       0.00598725       0.04969512
     5.7000000       0.02919735       0.04870615
     5.8000000       0.07449973       0.05062953
     5.9000000       0.16313156       0.05261685
     6.0000000       0.33317147       0.05549997
