     0.0000000       0.16340913       0.00527219
     0.1000000       0.14692393       0.00441688
     0.2000000       0.14365405       0.00481685
     0.3000000       0.13461076       0.00408157
     0.4000000       0.12899743       0.00374700
     0.5000000       0.12473422       0.00450678
     0.6000000       0.13517346       0.00449554
     0.7000000       0.13626574       0.00414244
     0.8000000       0.14586288       0.00386161
     0.9000000       0.14883490       0.00381759
     1.0000000       0.16340913       0.00527219
