     0.0000000       0.31061357       0.03231249
     0.1000000       0.19058692       0.00607082
     0.2000000       0.10774942       0.00546321
     0.3000000       0.06307095       0.00484843
     0.4000000       0.02088099       0.01586269
     0.5000000       0.01184314       0.00979625
     0.6000000      -0.00076786       0.01342994
     0.7000000      -0.01265491       0.01933366
     0.8000000      -0.00457347       0.00733408
     0.9000000      -0.00292642       0.00911049
     1.0000000      -0.01154780       0.01426552
     1.1000000      -0.00668682       0.01112870
     1.2000000      -0.02001197       0.02250491
     1.3000000      -0.01384336       0.01602462
     1.4000000      -0.03124870       0.03750411
     1.5000000      -0.00440616       0.01032374
     1.6000000      -0.00561710       0.01093184
     1.7000000      -0.00696970       0.01010445
     1.8000000      -0.01090872       0.01415710
     1.9000000      -0.00481545       0.00614892
     2.0000000      -0.00099401       0.00781406
     2.1000000       0.00236025       0.00371120
     2.2000000      -0.00861717       0.00906560
     2.3000000      -0.00231550       0.00409857
     2.4000000      -0.00081886       0.00549919
     2.5000000       0.00749111       0.00443858
     2.6000000       0.00947707       0.00467592
     2.7000000      -0.00006516       0.00546439
     2.8000000      -0.01024112       0.01473816
     2.9000000       0.00000437       0.00701562
     3.0000000      -0.00174035       0.00470417
     3.1000000      -0.00397950       0.00605593
     3.2000000      -0.00039305       0.00845391
     3.3000000      -0.00132372       0.00566535
     3.4000000       0.00246696       0.00326548
     3.5000000      -0.00731829       0.01235909
     3.6000000      -0.00404640       0.00746755
     3.7000000       0.00600433       0.00562124
     3.8000000       0.00682002       0.00369466
     3.9000000      -0.00223137       0.00663406
     4.0000000       0.00093635       0.00344951
     4.1000000      -0.00299050       0.00416402
     4.2000000       0.00542941       0.00319061
     4.3000000       0.00155020       0.00579711
     4.4000000      -0.00342766       0.00579761
     4.5000000       0.00069259       0.00469828
     4.6000000       0.00086556       0.00364419
     4.7000000      -0.00398262       0.00793529
     4.8000000      -0.00445661       0.00894221
     4.9000000       0.00002172       0.00736103
     5.0000000      -0.00585811       0.01539489
     5.1000000      -0.00764280       0.01985581
     5.2000000      -0.01434949       0.02509293
     5.3000000       0.01103087       0.00518490
     5.4000000       0.00762771       0.01127074
     5.5000000       0.01463024       0.01350329
     5.6000000       0.02315675       0.01793631
     5.7000000       0.05806437       0.01217542
     5.8000000       0.08987803       0.02015134
     5.9000000       0.17492996       0.01841089
     6.0000000       0.31061357       0.03231249
