     0.0000000       0.18433754       0.02275208
     0.1000000       0.11112110       0.02415979
     0.2000000       0.06683502       0.02246180
     0.3000000       0.04044434       0.02025404
     0.4000000       0.02605255       0.01788623
     0.5000000       0.01709237       0.01595877
     0.6000000       0.00980004       0.01567143
     0.7000000       0.00284111       0.01728284
     0.8000000      -0.00227113       0.01882342
     0.9000000      -0.00493909       0.01916732
     1.0000000      -0.00678157       0.01914601
     1.1000000      -0.00893290       0.02010449
     1.2000000      -0.01244535       0.02184414
     1.3000000      -0.01367468       0.02159175
     1.4000000      -0.00943295       0.01723513
     1.5000000      -0.00554321       0.01373763
     1.6000000      -0.00395337       0.01277710
     1.7000000      -0.00190515       0.01123155
     1.8000000       0.00020695       0.00935308
     1.9000000       0.00174827       0.00804061
     2.0000000       0.00186126       0.00788784
     2.1000000       0.00021172       0.00928199
     2.2000000      -0.00085993       0.01083756
     2.3000000       0.00018221       0.01104963
     2.4000000       0.00124731       0.01065199
     2.5000000       0.00158998       0.00987272
     2.6000000       0.00261818       0.00830965
     2.7000000       0.00365716       0.00688877
     2.8000000       0.00351183       0.00642054
     2.9000000       0.00404605       0.00634402
     3.0000000       0.00497854       0.00614430
     3.1000000       0.00477076       0.00556866
     3.2000000       0.00390531       0.00525747
     3.3000000       0.00420087       0.00501988
     3.4000000       0.00492895       0.00481956
     3.5000000       0.00581064       0.00488534
     3.6000000       0.00673652       0.00499276
     3.7000000       0.00626590       0.00478775
     3.8000000       0.00597311       0.00461026
     3.9000000       0.00595850       0.00463579
     4.0000000       0.00602230       0.00479420
     4.1000000       0.00639349       0.00478206
     4.2000000       0.00643648       0.00471962
     4.3000000       0.00549172       0.00487369
     4.4000000       0.00436353       0.00519974
     4.5000000       0.00409648       0.00554494
     4.6000000       0.00502829       0.00578821
     4.7000000       0.00625853       0.00640547
     4.8000000       0.00700307       0.00748011
     4.9000000       0.00771739       0.00857188
     5.0000000       0.00929282       0.00932042
     5.1000000       0.01296705       0.00882449
     5.2000000       0.01810438       0.00813777
     5.3000000       0.02309078       0.00792708
     5.4000000       0.02622679       0.00893881
     5.5000000       0.03001411       0.01111206
     5.6000000       0.03891590       0.01246120
     5.7000000       0.05409898       0.01409508
     5.8000000       0.07837581       0.01700164
     5.9000000       0.11861115       0.01952019
     6.0000000       0.18433754       0.02275208
