     0.0000000       0.28652742       0.00664207
     0.1000000       0.17608799       0.00570929
     0.2000000       0.11167501       0.00473055
     0.3000000       0.07211111       0.00398190
     0.4000000       0.04954941       0.00499657
     0.5000000       0.03472423       0.00444229
     0.6000000       0.02711113       0.00353768
     0.7000000       0.01943482       0.00484461
     0.8000000       0.01472809       0.00592231
     0.9000000       0.00955751       0.00456345
     1.0000000       0.01334489       0.00444119
     1.1000000       0.01160851       0.00476480
     1.2000000       0.01514373       0.00345230
     1.3000000       0.01769208       0.00423088
     1.4000000       0.00978357       0.00508836
     1.5000000       0.01221804       0.00555504
     1.6000000       0.00452786       0.00383175
     1.7000000       0.01397370       0.00453608
     1.8000000       0.01350943       0.00431262
     1.9000000       0.00807769       0.00342497
     2.0000000       0.00705430       0.00426312
     2.1000000       0.01493459       0.00467922
     2.2000000       0.01848653       0.00418431
     2.3000000       0.02284383       0.00453512
     2.4000000       0.02113903       0.00316136
     2.5000000       0.02816972       0.00517767
     2.6000000       0.04469795       0.00384362
     2.7000000       0.06916236       0.00444519
     2.8000000       0.10658100       0.00563636
     2.9000000       0.16614047       0.00494840
     3.0000000       0.28652742       0.00664207
