     0.0000000       0.36254406       0.00978230
     0.1000000       0.21420216       0.00940377
     0.2000000       0.14647034       0.00455755
     0.3000000       0.10484484       0.00447337
     0.4000000       0.08289245       0.00550673
     0.5000000       0.07616742       0.00617970
     0.6000000       0.08448964       0.00496064
     0.7000000       0.10297777       0.00613439
     0.8000000       0.14171317       0.00562191
     0.9000000       0.21453966       0.00723850
     1.0000000       0.36254406       0.00978230
