     0.0000000       0.94459195       0.00082671
     0.1000000       0.68904803       0.00092050
     0.2000000       0.50852806       0.00100905
     0.3000000       0.38083209       0.00092223
     0.4000000       0.28733328       0.00082190
     0.5000000       0.21969190       0.00086638
     0.6000000       0.16989620       0.00081087
     0.7000000       0.13210593       0.00077401
     0.8000000       0.10384952       0.00084270
     0.9000000       0.08374654       0.00079294
     1.0000000       0.06738531       0.00081463
     1.1000000       0.05450648       0.00076759
     1.2000000       0.04482565       0.00075239
     1.3000000       0.03791777       0.00082700
     1.4000000       0.03203606       0.00078634
     1.5000000       0.02804890       0.00068033
     1.6000000       0.02447443       0.00066254
     1.7000000       0.02139283       0.00066732
     1.8000000       0.01895203       0.00069202
     1.9000000       0.01712519       0.00071095
     2.0000000       0.01549107       0.00071270
     2.1000000       0.01605410       0.00071799
     2.2000000       0.01628566       0.00069065
     2.3000000       0.01668321       0.00067878
     2.4000000       0.01690298       0.00069208
     2.5000000       0.01805092       0.00071599
     2.6000000       0.02044724       0.00075050
     2.7000000       0.02527686       0.00071604
     2.8000000       0.03069051       0.00074804
     2.9000000       0.04078090       0.00080380
     3.0000000       0.05540805       0.00082671
