     0.0000000       0.23332442       0.00738844
     0.1000000       0.17674592       0.00672447
     0.2000000       0.15385304       0.00734265
     0.3000000       0.12817688       0.00468344
     0.4000000       0.11074654       0.00329815
     0.5000000       0.10482686       0.00429326
     0.6000000       0.11074807       0.00220000
     0.7000000       0.12290383       0.00433607
     0.8000000       0.14153409       0.00302872
     0.9000000       0.17250931       0.00481204
     1.0000000       0.23332442       0.00738844
