     0.0000000       0.11893386       0.01394001
     0.1000000       0.09410754       0.00533456
     0.2000000       0.06188266       0.00926713
     0.3000000       0.04976371       0.00378506
     0.4000000       0.03593073       0.00629272
     0.5000000       0.03281431       0.00405632
     0.6000000       0.01407292       0.01202982
     0.7000000       0.01417503       0.00932483
     0.8000000       0.01669088       0.00578549
     0.9000000       0.00513771       0.00455554
     1.0000000       0.00720140       0.00407673
     1.1000000       0.00297140       0.00354903
     1.2000000       0.00822743       0.00803056
     1.3000000       0.00990505       0.00394406
     1.4000000       0.00014439       0.00824353
     1.5000000       0.00761474       0.00512427
     1.6000000       0.00293186       0.00401280
     1.7000000      -0.00074797       0.00920968
     1.8000000       0.00466502       0.00929343
     1.9000000      -0.00127647       0.00682251
     2.0000000      -0.00344184       0.00896258
     2.1000000      -0.00533119       0.01117038
     2.2000000      -0.00123176       0.00511477
     2.3000000      -0.00003615       0.00400990
     2.4000000      -0.00630142       0.01069589
     2.5000000      -0.00410102       0.00834104
     2.6000000      -0.01300334       0.01184571
     2.7000000      -0.00515513       0.00809076
     2.8000000      -0.00417836       0.00818972
     2.9000000       0.00075646       0.00295991
     3.0000000       0.00481227       0.00612459
     3.1000000       0.00493398       0.00281894
     3.2000000       0.01101816       0.00951142
     3.3000000       0.00557315       0.00482990
     3.4000000      -0.00235447       0.00321366
     3.5000000       0.00316903       0.00296776
     3.6000000       0.00807316       0.00375057
     3.7000000       0.00824673       0.00829845
     3.8000000       0.00475519       0.00299307
     3.9000000       0.00756234       0.00281197
     4.0000000       0.01119185       0.00470173
     4.1000000       0.01065965       0.00358871
     4.2000000       0.00791064       0.00405012
     4.3000000       0.01216192       0.00843908
     4.4000000       0.00805747       0.00446979
     4.5000000      -0.00094639       0.00368096
     4.6000000      -0.00071047       0.00514761
     4.7000000       0.00484097       0.00643586
     4.8000000       0.00654646       0.00319735
     4.9000000       0.00685113       0.00252782
     5.0000000      -0.00170747       0.00669675
     5.1000000       0.00505740       0.00533715
     5.2000000       0.00207029       0.00863718
     5.3000000       0.00907815       0.00744516
     5.4000000       0.01630922       0.00417892
     5.5000000       0.01716737       0.00420905
     5.6000000       0.02577187       0.00589341
     5.7000000       0.03310302       0.00907933
     5.8000000       0.05569612       0.00688049
     5.9000000       0.08788301       0.00586424
     6.0000000       0.11893386       0.01394001
