     0.0000000       0.08172476       0.11150840
     0.1000000       0.07505273       0.04918937
     0.2000000      -0.00159056       0.08610386
     0.3000000       0.00724662       0.05087938
     0.4000000       0.03382192       0.00602562
     0.5000000      -0.02022664       0.04513584
     0.6000000       0.01978074       0.00341582
     0.7000000       0.02258662       0.00931531
     0.8000000      -0.01075225       0.02217457
     0.9000000      -0.02435285       0.03103407
     1.0000000      -0.00386068       0.00988172
     1.1000000       0.01363277       0.01110169
     1.2000000       0.01637542       0.01036359
     1.3000000       0.01619824       0.01104935
     1.4000000       0.03235692       0.03218434
     1.5000000       0.01024993       0.01027797
     1.6000000       0.03741660       0.03672573
     1.7000000       0.04226298       0.04228730
     1.8000000       0.02980028       0.03283788
     1.9000000       0.03768899       0.04200031
     2.0000000       0.02220239       0.02038519
     2.1000000       0.01476643       0.01098939
     2.2000000      -0.04786373       0.05287069
     2.3000000      -0.02201282       0.02711886
     2.4000000      -0.00530407       0.00694604
     2.5000000      -0.04288030       0.04613288
     2.6000000       0.00810240       0.00994952
     2.7000000      -0.02717917       0.02501897
     2.8000000      -0.03125729       0.02548201
     2.9000000      -0.00559587       0.00341110
     3.0000000       0.03806609       0.04064288
     3.1000000       0.03027499       0.03318642
     3.2000000      -0.00256092       0.00259582
     3.3000000      -0.02599128       0.02087307
     3.4000000      -0.03499615       0.03387978
     3.5000000      -0.02793416       0.02909836
     3.6000000      -0.02019789       0.02081389
     3.7000000      -0.00945995       0.01238631
     3.8000000      -0.03114938       0.02814730
     3.9000000      -0.01449233       0.01791364
     4.0000000       0.02191609       0.02146970
     4.1000000      -0.02999471       0.03014715
     4.2000000       0.00965734       0.01263237
     4.3000000       0.00765585       0.01212768
     4.4000000       0.00004547       0.00794495
     4.5000000       0.02108211       0.01619584
     4.6000000      -0.03690513       0.04175995
     4.7000000      -0.00116913       0.00575002
     4.8000000      -0.03411234       0.03788236
     4.9000000       0.02834850       0.02395090
     5.0000000      -0.01204148       0.02012273
     5.1000000      -0.00270895       0.01483595
     5.2000000      -0.00809255       0.02025600
     5.3000000       0.00652516       0.01176346
     5.4000000       0.00617146       0.01389953
     5.5000000       0.01433402       0.01016476
     5.6000000       0.01229774       0.02626082
     5.7000000       0.06141317       0.00738468
     5.8000000       0.11461208       0.03077499
     5.9000000       0.07576046       0.04952374
     6.0000000       0.08172476       0.11150840
