     0.0000000       0.62529688       0.00533310
     0.1000000       0.56802957       0.00574605
     0.2000000       0.52869097       0.00569474
     0.3000000       0.50247040       0.00514424
     0.4000000       0.48768647       0.00476342
     0.5000000       0.48289280       0.00455318
     0.6000000       0.48738990       0.00443755
     0.7000000       0.50182736       0.00449741
     0.8000000       0.52751874       0.00468909
     0.9000000       0.56711693       0.00497278
     1.0000000       0.62529688       0.00533310
