     0.0000000       1.17505904       0.01887168
     0.1000000       0.99060038       0.01749071
     0.2000000       0.86345234       0.01610676
     0.3000000       0.77152566       0.01461087
     0.4000000       0.70307796       0.01339702
     0.5000000       0.65100790       0.01250728
     0.6000000       0.61102703       0.01177222
     0.7000000       0.57999358       0.01122904
     0.8000000       0.55483838       0.01081030
     0.9000000       0.53412535       0.01044704
     1.0000000       0.51880532       0.01039196
     1.1000000       0.50763448       0.01034490
     1.2000000       0.49961000       0.01045666
     1.3000000       0.49322333       0.01039464
     1.4000000       0.48924344       0.01020486
     1.5000000       0.48864460       0.01029682
     1.6000000       0.49023553       0.01034529
     1.7000000       0.49520910       0.01070853
     1.8000000       0.50298249       0.01132882
     1.9000000       0.51284095       0.01183555
     2.0000000       0.52516294       0.01229228
     2.1000000       0.54011993       0.01239193
     2.2000000       0.55959405       0.01268409
     2.3000000       0.58536195       0.01388257
     2.4000000       0.61799613       0.01555660
     2.5000000       0.65967589       0.01770436
     2.6000000       0.71176222       0.01952231
     2.7000000       0.77801621       0.02043261
     2.8000000       0.86676102       0.02077443
     2.9000000       0.99165783       0.02022737
     3.0000000       1.17505904       0.01887168
