     0.0000000       0.25606891       0.02214947
     0.1000000       0.16938336       0.00974724
     0.2000000       0.10593194       0.00996250
     0.3000000       0.06789392       0.00504379
     0.4000000       0.03278135       0.00478952
     0.5000000       0.01963012       0.00643913
     0.6000000       0.01054186       0.00832264
     0.7000000       0.01133490       0.00317129
     0.8000000       0.00846889       0.00191002
     0.9000000       0.00925934       0.00260471
     1.0000000       0.00064837       0.00414109
     1.1000000       0.00648172       0.00206746
     1.2000000       0.00807790       0.00600723
     1.3000000       0.00270519       0.00207535
     1.4000000      -0.00500017       0.01019602
     1.5000000       0.00752032       0.00458242
     1.6000000       0.00710085       0.00374945
     1.7000000       0.00366738       0.00214252
     1.8000000       0.00180089       0.00180845
     1.9000000       0.00394341       0.00271726
     2.0000000       0.00106164       0.00167768
     2.1000000       0.00381540       0.00236898
     2.2000000      -0.00062701       0.00173562
     2.3000000       0.00480957       0.00327275
     2.4000000       0.00378958       0.00424960
     2.5000000       0.00353751       0.00221432
     2.6000000      -0.00129314       0.00227395
     2.7000000      -0.00412920       0.00494649
     2.8000000      -0.00335096       0.00465536
     2.9000000       0.00000605       0.00187574
     3.0000000      -0.00261065       0.00250433
     3.1000000       0.00060442       0.00112588
     3.2000000       0.00393813       0.00209981
     3.3000000       0.00550761       0.00388117
     3.4000000       0.00367957       0.00274974
     3.5000000      -0.00396879       0.00412765
     3.6000000      -0.00417808       0.00492564
     3.7000000       0.00235304       0.00402131
     3.8000000       0.00244474       0.00139782
     3.9000000      -0.00286556       0.00327047
     4.0000000       0.00345160       0.00175301
     4.1000000       0.00144538       0.00205271
     4.2000000       0.00016123       0.00227907
     4.3000000      -0.00064963       0.00393645
     4.4000000      -0.00113283       0.00242312
     4.5000000       0.00371547       0.00215107
     4.6000000      -0.00141376       0.00354597
     4.7000000      -0.00296237       0.00547873
     4.8000000      -0.00215964       0.00572313
     4.9000000      -0.00072496       0.00624839
     5.0000000      -0.00127766       0.00657239
     5.1000000      -0.00286761       0.01044894
     5.2000000      -0.00056273       0.00803292
     5.3000000       0.01330889       0.00208569
     5.4000000       0.01181638       0.00661439
     5.5000000       0.01425951       0.01085069
     5.6000000       0.02666129       0.00994097
     5.7000000       0.05033232       0.00620589
     5.8000000       0.08073388       0.01333656
     5.9000000       0.15220032       0.01055324
     6.0000000       0.25606891       0.02214947
