     0.0000000       0.29865176       0.01746542
     0.1000000       0.18649267       0.01085007
     0.2000000       0.11572227       0.01183795
     0.3000000       0.05573841       0.00613898
     0.4000000       0.02472691       0.00923054
     0.5000000       0.01330171       0.01313673
     0.6000000       0.01733840       0.00390821
     0.7000000       0.01720181       0.00497085
     0.8000000       0.00447799       0.00599140
     0.9000000      -0.00030651       0.00828679
     1.0000000      -0.01213987       0.01836192
     1.1000000       0.00957987       0.00579372
     1.2000000       0.01222694       0.00902621
     1.3000000      -0.00938924       0.01337778
     1.4000000      -0.01916841       0.01780408
     1.5000000       0.00305954       0.00550975
     1.6000000       0.01865195       0.01636416
     1.7000000       0.01559818       0.01461998
     1.8000000       0.01019060       0.01041970
     1.9000000       0.00247099       0.00356517
     2.0000000      -0.00253100       0.00525509
     2.1000000       0.00786384       0.00693994
     2.2000000      -0.00737035       0.00365323
     2.3000000      -0.00209808       0.00535066
     2.4000000       0.00306321       0.00228434
     2.5000000      -0.00083107       0.00333419
     2.6000000       0.00306588       0.00450957
     2.7000000       0.00549655       0.00490407
     2.8000000       0.01001997       0.00569904
     2.9000000       0.00044463       0.00488213
     3.0000000      -0.00237533       0.00586843
     3.1000000      -0.00825190       0.00759839
     3.2000000       0.00245612       0.00515498
     3.3000000       0.00496014       0.00687024
     3.4000000       0.00294229       0.00430214
     3.5000000      -0.00237225       0.00352824
     3.6000000      -0.00973108       0.01038258
     3.7000000      -0.00055412       0.00443367
     3.8000000       0.00493327       0.00480996
     3.9000000      -0.00289075       0.00324224
     4.0000000       0.01139015       0.00598408
     4.1000000       0.00898287       0.00629592
     4.2000000       0.00042783       0.00663526
     4.3000000       0.00769344       0.00499496
     4.4000000       0.00852175       0.00684835
     4.5000000       0.01486028       0.00965400
     4.6000000       0.00012622       0.00477776
     4.7000000      -0.00701647       0.00841214
     4.8000000      -0.00175374       0.00496492
     4.9000000       0.00320101       0.00372327
     5.0000000       0.01852917       0.00981358
     5.1000000       0.01342188       0.00381177
     5.2000000       0.00022196       0.00530625
     5.3000000       0.00802731       0.00389509
     5.4000000       0.01650293       0.00342453
     5.5000000       0.01897534       0.01140076
     5.6000000       0.02511141       0.00880594
     5.7000000       0.06372175       0.00412021
     5.8000000       0.09614104       0.00914227
     5.9000000       0.17243627       0.01136487
     6.0000000       0.29865176       0.01746542
