     0.0000000       0.32246959       0.04025190
     0.1000000       0.21430683       0.01591658
     0.2000000       0.11950596       0.01327367
     0.3000000       0.07482223       0.01231980
     0.4000000       0.01365437       0.01781142
     0.5000000       0.01883407       0.01345724
     0.6000000      -0.01156000       0.02991320
     0.7000000      -0.00481773       0.01674843
     0.8000000      -0.00610647       0.00913621
     0.9000000       0.00836194       0.01007456
     1.0000000      -0.00302186       0.00670402
     1.1000000       0.00716974       0.00299192
     1.2000000       0.02451920       0.01867553
     1.3000000       0.00807883       0.00765101
     1.4000000       0.00169720       0.01510326
     1.5000000       0.03608239       0.02827320
     1.6000000       0.01504676       0.01158037
     1.7000000       0.01217119       0.00709022
     1.8000000       0.00212150       0.00669797
     1.9000000       0.00839350       0.01038770
     2.0000000      -0.00248733       0.00739529
     2.1000000      -0.00200961       0.00284609
     2.2000000      -0.00117599       0.00352254
     2.3000000      -0.00847941       0.00691653
     2.4000000       0.01658937       0.01344090
     2.5000000       0.00667961       0.00431602
     2.6000000       0.00423876       0.00601558
     2.7000000       0.00160961       0.00625530
     2.8000000      -0.00573348       0.00852692
     2.9000000      -0.01488909       0.01020646
     3.0000000      -0.00404849       0.00610293
     3.1000000       0.00575695       0.00922689
     3.2000000       0.00961708       0.01151560
     3.3000000       0.01001163       0.01424146
     3.4000000      -0.00963418       0.00769256
     3.5000000      -0.02202346       0.01345219
     3.6000000      -0.00429383       0.00338770
     3.7000000       0.01043022       0.00865308
     3.8000000       0.00972351       0.00497163
     3.9000000       0.00143244       0.00281235
     4.0000000      -0.00654209       0.00331671
     4.1000000      -0.00150729       0.00475448
     4.2000000      -0.00316816       0.00912182
     4.3000000       0.00445250       0.00453242
     4.4000000       0.00703079       0.00589537
     4.5000000       0.01329976       0.01385621
     4.6000000      -0.00283262       0.00723415
     4.7000000      -0.00958476       0.00946222
     4.8000000       0.00310336       0.00436024
     4.9000000       0.00779472       0.00394296
     5.0000000       0.00753624       0.00461002
     5.1000000       0.01625122       0.00627224
     5.2000000       0.01424200       0.00435575
     5.3000000       0.01618674       0.00497381
     5.4000000       0.01600738       0.00438874
     5.5000000       0.00441375       0.02117824
     5.6000000       0.01819062       0.02052517
     5.7000000       0.03503160       0.02646990
     5.8000000       0.08925473       0.02019824
     5.9000000       0.17446888       0.02342922
     6.0000000       0.32246959       0.04025190
