     0.0000000       0.83977137       0.00700044
     0.1000000       0.67828535       0.00628338
     0.2000000       0.56471057       0.00559795
     0.3000000       0.48145094       0.00503218
     0.4000000       0.41784930       0.00460832
     0.5000000       0.36788398       0.00436331
     0.6000000       0.32850500       0.00419466
     0.7000000       0.29747888       0.00408924
     0.8000000       0.27323178       0.00404711
     0.9000000       0.25389451       0.00402549
     1.0000000       0.23881634       0.00402282
     1.1000000       0.22744388       0.00403946
     1.2000000       0.21882652       0.00401312
     1.3000000       0.21332400       0.00400040
     1.4000000       0.21084190       0.00401328
     1.5000000       0.21042545       0.00403780
     1.6000000       0.21183432       0.00402778
     1.7000000       0.21545971       0.00403811
     1.8000000       0.22185288       0.00415818
     1.9000000       0.23124248       0.00434936
     2.0000000       0.24395641       0.00459378
     2.1000000       0.26032975       0.00494928
     2.2000000       0.28132444       0.00544477
     2.3000000       0.30672034       0.00581490
     2.4000000       0.33752761       0.00611130
     2.5000000       0.37626756       0.00645513
     2.6000000       0.42544173       0.00690362
     2.7000000       0.48857825       0.00751938
     2.8000000       0.57094842       0.00788052
     2.9000000       0.68179919       0.00763124
     3.0000000       0.83977137       0.00700044
