     0.0000000       0.32648871       0.01014677
     0.1000000       0.19080756       0.00582876
     0.2000000       0.12839664       0.00374556
     0.3000000       0.08371679       0.00377351
     0.4000000       0.05805565       0.00376300
     0.5000000       0.03729355       0.00474975
     0.6000000       0.02794636       0.00431523
     0.7000000       0.01623034       0.00510565
     0.8000000       0.01994017       0.00315745
     0.9000000       0.02041946       0.00603034
     1.0000000       0.01627959       0.00456303
     1.1000000       0.01398935       0.00336345
     1.2000000       0.00977421       0.00301241
     1.3000000       0.00741739       0.00620039
     1.4000000       0.01227877       0.00360592
     1.5000000       0.01245862       0.00458272
     1.6000000       0.01711761       0.00409669
     1.7000000       0.01046299       0.00323512
     1.8000000       0.01261818       0.00534414
     1.9000000       0.01239429       0.00289906
     2.0000000       0.01655055       0.00245221
     2.1000000       0.01686106       0.00384616
     2.2000000       0.02031439       0.00417791
     2.3000000       0.02363722       0.00495053
     2.4000000       0.01968369       0.00592189
     2.5000000       0.03755246       0.00499188
     2.6000000       0.05937040       0.00638364
     2.7000000       0.07870274       0.00451673
     2.8000000       0.11929855       0.00463650
     2.9000000       0.20293165       0.00750314
     3.0000000       0.32648871       0.01014677
