     0.0000000       0.85046486       0.01417265
     0.1000000       0.70158246       0.01345340
     0.2000000       0.59722367       0.01282974
     0.3000000       0.52184901       0.01250372
     0.4000000       0.46565598       0.01236783
     0.5000000       0.42299300       0.01244802
     0.6000000       0.39049875       0.01288055
     0.7000000       0.36628490       0.01410669
     0.8000000       0.34659575       0.01483890
     0.9000000       0.32865163       0.01357432
     1.0000000       0.31448936       0.01197642
     1.1000000       0.30367375       0.01068963
     1.2000000       0.29530643       0.00976570
     1.3000000       0.28954482       0.00958855
     1.4000000       0.28660516       0.00975000
     1.5000000       0.28617712       0.00998134
     1.6000000       0.28734036       0.01017631
     1.7000000       0.29106467       0.01075949
     1.8000000       0.29679442       0.01102203
     1.9000000       0.30392555       0.01051500
     2.0000000       0.31394897       0.01039328
     2.1000000       0.32613957       0.00983832
     2.2000000       0.34156659       0.00918570
     2.3000000       0.36291595       0.00972856
     2.4000000       0.39100814       0.01115107
     2.5000000       0.42679556       0.01296278
     2.6000000       0.47079545       0.01430728
     2.7000000       0.52606734       0.01470887
     2.8000000       0.60006993       0.01482034
     2.9000000       0.70302727       0.01469024
     3.0000000       0.85046486       0.01417265
