     0.0000000       0.28462311       0.01138938
     0.1000000       0.18645488       0.01080246
     0.2000000       0.12644667       0.01027373
     0.3000000       0.08856037       0.00983460
     0.4000000       0.06557427       0.00954966
     0.5000000       0.05105607       0.00948798
     0.6000000       0.04081240       0.00945059
     0.7000000       0.03329203       0.00948166
     0.8000000       0.02822813       0.00952919
     0.9000000       0.02436835       0.00959946
     1.0000000       0.02212828       0.00962013
     1.1000000       0.02329664       0.00937585
     1.2000000       0.02694539       0.00898743
     1.3000000       0.03086524       0.00875863
     1.4000000       0.03541374       0.00847030
     1.5000000       0.03995312       0.00831367
     1.6000000       0.04134715       0.00844702
     1.7000000       0.04071450       0.00864530
     1.8000000       0.04048760       0.00888603
     1.9000000       0.03963731       0.00895038
     2.0000000       0.03896544       0.00901964
     2.1000000       0.03983682       0.00917459
     2.2000000       0.04208676       0.00929073
     2.3000000       0.04537921       0.00937134
     2.4000000       0.04991453       0.00963280
     2.5000000       0.05686571       0.00996564
     2.6000000       0.06726094       0.01035765
     2.7000000       0.08669741       0.01092663
     2.8000000       0.12154472       0.01148559
     2.9000000       0.18112218       0.01171019
     3.0000000       0.28462311       0.01138938
