     0.0000000       0.22783200       0.00737684
     0.1000000       0.18348873       0.00746996
     0.2000000       0.15316964       0.00744199
     0.3000000       0.13362869       0.00738728
     0.4000000       0.12322752       0.00736546
     0.5000000       0.12046063       0.00733632
     0.6000000       0.12453870       0.00729708
     0.7000000       0.13515966       0.00730038
     0.8000000       0.15408335       0.00729916
     0.9000000       0.18395742       0.00729863
     1.0000000       0.22783200       0.00737684
