     0.0000000       0.80923549       0.00102605
     0.1000000       0.63246920       0.00141525
     0.2000000       0.50359352       0.00142947
     0.3000000       0.40727535       0.00128262
     0.4000000       0.33568568       0.00118135
     0.5000000       0.28440943       0.00113637
     0.6000000       0.24631110       0.00106725
     0.7000000       0.21774557       0.00107484
     0.8000000       0.20054728       0.00104551
     0.9000000       0.19083119       0.00110541
     1.0000000       0.19076451       0.00102605
