     0.0000000       0.08505955       0.00164849
     0.1000000       0.06598500       0.00146350
     0.2000000       0.05465336       0.00143291
     0.3000000       0.04369491       0.00160682
     0.4000000       0.03779392       0.00150964
     0.5000000       0.03294969       0.00147953
     0.6000000       0.03294214       0.00148541
     0.7000000       0.03283159       0.00164334
     0.8000000       0.03287923       0.00159634
     0.9000000       0.03308118       0.00155019
     1.0000000       0.03671797       0.00151800
     1.1000000       0.03972436       0.00146313
     1.2000000       0.04380738       0.00147430
     1.3000000       0.04806350       0.00154151
     1.4000000       0.05301542       0.00158905
     1.5000000       0.06133407       0.00160667
     1.6000000       0.06820856       0.00153107
     1.7000000       0.07777633       0.00148009
     1.8000000       0.09006709       0.00156685
     1.9000000       0.10338648       0.00166897
     2.0000000       0.12162048       0.00181624
     2.1000000       0.14370620       0.00182064
     2.2000000       0.17212719       0.00189851
     2.3000000       0.20560667       0.00192308
     2.4000000       0.24885176       0.00185207
     2.5000000       0.30254744       0.00200161
     2.6000000       0.37020987       0.00197556
     2.7000000       0.45540942       0.00195588
     2.8000000       0.57046613       0.00180524
     2.9000000       0.71899465       0.00179756
     3.0000000       0.91494045       0.00164849
