     0.0000000       0.27580907       0.00932865
     0.1000000       0.17569603       0.00462010
     0.2000000       0.11153232       0.00478645
     0.3000000       0.07637242       0.00381910
     0.4000000       0.04961399       0.00410948
     0.5000000       0.03090997       0.00466078
     0.6000000       0.02874773       0.00380249
     0.7000000       0.01594896       0.00496002
     0.8000000       0.02286728       0.00410211
     0.9000000       0.01233000       0.00441543
     1.0000000       0.01374359       0.00442750
     1.1000000       0.01174186       0.00412395
     1.2000000       0.01168406       0.00428515
     1.3000000       0.01394317       0.00369806
     1.4000000       0.01269655       0.00393122
     1.5000000       0.00914513       0.00442336
     1.6000000       0.00630817       0.00437194
     1.7000000       0.00443898       0.00498212
     1.8000000       0.00387449       0.00453202
     1.9000000       0.00657568       0.00473856
     2.0000000       0.00674258       0.00437117
     2.1000000       0.01049150       0.00462507
     2.2000000       0.01834945       0.00470136
     2.3000000       0.01684250       0.00392042
     2.4000000       0.02479542       0.00479449
     2.5000000       0.02864705       0.00418258
     2.6000000       0.04558996       0.00496279
     2.7000000       0.07078223       0.00544099
     2.8000000       0.10764212       0.00592771
     2.9000000       0.16343064       0.00828755
     3.0000000       0.27580907       0.00932865
