     0.0000000       0.18881864       0.00058602
     0.1000000       0.18925272       0.00054696
     0.2000000       0.19928112       0.00052022
     0.3000000       0.21814966       0.00052602
     0.4000000       0.24651093       0.00059827
     0.5000000       0.28619869       0.00059877
     0.6000000       0.33944961       0.00065644
     0.7000000       0.41082014       0.00069458
     0.8000000       0.50517762       0.00074453
     0.9000000       0.63446034       0.00070962
     1.0000000       0.81118136       0.00058602
