     0.0000000       0.27909327       0.01667747
     0.1000000       0.18934481       0.00975406
     0.2000000       0.13767708       0.02228507
     0.3000000       0.08340635       0.00718811
     0.4000000       0.04135978       0.00482962
     0.5000000      -0.00364416       0.01502760
     0.6000000       0.00312313       0.01110252
     0.7000000       0.02667357       0.01874682
     0.8000000      -0.00173338       0.00911482
     0.9000000      -0.00562038       0.01815513
     1.0000000      -0.01326447       0.02113279
     1.1000000       0.00795818       0.00627577
     1.2000000       0.00209988       0.00671531
     1.3000000      -0.01347594       0.01046525
     1.4000000      -0.01306539       0.02179956
     1.5000000       0.01644789       0.01684974
     1.6000000       0.02195991       0.01817452
     1.7000000       0.01289903       0.01413622
     1.8000000       0.02065027       0.01712965
     1.9000000       0.01578946       0.01253427
     2.0000000       0.00418557       0.00955213
     2.1000000       0.00804477       0.00842700
     2.2000000       0.00584561       0.00875140
     2.3000000      -0.00496998       0.01319477
     2.4000000       0.00735243       0.00543735
     2.5000000      -0.00329335       0.00773568
     2.6000000       0.00121698       0.00420422
     2.7000000      -0.00490839       0.00701049
     2.8000000      -0.00678989       0.00970112
     2.9000000       0.00128992       0.00924305
     3.0000000      -0.00278122       0.00693175
     3.1000000      -0.01634612       0.01414430
     3.2000000      -0.01394512       0.01002337
     3.3000000       0.00126315       0.00583144
     3.4000000       0.00541739       0.00532311
     3.5000000      -0.00148751       0.00843997
     3.6000000      -0.00650436       0.00832572
     3.7000000       0.00175694       0.00447675
     3.8000000      -0.00275543       0.00662309
     3.9000000      -0.00747518       0.00700181
     4.0000000      -0.01024734       0.00671810
     4.1000000      -0.02769844       0.01714074
     4.2000000      -0.01250633       0.01064430
     4.3000000      -0.01603199       0.01240223
     4.4000000      -0.01895349       0.01039421
     4.5000000      -0.01067107       0.00791333
     4.6000000      -0.00578576       0.00780910
     4.7000000      -0.01692486       0.01032134
     4.8000000      -0.01109650       0.01139701
     4.9000000      -0.00779609       0.01393696
     5.0000000      -0.01599341       0.01415886
     5.1000000      -0.01528835       0.01765199
     5.2000000      -0.00113972       0.00793434
     5.3000000       0.02077466       0.01294322
     5.4000000       0.01238458       0.00822322
     5.5000000       0.00496402       0.01900489
     5.6000000       0.03674410       0.00579343
     5.7000000       0.04830349       0.01115478
     5.8000000       0.08513721       0.01641421
     5.9000000       0.16690198       0.00876558
     6.0000000       0.27909327       0.01667747
