     0.0000000       1.18853717       0.02379945
     0.1000000       1.00401920       0.02289719
     0.2000000       0.87689530       0.02194930
     0.3000000       0.78519682       0.02106344
     0.4000000       0.71727220       0.02064673
     0.5000000       0.66651568       0.02069698
     0.6000000       0.62829280       0.02129632
     0.7000000       0.59998746       0.02324191
     0.8000000       0.57695333       0.02489831
     0.9000000       0.55467959       0.02336862
     1.0000000       0.53649659       0.02108807
     1.1000000       0.52313938       0.01964013
     1.2000000       0.51382243       0.01902267
     1.3000000       0.50792057       0.01940136
     1.4000000       0.50537231       0.02009274
     1.5000000       0.50590900       0.02096054
     1.6000000       0.50741040       0.02119314
     1.7000000       0.51262077       0.02199070
     1.8000000       0.51978884       0.02211129
     1.9000000       0.52806940       0.02104707
     2.0000000       0.54003142       0.02071412
     2.1000000       0.55370685       0.01931736
     2.2000000       0.57122276       0.01778117
     2.3000000       0.59586049       0.01780747
     2.4000000       0.62831733       0.01906490
     2.5000000       0.67056590       0.02134806
     2.6000000       0.72357885       0.02374841
     2.7000000       0.79064561       0.02494945
     2.8000000       0.88011679       0.02521503
     2.9000000       1.00528643       0.02482833
     3.0000000       1.18853717       0.02379945
