     0.0000000       0.13027773       0.01156753
     0.1000000       0.09389711       0.00935026
     0.2000000       0.07889387       0.00641923
     0.3000000       0.06824060       0.00448864
     0.4000000       0.06085045       0.00322249
     0.5000000       0.04640533       0.00448950
     0.6000000       0.04344993       0.00696774
     0.7000000       0.03468700       0.00354030
     0.8000000       0.03568143       0.00374385
     0.9000000       0.03697952       0.00791832
     1.0000000       0.02530411       0.00366399
     1.1000000       0.02030722       0.00263919
     1.2000000       0.01507589       0.00521218
     1.3000000       0.01784939       0.00415186
     1.4000000       0.02257783       0.00252812
     1.5000000       0.02199028       0.00514434
     1.6000000       0.03229940       0.00585655
     1.7000000       0.03568673       0.00990260
     1.8000000       0.02838314       0.00382852
     1.9000000       0.02283368       0.00412471
     2.0000000       0.02041183       0.00890891
     2.1000000       0.02068991       0.00720834
     2.2000000       0.02772384       0.00516224
     2.3000000       0.03171539       0.00583563
     2.4000000       0.02918153       0.00623309
     2.5000000       0.03830769       0.00739371
     2.6000000       0.05303787       0.00588443
     2.7000000       0.05827245       0.00770837
     2.8000000       0.07553937       0.00866079
     2.9000000       0.11047964       0.00745520
     3.0000000       0.13027773       0.01156753
