     0.0000000       0.50000000       0.00000000
     0.1000000       0.44481942       0.00177717
     0.2000000       0.40007490       0.00235301
     0.3000000       0.36521763       0.00261645
     0.4000000       0.33422420       0.00296800
     0.5000000       0.31114429       0.00322785
     0.6000000       0.28824048       0.00310719
     0.7000000       0.26933100       0.00329202
     0.8000000       0.25449597       0.00349781
     0.9000000       0.23613431       0.00380943
     1.0000000       0.22183410       0.00393672
     1.1000000       0.20786312       0.00390983
     1.2000000       0.19684116       0.00416503
     1.3000000       0.18892447       0.00436645
     1.4000000       0.17985628       0.00443643
     1.5000000       0.17305844       0.00476521
     1.6000000       0.16321598       0.00448443
     1.7000000       0.15309422       0.00447155
     1.8000000       0.14679710       0.00449892
     1.9000000       0.14301853       0.00428768
     2.0000000       0.13656920       0.00467219
     2.1000000       0.13615442       0.00484089
     2.2000000       0.12784732       0.00458264
     2.3000000       0.12447232       0.00451726
     2.4000000       0.11954822       0.00394968
     2.5000000       0.11900997       0.00391826
     2.6000000       0.11450332       0.00405339
     2.7000000       0.11350125       0.00399203
     2.8000000       0.11300800       0.00408869
     2.9000000       0.11335901       0.00396786
     3.0000000       0.11274232       0.00380819
     3.1000000       0.11265443       0.00404914
     3.2000000       0.11309442       0.00414641
     3.3000000       0.11182223       0.00422771
     3.4000000       0.11031410       0.00425442
     3.5000000       0.11416199       0.00430263
     3.6000000       0.11836249       0.00405831
     3.7000000       0.12259757       0.00385261
     3.8000000       0.12608044       0.00411026
     3.9000000       0.12995007       0.00380178
     4.0000000       0.13330065       0.00353505
     4.1000000       0.13916570       0.00386599
     4.2000000       0.14648887       0.00404991
     4.3000000       0.15222385       0.00386188
     4.4000000       0.15992776       0.00375828
     4.5000000       0.16533277       0.00382622
     4.6000000       0.17526459       0.00346394
     4.7000000       0.18445400       0.00345303
     4.8000000       0.19612894       0.00351167
     4.9000000       0.20811687       0.00346176
     5.0000000       0.21991937       0.00343001
     5.1000000       0.23317116       0.00362167
     5.2000000       0.24538898       0.00358279
     5.3000000       0.26306099       0.00355747
     5.4000000       0.28264948       0.00334529
     5.5000000       0.30533771       0.00323050
     5.6000000       0.33323402       0.00319540
     5.7000000       0.35972266       0.00286859
     5.8000000       0.39750562       0.00241029
     5.9000000       0.44419848       0.00196501
     6.0000000       0.50000000       0.00000000
