     0.0000000       0.28572656       0.00889582
     0.1000000       0.17403263       0.00732213
     0.2000000       0.11159362       0.00682872
     0.3000000       0.07346319       0.00537662
     0.4000000       0.05825613       0.00442042
     0.5000000       0.04107297       0.00508535
     0.6000000       0.03110351       0.00527324
     0.7000000       0.02276835       0.00501891
     0.8000000       0.01541115       0.00365336
     0.9000000       0.00642178       0.00483978
     1.0000000       0.00255778       0.00618878
     1.1000000       0.00509197       0.00428435
     1.2000000       0.00021087       0.00688826
     1.3000000       0.00650761       0.00356507
     1.4000000       0.01298390       0.00496789
     1.5000000       0.00704141       0.00349809
     1.6000000       0.00998881       0.00426322
     1.7000000       0.00661657       0.00416854
     1.8000000       0.00403966       0.00334233
     1.9000000       0.00137443       0.00520839
     2.0000000       0.00474100       0.00561851
     2.1000000       0.00852324       0.00357702
     2.2000000       0.01669558       0.00314945
     2.3000000       0.02027606       0.00339221
     2.4000000       0.02095869       0.00514224
     2.5000000       0.03276115       0.00451996
     2.6000000       0.05333775       0.00418653
     2.7000000       0.07051719       0.00770400
     2.8000000       0.10766649       0.00972618
     2.9000000       0.18430823       0.00891111
     3.0000000       0.28572656       0.00889582
