     0.0000000       0.35518281       0.00751529
     0.1000000       0.21740453       0.00682820
     0.2000000       0.15723338       0.00576710
     0.3000000       0.11491200       0.00314356
     0.4000000       0.09147939       0.00317112
     0.5000000       0.08418630       0.00444908
     0.6000000       0.09232568       0.00213767
     0.7000000       0.11059126       0.00482011
     0.8000000       0.14794779       0.00268474
     0.9000000       0.21552970       0.00438173
     1.0000000       0.35518281       0.00751529
