     0.0000000       0.77433558       0.01323313
     0.1000000       0.62224173       0.01461688
     0.2000000       0.51162409       0.01311683
     0.3000000       0.43069415       0.01127272
     0.4000000       0.37020203       0.00980276
     0.5000000       0.32342862       0.00915163
     0.6000000       0.28587425       0.00904355
     0.7000000       0.25452316       0.00902559
     0.8000000       0.22823796       0.00894154
     0.9000000       0.20556054       0.00848179
     1.0000000       0.18633214       0.00783896
     1.1000000       0.17103246       0.00750330
     1.2000000       0.15775953       0.00732505
     1.3000000       0.14487433       0.00689600
     1.4000000       0.13269585       0.00688516
     1.5000000       0.12346939       0.00702125
     1.6000000       0.11631881       0.00724025
     1.7000000       0.10860486       0.00698784
     1.8000000       0.10085141       0.00654392
     1.9000000       0.09338354       0.00599995
     2.0000000       0.08643606       0.00580141
     2.1000000       0.08067691       0.00625257
     2.2000000       0.07629202       0.00689370
     2.3000000       0.07228956       0.00705657
     2.4000000       0.07052404       0.00672210
     2.5000000       0.06993300       0.00674397
     2.6000000       0.06893289       0.00685290
     2.7000000       0.06812279       0.00681459
     2.8000000       0.06798825       0.00655031
     2.9000000       0.06868306       0.00675678
     3.0000000       0.06937404       0.00721764
     3.1000000       0.07047858       0.00766592
     3.2000000       0.07217709       0.00804334
     3.3000000       0.07410284       0.00826894
     3.4000000       0.07781056       0.00933777
     3.5000000       0.08062386       0.01015455
     3.6000000       0.08120273       0.00991504
     3.7000000       0.08168709       0.00895375
     3.8000000       0.08307683       0.00734942
     3.9000000       0.08597781       0.00609229
     4.0000000       0.08906482       0.00493191
     4.1000000       0.09339661       0.00432556
     4.2000000       0.09955727       0.00469473
     4.3000000       0.10667078       0.00531278
     4.4000000       0.11497573       0.00579536
     4.5000000       0.12329022       0.00583433
     4.6000000       0.13200347       0.00553446
     4.7000000       0.14335588       0.00600035
     4.8000000       0.15730951       0.00706110
     4.9000000       0.17236654       0.00800128
     5.0000000       0.18782587       0.00796645
     5.1000000       0.20585516       0.00762605
     5.2000000       0.22829933       0.00819770
     5.3000000       0.25466507       0.00881618
     5.4000000       0.28652064       0.00956427
     5.5000000       0.32532927       0.01010614
     5.6000000       0.37161195       0.00963795
     5.7000000       0.42972060       0.00876125
     5.8000000       0.50894810       0.00941814
     5.9000000       0.61858276       0.01085357
     6.0000000       0.77433558       0.01323313
