     0.0000000       0.87972129       0.00056136
     0.1000000       0.63843843       0.00064283
     0.2000000       0.47246055       0.00059200
     0.3000000       0.35590540       0.00054732
     0.4000000       0.27472199       0.00054315
     0.5000000       0.21778553       0.00054093
     0.6000000       0.17688310       0.00052163
     0.7000000       0.14909162       0.00045530
     0.8000000       0.13035186       0.00050651
     0.9000000       0.12127188       0.00049868
     1.0000000       0.12027871       0.00056136
