     0.0000000       0.08863417       0.00055015
     0.1000000       0.08825607       0.00049350
     0.2000000       0.09574466       0.00046059
     0.3000000       0.11108941       0.00043977
     0.4000000       0.13609448       0.00047406
     0.5000000       0.17406864       0.00044920
     0.6000000       0.23053476       0.00046947
     0.7000000       0.31482365       0.00051571
     0.8000000       0.43892178       0.00056711
     0.9000000       0.62680980       0.00057987
     1.0000000       0.91136583       0.00055015
