     0.0000000       0.60847543       0.01335142
     0.1000000       0.49107846       0.01445925
     0.2000000       0.40227279       0.01555278
     0.3000000       0.33359742       0.01653328
     0.4000000       0.27977827       0.01742475
     0.5000000       0.23818782       0.01891344
     0.6000000       0.20315969       0.01970701
     0.7000000       0.17241866       0.02003065
     0.8000000       0.14543743       0.01861315
     0.9000000       0.12216060       0.01485961
     1.0000000       0.10393674       0.01087373
     1.1000000       0.09087411       0.00872145
     1.2000000       0.08035886       0.00952225
     1.3000000       0.07069137       0.01183598
     1.4000000       0.06351397       0.01304727
     1.5000000       0.05895304       0.01288253
     1.6000000       0.05522861       0.01259006
     1.7000000       0.05220494       0.01274146
     1.8000000       0.05020326       0.01427076
     1.9000000       0.04745833       0.01643165
     2.0000000       0.04388132       0.01727263
     2.1000000       0.04069313       0.01641977
     2.2000000       0.03671308       0.01389498
     2.3000000       0.03385016       0.01190718
     2.4000000       0.03158751       0.00934716
     2.5000000       0.02732257       0.00622287
     2.6000000       0.02442677       0.00504712
     2.7000000       0.02371271       0.00439816
     2.8000000       0.02379864       0.00370125
     2.9000000       0.02305002       0.00317282
     3.0000000       0.02208358       0.00309980
     3.1000000       0.02106507       0.00467622
     3.2000000       0.02136770       0.00684578
     3.3000000       0.02371889       0.00661924
     3.4000000       0.02624921       0.00553657
     3.5000000       0.02974982       0.00455108
     3.6000000       0.03423344       0.00408934
     3.7000000       0.03838561       0.00508090
     3.8000000       0.04208212       0.00651782
     3.9000000       0.04542539       0.00780477
     4.0000000       0.04697304       0.00765464
     4.1000000       0.04731746       0.00631686
     4.2000000       0.04808318       0.00451647
     4.3000000       0.05067571       0.00356277
     4.4000000       0.05502500       0.00365918
     4.5000000       0.06212709       0.00396520
     4.6000000       0.07091428       0.00479438
     4.7000000       0.07986541       0.00569611
     4.8000000       0.08963624       0.00668192
     4.9000000       0.09930508       0.00650285
     5.0000000       0.11095472       0.00595113
     5.1000000       0.12652302       0.00619891
     5.2000000       0.14502862       0.00636327
     5.3000000       0.16706627       0.00692319
     5.4000000       0.19367451       0.00689266
     5.5000000       0.22651082       0.00592660
     5.6000000       0.26900266       0.00571319
     5.7000000       0.32456118       0.00655186
     5.8000000       0.39636219       0.00855007
     5.9000000       0.48850506       0.01105012
     6.0000000       0.60847543       0.01335142
