     0.0000000       0.04878741       0.00787568
     0.1000000       0.04527333       0.00550031
     0.2000000       0.04209412       0.00598185
     0.3000000       0.03862399       0.00583305
     0.4000000       0.03730374       0.00450975
     0.5000000       0.03223873       0.00431673
     0.6000000       0.03327384       0.00431214
     0.7000000       0.03058328       0.00444677
     0.8000000       0.03518649       0.00476763
     0.9000000       0.03183663       0.00409723
     1.0000000       0.03657668       0.00442971
     1.1000000       0.03379062       0.00387165
     1.2000000       0.03003425       0.00454238
     1.3000000       0.03106537       0.00403576
     1.4000000       0.02860353       0.00504557
     1.5000000       0.03227696       0.00427537
     1.6000000       0.02710789       0.00474212
     1.7000000       0.02479590       0.00584223
     1.8000000       0.02805683       0.00572616
     1.9000000       0.02849086       0.00433757
     2.0000000       0.03087004       0.00444934
     2.1000000       0.02631732       0.00441163
     2.2000000       0.02958695       0.00394506
     2.3000000       0.02244530       0.00497453
     2.4000000       0.02294687       0.00500592
     2.5000000       0.02725536       0.00492372
     2.6000000       0.03133536       0.00489349
     2.7000000       0.03735541       0.00622619
     2.8000000       0.04111726       0.00573510
     2.9000000       0.03642424       0.00749235
     3.0000000       0.04878741       0.00787568
