     0.0000000       0.56445774       0.01045239
     0.1000000       0.46315917       0.01105042
     0.2000000       0.38278605       0.00980100
     0.3000000       0.31823760       0.00794872
     0.4000000       0.26514500       0.00571205
     0.5000000       0.22208741       0.00413122
     0.6000000       0.18849406       0.00432313
     0.7000000       0.16286240       0.00599332
     0.8000000       0.14063773       0.00611134
     0.9000000       0.12077871       0.00502412
     1.0000000       0.10348513       0.00407426
     1.1000000       0.08960308       0.00346112
     1.2000000       0.08035569       0.00407726
     1.3000000       0.07297304       0.00512555
     1.4000000       0.06406663       0.00405555
     1.5000000       0.05549173       0.00273906
     1.6000000       0.04854391       0.00228469
     1.7000000       0.04246686       0.00216530
     1.8000000       0.03773155       0.00215774
     1.9000000       0.03402170       0.00232522
     2.0000000       0.03088338       0.00270460
     2.1000000       0.02909930       0.00313743
     2.2000000       0.02792567       0.00342449
     2.3000000       0.02547697       0.00315332
     2.4000000       0.02288064       0.00274533
     2.5000000       0.02150549       0.00280320
     2.6000000       0.02124766       0.00347973
     2.7000000       0.02140370       0.00421680
     2.8000000       0.02145722       0.00471313
     2.9000000       0.02104085       0.00467637
     3.0000000       0.02022003       0.00389429
     3.1000000       0.02005224       0.00331552
     3.2000000       0.02060971       0.00320728
     3.3000000       0.02102565       0.00316413
     3.4000000       0.02050882       0.00271154
     3.5000000       0.02065987       0.00259099
     3.6000000       0.02250720       0.00306311
     3.7000000       0.02427608       0.00311687
     3.8000000       0.02655642       0.00319925
     3.9000000       0.02973439       0.00360437
     4.0000000       0.03350998       0.00383271
     4.1000000       0.03782365       0.00379524
     4.2000000       0.04192233       0.00361374
     4.3000000       0.04639588       0.00365142
     4.4000000       0.05125998       0.00360109
     4.5000000       0.05712864       0.00357631
     4.6000000       0.06505370       0.00397027
     4.7000000       0.07480567       0.00470462
     4.8000000       0.08675451       0.00584642
     4.9000000       0.09913778       0.00605201
     5.0000000       0.11195398       0.00543131
     5.1000000       0.12754885       0.00556925
     5.2000000       0.14599777       0.00582382
     5.3000000       0.16750161       0.00566519
     5.4000000       0.19365888       0.00543095
     5.5000000       0.22626117       0.00527445
     5.6000000       0.26719106       0.00586788
     5.7000000       0.31819772       0.00687841
     5.8000000       0.38112803       0.00759175
     5.9000000       0.46075130       0.00857942
     6.0000000       0.56445774       0.01045239
