     0.0000000       0.42569782       0.00724784
     0.1000000       0.36305746       0.00524771
     0.2000000       0.31109874       0.00397636
     0.3000000       0.26795150       0.00348191
     0.4000000       0.23153290       0.00298691
     0.5000000       0.20058766       0.00263915
     0.6000000       0.17378422       0.00240664
     0.7000000       0.15009391       0.00239121
     0.8000000       0.12975097       0.00273754
     0.9000000       0.11337286       0.00253297
     1.0000000       0.09891454       0.00234705
     1.1000000       0.08567199       0.00243772
     1.2000000       0.07407055       0.00235296
     1.3000000       0.06349925       0.00239369
     1.4000000       0.05444730       0.00257926
     1.5000000       0.04667139       0.00283684
     1.6000000       0.03933755       0.00373162
     1.7000000       0.03214637       0.00547993
     1.8000000       0.02594221       0.00718803
     1.9000000       0.02303501       0.00633859
     2.0000000       0.02287536       0.00342003
     2.1000000       0.02309825       0.00212502
     2.2000000       0.02279265       0.00262482
     2.3000000       0.02176324       0.00292343
     2.4000000       0.02060647       0.00296733
     2.5000000       0.01948743       0.00292474
     2.6000000       0.01802171       0.00261398
     2.7000000       0.01678523       0.00228604
     2.8000000       0.01565504       0.00187015
     2.9000000       0.01492618       0.00165229
     3.0000000       0.01483250       0.00162202
     3.1000000       0.01515240       0.00171232
     3.2000000       0.01581406       0.00198052
     3.3000000       0.01731172       0.00257775
     3.4000000       0.02034448       0.00423645
     3.5000000       0.02384949       0.00637871
     3.6000000       0.02677240       0.00767728
     3.7000000       0.02979969       0.00877157
     3.8000000       0.03236791       0.00918627
     3.9000000       0.03417515       0.00846382
     4.0000000       0.03664183       0.00786261
     4.1000000       0.03930017       0.00699521
     4.2000000       0.04230913       0.00593307
     4.3000000       0.04744655       0.00600977
     4.4000000       0.05386351       0.00681463
     4.5000000       0.06048198       0.00727798
     4.6000000       0.06862146       0.00797461
     4.7000000       0.07838812       0.00907981
     4.8000000       0.08786704       0.00892408
     4.9000000       0.09704060       0.00742486
     5.0000000       0.10795321       0.00624667
     5.1000000       0.12190748       0.00600675
     5.2000000       0.13883316       0.00596262
     5.3000000       0.15772585       0.00531274
     5.4000000       0.18032792       0.00532340
     5.5000000       0.20738321       0.00586472
     5.6000000       0.23847022       0.00624459
     5.7000000       0.27430531       0.00663748
     5.8000000       0.31566766       0.00647499
     5.9000000       0.36601043       0.00706010
     6.0000000       0.42569782       0.00724784
