     0.0000000       0.29108574       0.00599304
     0.1000000       0.20095820       0.00537013
     0.2000000       0.15243593       0.00447373
     0.3000000       0.12096643       0.00435368
     0.4000000       0.10412667       0.00440850
     0.5000000       0.09779067       0.00462095
     0.6000000       0.10660465       0.00423635
     0.7000000       0.12008997       0.00415539
     0.8000000       0.15283396       0.00469208
     0.9000000       0.20011849       0.00496996
     1.0000000       0.29108574       0.00599304
