     0.0000000       0.03863680       0.00123823
     0.1000000       0.02351241       0.00117414
     0.2000000       0.01462408       0.00101773
     0.3000000       0.00997363       0.00109000
     0.4000000       0.00854178       0.00108084
     0.5000000       0.00492519       0.00109920
     0.6000000       0.00323625       0.00108779
     0.7000000       0.00003810       0.00106532
     0.8000000       0.00029442       0.00111040
     0.9000000       0.00198248       0.00099091
     1.0000000       0.00118650       0.00111993
     1.1000000      -0.00017163       0.00101595
     1.2000000      -0.00015553       0.00111507
     1.3000000       0.00029156       0.00096900
     1.4000000      -0.00086672       0.00090238
     1.5000000       0.00018560       0.00094393
     1.6000000       0.00146621       0.00100885
     1.7000000       0.00097864       0.00095355
     1.8000000       0.00077473       0.00105628
     1.9000000       0.00004454       0.00096564
     2.0000000      -0.00030214       0.00107346
     2.1000000      -0.00027772       0.00113792
     2.2000000       0.00099668       0.00106470
     2.3000000       0.00004601       0.00102116
     2.4000000       0.00205307       0.00108985
     2.5000000       0.00026363       0.00099229
     2.6000000      -0.00013691       0.00098097
     2.7000000      -0.00118490       0.00109161
     2.8000000      -0.00038115       0.00107935
     2.9000000       0.00051567       0.00107073
     3.0000000       0.00129776       0.00106604
     3.1000000       0.00152267       0.00098201
     3.2000000       0.00249447       0.00103424
     3.3000000       0.00159365       0.00109059
     3.4000000       0.00198508       0.00109509
     3.5000000       0.00168896       0.00109743
     3.6000000       0.00231705       0.00111376
     3.7000000       0.00131727       0.00102337
     3.8000000       0.00150463       0.00106423
     3.9000000       0.00212917       0.00106189
     4.0000000       0.00161684       0.00114222
     4.1000000       0.00385143       0.00107398
     4.2000000       0.00347383       0.00099829
     4.3000000       0.00458778       0.00102732
     4.4000000       0.00506701       0.00107671
     4.5000000       0.00740785       0.00114412
     4.6000000       0.01128197       0.00107440
     4.7000000       0.01421073       0.00119113
     4.8000000       0.01713569       0.00124317
     4.9000000       0.02333797       0.00118277
     5.0000000       0.03127109       0.00106422
     5.1000000       0.04408513       0.00108886
     5.2000000       0.05995857       0.00113705
     5.3000000       0.08402969       0.00115502
     5.4000000       0.11649714       0.00109361
     5.5000000       0.16185447       0.00131547
     5.6000000       0.22622801       0.00118372
     5.7000000       0.31991036       0.00115068
     5.8000000       0.45734548       0.00123870
     5.9000000       0.66090891       0.00132823
     6.0000000       0.96136320       0.00123823
