     0.0000000       0.50137566       0.00335609
     0.1000000       0.45174799       0.00348008
     0.2000000       0.41366181       0.00349512
     0.3000000       0.38126459       0.00371428
     0.4000000       0.35706745       0.00367148
     0.5000000       0.33740618       0.00382018
     0.6000000       0.32043076       0.00392541
     0.7000000       0.30550483       0.00399658
     0.8000000       0.29210104       0.00421665
     0.9000000       0.28344034       0.00409358
     1.0000000       0.27769596       0.00404916
     1.1000000       0.26867378       0.00408414
     1.2000000       0.26553537       0.00414920
     1.3000000       0.26204457       0.00411549
     1.4000000       0.25989073       0.00421885
     1.5000000       0.25803443       0.00417211
     1.6000000       0.25481629       0.00403012
     1.7000000       0.25690898       0.00409944
     1.8000000       0.26068444       0.00403745
     1.9000000       0.26463186       0.00417395
     2.0000000       0.27073431       0.00425042
     2.1000000       0.27805109       0.00425613
     2.2000000       0.28844554       0.00405950
     2.3000000       0.30114942       0.00403771
     2.4000000       0.31568935       0.00405860
     2.5000000       0.33006196       0.00386899
     2.6000000       0.35158238       0.00380787
     2.7000000       0.37518921       0.00360220
     2.8000000       0.40754951       0.00351453
     2.9000000       0.44427763       0.00352751
     3.0000000       0.49862434       0.00335609
