     0.0000000       0.08706829       0.01763024
     0.1000000       0.07832740       0.00806351
     0.2000000       0.05584949       0.00443886
     0.3000000       0.04950709       0.00732080
     0.4000000       0.02356556       0.00722271
     0.5000000       0.02145637       0.00594505
     0.6000000      -0.00281453       0.01469250
     0.7000000       0.00907275       0.00994753
     0.8000000       0.02656592       0.01303882
     0.9000000       0.03596639       0.02099497
     1.0000000       0.02782504       0.01707976
     1.1000000       0.02055654       0.01158812
     1.2000000       0.01928270       0.00941271
     1.3000000       0.03034090       0.01388196
     1.4000000       0.01831813       0.00919895
     1.5000000       0.01271236       0.00796784
     1.6000000       0.00828328       0.00518783
     1.7000000       0.00902814       0.00557302
     1.8000000       0.00580047       0.00576583
     1.9000000      -0.00491657       0.00509578
     2.0000000       0.00933845       0.00833523
     2.1000000       0.00277318       0.00666373
     2.2000000      -0.00108595       0.00868893
     2.3000000       0.01396413       0.00815245
     2.4000000       0.00030124       0.00518568
     2.5000000       0.01774877       0.00818535
     2.6000000       0.00631096       0.00383120
     2.7000000       0.00019070       0.00638405
     2.8000000      -0.00168992       0.00554700
     2.9000000       0.00309296       0.00733680
     3.0000000       0.00321246       0.00670806
     3.1000000       0.00937248       0.00754874
     3.2000000       0.01052374       0.00721992
     3.3000000       0.00677024       0.00688258
     3.4000000       0.00013688       0.00693181
     3.5000000      -0.00215058       0.00412342
     3.6000000      -0.00622190       0.00858381
     3.7000000      -0.00298334       0.00719893
     3.8000000       0.00917499       0.00922764
     3.9000000       0.00263952       0.00383763
     4.0000000       0.00691404       0.00502693
     4.1000000       0.00584785       0.00344090
     4.2000000       0.00296490       0.00734339
     4.3000000      -0.00647872       0.01044922
     4.4000000      -0.01045856       0.01028381
     4.5000000       0.00137505       0.00704374
     4.6000000       0.00119892       0.00844604
     4.7000000       0.01527045       0.00327428
     4.8000000       0.00924728       0.00444417
     4.9000000       0.00248567       0.00745647
     5.0000000      -0.00117058       0.01548139
     5.1000000       0.00093429       0.01479955
     5.2000000      -0.00072000       0.01175000
     5.3000000       0.00854793       0.00677024
     5.4000000       0.01453876       0.00844856
     5.5000000       0.01195848       0.00875877
     5.6000000       0.01144638       0.01345306
     5.7000000       0.02240887       0.00674926
     5.8000000       0.03078096       0.01152401
     5.9000000       0.05537928       0.01337333
     6.0000000       0.08706829       0.01763024
