     0.0000000       0.27285651       0.01998133
     0.1000000       0.17156471       0.00592155
     0.2000000       0.10222324       0.00835532
     0.3000000       0.07248419       0.00606094
     0.4000000       0.03595172       0.00701151
     0.5000000       0.03140409       0.00533935
     0.6000000       0.02353674       0.00638126
     0.7000000       0.02196003       0.00432075
     0.8000000       0.00559764       0.00610473
     0.9000000       0.00755546       0.00521296
     1.0000000       0.00875856       0.00435843
     1.1000000       0.00428265       0.00569810
     1.2000000      -0.00137161       0.00511216
     1.3000000       0.00605170       0.00615493
     1.4000000       0.00314261       0.00551398
     1.5000000      -0.00343645       0.00777686
     1.6000000      -0.00425914       0.00660409
     1.7000000      -0.00447530       0.00832225
     1.8000000      -0.00732662       0.00468671
     1.9000000       0.00231161       0.00901356
     2.0000000       0.00678182       0.00633514
     2.1000000      -0.00135784       0.00488696
     2.2000000      -0.00092622       0.00417150
     2.3000000      -0.00121765       0.00449069
     2.4000000       0.00347623       0.00467130
     2.5000000       0.00848077       0.00635827
     2.6000000       0.00336262       0.00851390
     2.7000000       0.00384693       0.01029409
     2.8000000      -0.00289447       0.01214250
     2.9000000      -0.00079380       0.00430692
     3.0000000      -0.00027897       0.00514666
     3.1000000      -0.00077754       0.00498056
     3.2000000       0.00273241       0.00297583
     3.3000000       0.00479594       0.00465633
     3.4000000       0.00569122       0.00258940
     3.5000000      -0.00843124       0.00692807
     3.6000000      -0.00297132       0.00376367
     3.7000000      -0.00156205       0.00451373
     3.8000000       0.00268583       0.00301212
     3.9000000      -0.00414493       0.00452225
     4.0000000       0.00647679       0.00328915
     4.1000000      -0.00121714       0.00427154
     4.2000000       0.00117501       0.00288591
     4.3000000      -0.00075516       0.00406929
     4.4000000       0.00118093       0.00284221
     4.5000000       0.00671658       0.00548379
     4.6000000       0.00187666       0.00358160
     4.7000000       0.00130468       0.00452614
     4.8000000      -0.00132562       0.00596791
     4.9000000      -0.00188532       0.00736541
     5.0000000       0.00353325       0.00476876
     5.1000000       0.01330554       0.00317660
     5.2000000       0.01824503       0.00497424
     5.3000000       0.01445831       0.00485532
     5.4000000       0.02530634       0.00325001
     5.5000000       0.02944863       0.00498379
     5.6000000       0.03168803       0.01224061
     5.7000000       0.05805875       0.00775918
     5.8000000       0.09465665       0.01342330
     5.9000000       0.16347414       0.01242256
     6.0000000       0.27285651       0.01998133
