     0.0000000       0.29134560       0.06781815
     0.1000000       0.15731074       0.05596365
     0.2000000       0.08841674       0.04591179
     0.3000000       0.05298612       0.03622837
     0.4000000       0.03550013       0.02679310
     0.5000000       0.02471286       0.02132562
     0.6000000       0.01491346       0.01880812
     0.7000000       0.00748638       0.01592185
     0.8000000       0.00678488       0.00971860
     0.9000000       0.00663839       0.00715485
     1.0000000       0.00223117       0.00834203
     1.1000000      -0.00912745       0.01702818
     1.2000000      -0.02532022       0.03183269
     1.3000000      -0.03816985       0.04418994
     1.4000000      -0.04934296       0.05647439
     1.5000000      -0.06088146       0.07107333
     1.6000000      -0.06666208       0.08028942
     1.7000000      -0.07091411       0.08817423
     1.8000000      -0.07536391       0.09529624
     1.9000000      -0.07005203       0.09005217
     2.0000000      -0.05766056       0.07600175
     2.1000000      -0.04846924       0.06459720
     2.2000000      -0.03761989       0.05167001
     2.3000000      -0.02556324       0.04008490
     2.4000000      -0.01505430       0.03143717
     2.5000000      -0.01122380       0.02746208
     2.6000000      -0.01716119       0.03115968
     2.7000000      -0.02645068       0.03886651
     2.8000000      -0.03083124       0.04337872
     2.9000000      -0.02695744       0.03985434
     3.0000000      -0.02214014       0.03399024
     3.1000000      -0.02544862       0.03552822
     3.2000000      -0.02546341       0.03465406
     3.3000000      -0.02482621       0.03350939
     3.4000000      -0.02647327       0.03457832
     3.5000000      -0.02327363       0.03076149
     3.6000000      -0.02076173       0.02793778
     3.7000000      -0.02270235       0.02838517
     3.8000000      -0.03115092       0.03450513
     3.9000000      -0.03478019       0.03763248
     4.0000000      -0.03184587       0.03490993
     4.1000000      -0.03179654       0.03513611
     4.2000000      -0.03208428       0.03465119
     4.3000000      -0.03443454       0.03536793
     4.4000000      -0.03609045       0.03725208
     4.5000000      -0.03633966       0.04118483
     4.6000000      -0.03378548       0.04444894
     4.7000000      -0.02389387       0.03903202
     4.8000000      -0.01833362       0.03516117
     4.9000000      -0.02619187       0.04266153
     5.0000000      -0.02765014       0.04473030
     5.1000000      -0.01420888       0.03240112
     5.2000000       0.00095526       0.02017952
     5.3000000       0.01422498       0.01340139
     5.4000000       0.02139122       0.01471159
     5.5000000       0.02608912       0.02117833
     5.6000000       0.03261418       0.03041233
     5.7000000       0.04212550       0.04653169
     5.8000000       0.06703317       0.06516260
     5.9000000       0.13746898       0.07312247
     6.0000000       0.29134560       0.06781815
