     0.0000000       0.51505071       0.04523766
     0.1000000       0.32382908       0.04428500
     0.2000000       0.22461628       0.04343560
     0.3000000       0.17228634       0.04283096
     0.4000000       0.13572576       0.04225745
     0.5000000       0.11313743       0.04158538
     0.6000000       0.10304701       0.04080466
     0.7000000       0.09169817       0.04064850
     0.8000000       0.08029246       0.04078723
     0.9000000       0.07703357       0.04077280
     1.0000000       0.07832854       0.04080269
     1.1000000       0.08130777       0.04015531
     1.2000000       0.08841966       0.03957537
     1.3000000       0.09650115       0.03969849
     1.4000000       0.09643286       0.03981176
     1.5000000       0.09620658       0.03939310
     1.6000000       0.10052434       0.03918623
     1.7000000       0.10158080       0.03988543
     1.8000000       0.10319099       0.04044210
     1.9000000       0.10657512       0.04062582
     2.0000000       0.10959185       0.04034256
     2.1000000       0.11136976       0.03994925
     2.2000000       0.10885559       0.04050006
     2.3000000       0.10654532       0.04149279
     2.4000000       0.10998342       0.04300791
     2.5000000       0.11802097       0.04517194
     2.6000000       0.13569083       0.04699748
     2.7000000       0.17096586       0.04815437
     2.8000000       0.22452275       0.04830225
     2.9000000       0.32172995       0.04695659
     3.0000000       0.51505071       0.04523766
