     0.0000000       0.35562139       0.00746174
     0.1000000       0.21756910       0.00663505
     0.2000000       0.15673003       0.00547549
     0.3000000       0.11488542       0.00313262
     0.4000000       0.09124721       0.00310946
     0.5000000       0.08430963       0.00421626
     0.6000000       0.09271555       0.00212828
     0.7000000       0.11126670       0.00442869
     0.8000000       0.14810825       0.00280753
     0.9000000       0.21571855       0.00438482
     1.0000000       0.35562139       0.00746174
