     0.0000000       0.30952390       0.03759012
     0.1000000       0.20073620       0.00698610
     0.2000000       0.11448119       0.00727362
     0.3000000       0.06882871       0.01091891
     0.4000000       0.01810030       0.01510458
     0.5000000       0.01322169       0.00562334
     0.6000000       0.00103935       0.00948185
     0.7000000      -0.01171399       0.01642963
     0.8000000       0.00446599       0.00699374
     0.9000000       0.00944377       0.00403113
     1.0000000      -0.00243284       0.00446925
     1.1000000       0.00608235       0.00536658
     1.2000000      -0.01258130       0.01165616
     1.3000000      -0.00320836       0.00361112
     1.4000000      -0.03141716       0.03505806
     1.5000000       0.00391486       0.00326119
     1.6000000      -0.00319800       0.00555457
     1.7000000      -0.00791031       0.00840505
     1.8000000      -0.01494625       0.01694008
     1.9000000      -0.00567470       0.00689026
     2.0000000       0.00124916       0.00993743
     2.1000000       0.00723231       0.00478154
     2.2000000      -0.00890767       0.01115717
     2.3000000      -0.00025247       0.00432525
     2.4000000       0.00043886       0.00676640
     2.5000000       0.01147066       0.00686805
     2.6000000       0.01298587       0.00767551
     2.7000000      -0.00118103       0.00604508
     2.8000000      -0.01527520       0.01976689
     2.9000000       0.00128194       0.00780518
     3.0000000       0.00010596       0.00387151
     3.1000000      -0.00333794       0.00604006
     3.2000000       0.00072786       0.00965658
     3.3000000      -0.00128240       0.00563234
     3.4000000       0.00414868       0.00320902
     3.5000000      -0.01120897       0.01578286
     3.6000000      -0.00674085       0.00824080
     3.7000000       0.00891814       0.00975671
     3.8000000       0.01089688       0.00556392
     3.9000000      -0.00187151       0.00795472
     4.0000000       0.00328064       0.00340993
     4.1000000      -0.00379581       0.00433614
     4.2000000       0.00689241       0.00405994
     4.3000000       0.00016504       0.00596697
     4.4000000      -0.00695868       0.00534202
     4.5000000      -0.00001639       0.00392054
     4.6000000       0.00097059       0.00308544
     4.7000000      -0.00633141       0.01001978
     4.8000000      -0.00702274       0.01080946
     4.9000000       0.00022220       0.00717628
     5.0000000      -0.00812658       0.01840392
     5.1000000      -0.01095756       0.02411639
     5.2000000      -0.02170182       0.03153893
     5.3000000       0.01469917       0.00314843
     5.4000000       0.00663436       0.01113981
     5.5000000       0.01228797       0.01450779
     5.6000000       0.01667387       0.02148200
     5.7000000       0.05604132       0.01317269
     5.8000000       0.08287416       0.02419556
     5.9000000       0.17330285       0.01953991
     6.0000000       0.30952390       0.03759012
