     0.0000000       0.29335307       0.01463015
     0.1000000       0.17625783       0.01323365
     0.2000000       0.10637677       0.01160085
     0.3000000       0.06309665       0.01038589
     0.4000000       0.03655627       0.00953013
     0.5000000       0.02075376       0.00875868
     0.6000000       0.01083026       0.00815977
     0.7000000       0.00463633       0.00794646
     0.8000000       0.00175720       0.00775166
     0.9000000      -0.00078334       0.00755872
     1.0000000      -0.00339909       0.00751580
     1.1000000      -0.00307962       0.00756163
     1.2000000      -0.00093311       0.00762276
     1.3000000       0.00109560       0.00740117
     1.4000000       0.00061317       0.00706503
     1.5000000      -0.00125304       0.00687930
     1.6000000      -0.00153030       0.00687361
     1.7000000      -0.00127490       0.00692904
     1.8000000      -0.00039587       0.00711479
     1.9000000       0.00119727       0.00742190
     2.0000000       0.00150483       0.00765488
     2.1000000       0.00144666       0.00805240
     2.2000000       0.00251678       0.00885952
     2.3000000       0.00479651       0.01011203
     2.4000000       0.00941110       0.01169470
     2.5000000       0.01695208       0.01374982
     2.6000000       0.03134835       0.01533492
     2.7000000       0.05972973       0.01571280
     2.8000000       0.10502394       0.01577068
     2.9000000       0.17480269       0.01548402
     3.0000000       0.29335307       0.01463015
