     0.0000000       0.25606892       0.02214950
     0.1000000       0.15003606       0.02302981
     0.2000000       0.09168914       0.02103980
     0.3000000       0.05799791       0.01844534
     0.4000000       0.03817162       0.01602441
     0.5000000       0.02603227       0.01451246
     0.6000000       0.01839267       0.01373266
     0.7000000       0.01288232       0.01368304
     0.8000000       0.00875668       0.01408325
     0.9000000       0.00605469       0.01469713
     1.0000000       0.00286844       0.01616331
     1.1000000      -0.00132030       0.01821358
     1.2000000      -0.00528163       0.02035035
     1.3000000      -0.00657944       0.02092369
     1.4000000      -0.00513364       0.01914594
     1.5000000      -0.00241304       0.01642581
     1.6000000       0.00027929       0.01393218
     1.7000000       0.00154827       0.01226299
     1.8000000       0.00126695       0.01139343
     1.9000000       0.00043711       0.01097207
     2.0000000      -0.00006869       0.01075819
     2.1000000      -0.00092093       0.01100380
     2.2000000      -0.00126061       0.01117192
     2.3000000      -0.00109595       0.01098813
     2.4000000      -0.00109882       0.01072694
     2.5000000      -0.00066248       0.01046836
     2.6000000      -0.00009172       0.01028579
     2.7000000       0.00016134       0.01008798
     2.8000000       0.00054510       0.00965103
     2.9000000       0.00142275       0.00887988
     3.0000000       0.00205916       0.00824104
     3.1000000       0.00245173       0.00808198
     3.2000000       0.00298691       0.00807440
     3.3000000       0.00381796       0.00798034
     3.4000000       0.00394842       0.00816176
     3.5000000       0.00395756       0.00853574
     3.6000000       0.00444143       0.00884835
     3.7000000       0.00522842       0.00860342
     3.8000000       0.00611406       0.00810505
     3.9000000       0.00596245       0.00817231
     4.0000000       0.00553695       0.00831247
     4.1000000       0.00555098       0.00822289
     4.2000000       0.00563926       0.00837992
     4.3000000       0.00571769       0.00882434
     4.4000000       0.00590877       0.00930167
     4.5000000       0.00613826       0.00970052
     4.6000000       0.00621500       0.01020575
     4.7000000       0.00589643       0.01125361
     4.8000000       0.00521620       0.01269214
     4.9000000       0.00514970       0.01391269
     5.0000000       0.00582415       0.01499940
     5.1000000       0.00674781       0.01633305
     5.2000000       0.00912857       0.01707502
     5.3000000       0.01379905       0.01703393
     5.4000000       0.02018388       0.01690933
     5.5000000       0.02875965       0.01684403
     5.6000000       0.04176586       0.01679168
     5.7000000       0.06272536       0.01690015
     5.8000000       0.09683566       0.01811021
     5.9000000       0.15469518       0.01977451
     6.0000000       0.25606892       0.02214950
