     0.0000000       0.04135794       0.00731466
     0.1000000       0.03934592       0.00590311
     0.2000000       0.04373853       0.00407080
     0.3000000       0.04710297       0.00443289
     0.4000000       0.05285406       0.00449835
     0.5000000       0.04625079       0.00515382
     0.6000000       0.04389426       0.00389726
     0.7000000       0.04584301       0.00430209
     0.8000000       0.04848667       0.00383338
     0.9000000       0.04401726       0.00410729
     1.0000000       0.04551697       0.00398329
     1.1000000       0.04018718       0.00370077
     1.2000000       0.03881262       0.00390725
     1.3000000       0.03964840       0.00458558
     1.4000000       0.04392877       0.00289004
     1.5000000       0.04737629       0.00345055
     1.6000000       0.04789815       0.00348217
     1.7000000       0.04708293       0.00396745
     1.8000000       0.04852888       0.00432129
     1.9000000       0.04503086       0.00466458
     2.0000000       0.04949185       0.00390304
     2.1000000       0.03943712       0.00355953
     2.2000000       0.04404053       0.00338359
     2.3000000       0.04492420       0.00334130
     2.4000000       0.03869687       0.00377895
     2.5000000       0.04182507       0.00422788
     2.6000000       0.04275921       0.00352858
     2.7000000       0.03742329       0.00794975
     2.8000000       0.03706632       0.00858749
     2.9000000       0.04739800       0.00639741
     3.0000000       0.04135794       0.00731466
