     0.0000000       0.37280245       0.00956807
     0.1000000       0.25292987       0.00962671
     0.2000000       0.18706141       0.00956724
     0.3000000       0.15209641       0.00949612
     0.4000000       0.13546953       0.00950412
     0.5000000       0.13073639       0.00951498
     0.6000000       0.13576565       0.00954705
     0.7000000       0.15240149       0.00954310
     0.8000000       0.18769129       0.00949061
     0.9000000       0.25348565       0.00949196
     1.0000000       0.37280245       0.00956807
