     0.0000000       0.64091850       0.00642613
     0.1000000       0.52608490       0.00579295
     0.2000000       0.43930494       0.00522934
     0.3000000       0.37267765       0.00477165
     0.4000000       0.32135623       0.00449221
     0.5000000       0.28142515       0.00437445
     0.6000000       0.25009421       0.00439111
     0.7000000       0.22576599       0.00461016
     0.8000000       0.20629178       0.00479259
     0.9000000       0.19014432       0.00451818
     1.0000000       0.17758543       0.00404347
     1.1000000       0.16782449       0.00364687
     1.2000000       0.15955374       0.00316000
     1.3000000       0.15312777       0.00289102
     1.4000000       0.15009815       0.00304529
     1.5000000       0.14962413       0.00333293
     1.6000000       0.15059063       0.00351688
     1.7000000       0.15380896       0.00364628
     1.8000000       0.15922393       0.00384867
     1.9000000       0.16678391       0.00429076
     2.0000000       0.17673680       0.00459779
     2.1000000       0.18911475       0.00445130
     2.2000000       0.20452709       0.00411495
     2.3000000       0.22400683       0.00395048
     2.4000000       0.24912393       0.00404552
     2.5000000       0.28173365       0.00464704
     2.6000000       0.32358200       0.00586056
     2.7000000       0.37628652       0.00701235
     2.8000000       0.44258515       0.00739543
     2.9000000       0.52791861       0.00701449
     3.0000000       0.64091850       0.00642613
