     0.0000000       0.17167489       0.00708107
     0.1000000       0.14535476       0.00713157
     0.2000000       0.12797965       0.00707085
     0.3000000       0.11722268       0.00695449
     0.4000000       0.11109490       0.00690323
     0.5000000       0.10885048       0.00692814
     0.6000000       0.11059643       0.00697482
     0.7000000       0.11651236       0.00699822
     0.8000000       0.12759508       0.00701862
     0.9000000       0.14541571       0.00703754
     1.0000000       0.17167489       0.00708107
