     0.0000000       0.92120829       0.00226492
     0.1000000       0.72264995       0.00232580
     0.2000000       0.57156179       0.00239450
     0.3000000       0.45649821       0.00235980
     0.4000000       0.36669288       0.00228562
     0.5000000       0.29316220       0.00231928
     0.6000000       0.23856279       0.00227156
     0.7000000       0.19296031       0.00216619
     0.8000000       0.15789181       0.00219054
     0.9000000       0.12862429       0.00210786
     1.0000000       0.10388227       0.00191554
     1.1000000       0.08387814       0.00197133
     1.2000000       0.06877975       0.00206357
     1.3000000       0.05819180       0.00218992
     1.4000000       0.04651727       0.00226252
     1.5000000       0.04115619       0.00210573
     1.6000000       0.03171023       0.00214701
     1.7000000       0.02682333       0.00190061
     1.8000000       0.02199690       0.00176316
     1.9000000       0.01860513       0.00179150
     2.0000000       0.01592039       0.00178469
     2.1000000       0.01404443       0.00175305
     2.2000000       0.01311279       0.00181808
     2.3000000       0.01089934       0.00207957
     2.4000000       0.00923702       0.00180865
     2.5000000       0.00836301       0.00189025
     2.6000000       0.00816544       0.00182478
     2.7000000       0.00530616       0.00163614
     2.8000000       0.00463135       0.00160984
     2.9000000       0.00506064       0.00159996
     3.0000000       0.00443063       0.00163112
     3.1000000       0.00251973       0.00181216
     3.2000000       0.00151296       0.00199019
     3.3000000       0.00287859       0.00197582
     3.4000000       0.00158501       0.00178398
     3.5000000       0.00126653       0.00167792
     3.6000000       0.00214992       0.00182575
     3.7000000       0.00227330       0.00163777
     3.8000000       0.00209586       0.00164148
     3.9000000       0.00080639       0.00148626
     4.0000000       0.00146327       0.00165754
     4.1000000       0.00001959       0.00160155
     4.2000000      -0.00008967       0.00150630
     4.3000000      -0.00121548       0.00151423
     4.4000000       0.00164251       0.00171294
     4.5000000       0.00267435       0.00181555
     4.6000000       0.00347161       0.00175651
     4.7000000       0.00472446       0.00169163
     4.8000000       0.00468689       0.00165675
     4.9000000       0.00582203       0.00169891
     5.0000000       0.00657659       0.00207582
     5.1000000       0.00539305       0.00171039
     5.2000000       0.00712217       0.00166631
     5.3000000       0.01066426       0.00194966
     5.4000000       0.01149269       0.00180170
     5.5000000       0.01759897       0.00167767
     5.6000000       0.02114640       0.00188685
     5.7000000       0.02996648       0.00195706
     5.8000000       0.03912715       0.00184812
     5.9000000       0.05396928       0.00215321
     6.0000000       0.07879171       0.00226492
