     0.0000000       0.74004265       0.00049658
     0.1000000       0.60839388       0.00072793
     0.2000000       0.51007728       0.00076426
     0.3000000       0.43508591       0.00075255
     0.4000000       0.37835707       0.00075194
     0.5000000       0.33550948       0.00070509
     0.6000000       0.30252209       0.00067353
     0.7000000       0.27886925       0.00057537
     0.8000000       0.26261801       0.00059522
     0.9000000       0.25656585       0.00050046
     1.0000000       0.25995735       0.00049658
