     0.0000000       0.25849517       0.00748813
     0.1000000       0.18351637       0.00742899
     0.2000000       0.14740428       0.00461674
     0.3000000       0.11775171       0.00336878
     0.4000000       0.10020350       0.00348458
     0.5000000       0.09256219       0.00404816
     0.6000000       0.09946396       0.00339025
     0.7000000       0.11334500       0.00409002
     0.8000000       0.13954743       0.00422229
     0.9000000       0.18253205       0.00544054
     1.0000000       0.25849517       0.00748813
