     0.0000000       0.27879804       0.01334033
     0.1000000       0.18359107       0.00746413
     0.2000000       0.12753135       0.01458445
     0.3000000       0.07724062       0.00563385
     0.4000000       0.04079371       0.00564339
     0.5000000       0.00672636       0.01129678
     0.6000000       0.00933000       0.00729425
     0.7000000       0.02393544       0.01519674
     0.8000000       0.00498263       0.00709916
     0.9000000       0.00347571       0.01080569
     1.0000000      -0.00070472       0.01276516
     1.1000000       0.01382602       0.00617025
     1.2000000       0.00899335       0.00659083
     1.3000000      -0.00239320       0.00572641
     1.4000000      -0.00238986       0.01237196
     1.5000000       0.01699581       0.01372290
     1.6000000       0.02024208       0.01369233
     1.7000000       0.01393152       0.01044245
     1.8000000       0.01826097       0.01186806
     1.9000000       0.01388661       0.00864843
     2.0000000       0.00586485       0.00745946
     2.1000000       0.00822579       0.00717487
     2.2000000       0.00656845       0.00766562
     2.3000000      -0.00102721       0.01072455
     2.4000000       0.00639684       0.00486591
     2.5000000      -0.00139962       0.00655959
     2.6000000       0.00095455       0.00411263
     2.7000000      -0.00390234       0.00564786
     2.8000000      -0.00634845       0.00807534
     2.9000000      -0.00210323       0.00699980
     3.0000000      -0.00523821       0.00610307
     3.1000000      -0.01433451       0.01124978
     3.2000000      -0.01285565       0.00890854
     3.3000000      -0.00287504       0.00590007
     3.4000000      -0.00080860       0.00510820
     3.5000000      -0.00609364       0.00809969
     3.6000000      -0.00969023       0.00853761
     3.7000000      -0.00419494       0.00351447
     3.8000000      -0.00683730       0.00398201
     3.9000000      -0.00960565       0.00653800
     4.0000000      -0.01056160       0.00628586
     4.1000000      -0.02093975       0.01285939
     4.2000000      -0.00948728       0.00809026
     4.3000000      -0.01033021       0.00905117
     4.4000000      -0.01123561       0.00742800
     4.5000000      -0.00500489       0.00619204
     4.6000000      -0.00074761       0.00601759
     4.7000000      -0.00755509       0.00701694
     4.8000000      -0.00395124       0.00671589
     4.9000000      -0.00197438       0.00843927
     5.0000000      -0.00711722       0.00850558
     5.1000000      -0.00573211       0.01093226
     5.2000000       0.00519737       0.00595647
     5.3000000       0.02148355       0.01029344
     5.4000000       0.01759672       0.00663633
     5.5000000       0.01514191       0.01246043
     5.6000000       0.04083616       0.00516437
     5.7000000       0.05580725       0.00843381
     5.8000000       0.09267323       0.01182191
     5.9000000       0.16835364       0.00761744
     6.0000000       0.27879804       0.01334033
