     0.0000000       0.39495727       0.01971676
     0.1000000       0.21476758       0.01458842
     0.2000000       0.12991357       0.01027683
     0.3000000       0.07765922       0.00957666
     0.4000000       0.04874382       0.00984551
     0.5000000       0.03090144       0.01046450
     0.6000000       0.01903264       0.01053673
     0.7000000       0.01105251       0.01134596
     0.8000000       0.01103021       0.01002843
     0.9000000       0.00947179       0.00950759
     1.0000000       0.00900700       0.00936651
     1.1000000       0.00623755       0.00948665
     1.2000000       0.00473151       0.01002060
     1.3000000       0.00708962       0.01069435
     1.4000000       0.00841510       0.00987348
     1.5000000       0.01138724       0.00927113
     1.6000000       0.01480766       0.00826035
     1.7000000       0.00980098       0.00937593
     1.8000000       0.00557573       0.00930443
     1.9000000       0.00248715       0.00955407
     2.0000000       0.00621618       0.00871139
     2.1000000       0.00756860       0.00852438
     2.2000000       0.00887136       0.00894938
     2.3000000       0.01435809       0.00954623
     2.4000000       0.01469447       0.01209637
     2.5000000       0.02814910       0.01012813
     2.6000000       0.05242003       0.00870159
     2.7000000       0.07662744       0.01037511
     2.8000000       0.12588737       0.01121334
     2.9000000       0.22572377       0.01406284
     3.0000000       0.39495727       0.01971676
