     0.0000000       0.33321538       0.00884543
     0.1000000       0.19264997       0.00602783
     0.2000000       0.12563019       0.00320415
     0.3000000       0.07985337       0.00325206
     0.4000000       0.05754587       0.00332902
     0.5000000       0.04221643       0.00417937
     0.6000000       0.03115852       0.00369726
     0.7000000       0.02333339       0.00297154
     0.8000000       0.01868299       0.00309526
     0.9000000       0.01200437       0.00296149
     1.0000000       0.01289836       0.00286155
     1.1000000       0.00938384       0.00275402
     1.2000000       0.00878756       0.00285217
     1.3000000       0.01448755       0.00367872
     1.4000000       0.01616194       0.00331098
     1.5000000       0.01651769       0.00339791
     1.6000000       0.01676558       0.00371284
     1.7000000       0.01484211       0.00350605
     1.8000000       0.00829981       0.00297477
     1.9000000       0.00970488       0.00313572
     2.0000000       0.01501861       0.00256841
     2.1000000       0.01429765       0.00430464
     2.2000000       0.01864556       0.00319498
     2.3000000       0.02316505       0.00355266
     2.4000000       0.02682241       0.00432606
     2.5000000       0.03820236       0.00407609
     2.6000000       0.06175826       0.00702397
     2.7000000       0.07878659       0.00418090
     2.8000000       0.11941146       0.00595028
     2.9000000       0.20404837       0.00746081
     3.0000000       0.33321538       0.00884543
