     0.0000000       0.20448969       0.01525482
     0.1000000       0.14553267       0.00739733
     0.2000000       0.09985979       0.00540381
     0.3000000       0.05901822       0.00386573
     0.4000000       0.03803066       0.00443725
     0.5000000       0.02965993       0.00358444
     0.6000000       0.00476673       0.01574168
     0.7000000      -0.00114888       0.01021194
     0.8000000       0.00371810       0.00522929
     0.9000000       0.01361576       0.00421817
     1.0000000       0.01060396       0.00321176
     1.1000000       0.00409832       0.00275950
     1.2000000       0.01375947       0.01145757
     1.3000000       0.00597890       0.00382502
     1.4000000       0.00267013       0.00406937
     1.5000000       0.00218377       0.00400974
     1.6000000       0.00085708       0.00329736
     1.7000000      -0.00598077       0.00910902
     1.8000000       0.00059185       0.00450280
     1.9000000      -0.00088180       0.00563138
     2.0000000      -0.00102373       0.00453163
     2.1000000       0.00179878       0.00249434
     2.2000000      -0.00214727       0.00469262
     2.3000000       0.00316050       0.00388975
     2.4000000       0.00517800       0.00755488
     2.5000000       0.00561843       0.00531674
     2.6000000       0.00509552       0.00330757
     2.7000000       0.00336128       0.00500632
     2.8000000       0.00526389       0.00782248
     2.9000000       0.00274816       0.00284619
     3.0000000      -0.00208957       0.00327018
     3.1000000       0.00052572       0.00434493
     3.2000000       0.00422094       0.00505626
     3.3000000       0.00291996       0.00489629
     3.4000000      -0.00001641       0.00352331
     3.5000000      -0.00165559       0.00489532
     3.6000000       0.00075932       0.00600459
     3.7000000       0.00199460       0.00490603
     3.8000000       0.00323919       0.00276601
     3.9000000       0.00089249       0.00425690
     4.0000000       0.00607535       0.00227451
     4.1000000       0.00400796       0.00256580
     4.2000000       0.00647872       0.00276542
     4.3000000      -0.00095092       0.00443059
     4.4000000       0.00360282       0.00564794
     4.5000000       0.00494800       0.00281000
     4.6000000       0.00758505       0.00342060
     4.7000000       0.00510510       0.00312432
     4.8000000       0.00332691       0.00801319
     4.9000000      -0.00255609       0.01217357
     5.0000000      -0.00122901       0.01059372
     5.1000000       0.00635849       0.00533474
     5.2000000       0.01002364       0.00492146
     5.3000000       0.01735903       0.00310860
     5.4000000       0.01130804       0.01431519
     5.5000000       0.02244220       0.01151441
     5.6000000       0.04039925       0.00486480
     5.7000000       0.06325788       0.00468441
     5.8000000       0.08002351       0.01042397
     5.9000000       0.13812994       0.00484838
     6.0000000       0.20448969       0.01525482
