     0.0000000       0.92737926       0.00189307
     0.1000000       0.72889517       0.00239881
     0.2000000       0.57871570       0.00250177
     0.3000000       0.46220766       0.00223501
     0.4000000       0.36898963       0.00210133
     0.5000000       0.29887930       0.00202260
     0.6000000       0.24231401       0.00195190
     0.7000000       0.19802237       0.00176229
     0.8000000       0.16066046       0.00186273
     0.9000000       0.13217610       0.00186558
     1.0000000       0.10887954       0.00210549
     1.1000000       0.08895751       0.00187247
     1.2000000       0.07434448       0.00203360
     1.3000000       0.06092266       0.00190910
     1.4000000       0.04962644       0.00196636
     1.5000000       0.03988199       0.00181141
     1.6000000       0.03401624       0.00175640
     1.7000000       0.02975406       0.00164069
     1.8000000       0.02586411       0.00168004
     1.9000000       0.02184770       0.00160935
     2.0000000       0.01831685       0.00160201
     2.1000000       0.01535431       0.00178662
     2.2000000       0.01324170       0.00153991
     2.3000000       0.01193120       0.00152449
     2.4000000       0.01079914       0.00172912
     2.5000000       0.01151677       0.00176574
     2.6000000       0.00785549       0.00164575
     2.7000000       0.00800737       0.00167026
     2.8000000       0.00546651       0.00153804
     2.9000000       0.00410688       0.00152860
     3.0000000       0.00458841       0.00168253
     3.1000000       0.00347987       0.00170758
     3.2000000       0.00282618       0.00153805
     3.3000000       0.00273048       0.00157891
     3.4000000       0.00310094       0.00167854
     3.5000000       0.00459251       0.00185957
     3.6000000       0.00464525       0.00165542
     3.7000000       0.00485678       0.00176383
     3.8000000       0.00493015       0.00184641
     3.9000000       0.00383265       0.00164327
     4.0000000       0.00408623       0.00163312
     4.1000000       0.00352726       0.00164096
     4.2000000       0.00229814       0.00162083
     4.3000000       0.00353385       0.00156555
     4.4000000       0.00206340       0.00199199
     4.5000000       0.00178997       0.00188030
     4.6000000       0.00473128       0.00183409
     4.7000000       0.00572760       0.00177070
     4.8000000       0.00717937       0.00177502
     4.9000000       0.00759733       0.00178901
     5.0000000       0.00756311       0.00170527
     5.1000000       0.00856474       0.00199900
     5.2000000       0.00908972       0.00195844
     5.3000000       0.00847656       0.00190073
     5.4000000       0.01230661       0.00188977
     5.5000000       0.01711024       0.00197530
     5.6000000       0.02148144       0.00199435
     5.7000000       0.02868467       0.00192305
     5.8000000       0.03640411       0.00196418
     5.9000000       0.05022587       0.00197973
     6.0000000       0.07262074       0.00189307
