     0.0000000       0.09139047       0.00672914
     0.1000000       0.07473799       0.00655655
     0.2000000       0.06200305       0.00644588
     0.3000000       0.05211201       0.00636875
     0.4000000       0.04397028       0.00633099
     0.5000000       0.03721923       0.00632538
     0.6000000       0.03168691       0.00631091
     0.7000000       0.02695711       0.00631279
     0.8000000       0.02333680       0.00625735
     0.9000000       0.02093224       0.00613058
     1.0000000       0.01916082       0.00600525
     1.1000000       0.01791007       0.00586196
     1.2000000       0.01743667       0.00571534
     1.3000000       0.01713365       0.00562092
     1.4000000       0.01653203       0.00560840
     1.5000000       0.01616783       0.00565221
     1.6000000       0.01626116       0.00570748
     1.7000000       0.01664835       0.00578619
     1.8000000       0.01705284       0.00590257
     1.9000000       0.01783018       0.00600132
     2.0000000       0.01909753       0.00610316
     2.1000000       0.02082223       0.00619585
     2.2000000       0.02334784       0.00626438
     2.3000000       0.02663524       0.00635804
     2.4000000       0.03067049       0.00653429
     2.5000000       0.03565561       0.00676048
     2.6000000       0.04210672       0.00688323
     2.7000000       0.05041832       0.00691005
     2.8000000       0.06084735       0.00690838
     2.9000000       0.07406956       0.00686738
     3.0000000       0.09139047       0.00672914
