     0.0000000       0.69241783       0.00835834
     0.1000000       0.58118660       0.00831768
     0.2000000       0.50144611       0.00825567
     0.3000000       0.44252243       0.00811893
     0.4000000       0.39829558       0.00816450
     0.5000000       0.36493252       0.00853918
     0.6000000       0.33960990       0.00927740
     0.7000000       0.32071661       0.01056937
     0.8000000       0.30551207       0.01153044
     0.9000000       0.29198405       0.01117804
     1.0000000       0.28106954       0.01031737
     1.1000000       0.27245405       0.00932686
     1.2000000       0.26546110       0.00843620
     1.3000000       0.26052323       0.00825697
     1.4000000       0.25799078       0.00847924
     1.5000000       0.25744355       0.00868820
     1.6000000       0.25833815       0.00878891
     1.7000000       0.26107775       0.00906172
     1.8000000       0.26524581       0.00903063
     1.9000000       0.27076345       0.00845068
     2.0000000       0.27861189       0.00808907
     2.1000000       0.28818739       0.00742242
     2.2000000       0.30023672       0.00657013
     2.3000000       0.31656368       0.00629277
     2.4000000       0.33806910       0.00659760
     2.5000000       0.36593279       0.00738386
     2.6000000       0.40084495       0.00810916
     2.7000000       0.44467694       0.00824798
     2.8000000       0.50263238       0.00826050
     2.9000000       0.58181063       0.00836936
     3.0000000       0.69241783       0.00835834
