     0.0000000       0.93235272       0.00091601
     0.1000000       0.60610690       0.00106603
     0.2000000       0.40243293       0.00100743
     0.3000000       0.27182999       0.00088446
     0.4000000       0.18951229       0.00077837
     0.5000000       0.13767557       0.00077529
     0.6000000       0.10485691       0.00081196
     0.7000000       0.08317182       0.00083400
     0.8000000       0.07142800       0.00084439
     0.9000000       0.06599747       0.00092509
     1.0000000       0.06764728       0.00091601
