     0.0000000       0.25538653       0.00954117
     0.1000000       0.16289885       0.00999550
     0.2000000       0.10695901       0.00899475
     0.3000000       0.07131259       0.00765901
     0.4000000       0.04923406       0.00654887
     0.5000000       0.03677147       0.00598880
     0.6000000       0.02825054       0.00601293
     0.7000000       0.02157508       0.00678943
     0.8000000       0.01847514       0.00673597
     0.9000000       0.01730580       0.00590611
     1.0000000       0.01747388       0.00533334
     1.1000000       0.01717159       0.00503921
     1.2000000       0.01452030       0.00451645
     1.3000000       0.01223727       0.00450850
     1.4000000       0.01343012       0.00457380
     1.5000000       0.01533205       0.00503288
     1.6000000       0.01465591       0.00529547
     1.7000000       0.01254567       0.00544245
     1.8000000       0.01051672       0.00544596
     1.9000000       0.00934553       0.00553864
     2.0000000       0.00853282       0.00581566
     2.1000000       0.00621006       0.00607503
     2.2000000       0.00419161       0.00603012
     2.3000000       0.00254998       0.00555630
     2.4000000      -0.00031303       0.00514497
     2.5000000      -0.00362568       0.00536456
     2.6000000      -0.00718451       0.00616327
     2.7000000      -0.01013422       0.00689237
     2.8000000      -0.01127328       0.00711800
     2.9000000      -0.01065084       0.00674519
     3.0000000      -0.00943406       0.00596422
     3.1000000      -0.00802899       0.00563241
     3.2000000      -0.00647178       0.00563982
     3.3000000      -0.00490120       0.00551472
     3.4000000      -0.00294525       0.00515959
     3.5000000      -0.00116441       0.00507437
     3.6000000      -0.00111049       0.00537672
     3.7000000      -0.00137159       0.00565594
     3.8000000      -0.00225449       0.00613899
     3.9000000      -0.00382432       0.00677929
     4.0000000      -0.00504703       0.00708735
     4.1000000      -0.00620079       0.00696849
     4.2000000      -0.00784506       0.00673692
     4.3000000      -0.01042250       0.00674258
     4.4000000      -0.01212793       0.00653871
     4.5000000      -0.01270553       0.00629932
     4.6000000      -0.01332267       0.00639468
     4.7000000      -0.01334253       0.00683148
     4.8000000      -0.01327354       0.00761854
     4.9000000      -0.01238910       0.00760895
     5.0000000      -0.00920380       0.00687818
     5.1000000      -0.00525489       0.00679467
     5.2000000      -0.00063972       0.00697274
     5.3000000       0.00584282       0.00685405
     5.4000000       0.01497692       0.00661678
     5.5000000       0.02746686       0.00637659
     5.6000000       0.04393299       0.00664079
     5.7000000       0.06810298       0.00717828
     5.8000000       0.10584061       0.00751087
     5.9000000       0.16366207       0.00823148
     6.0000000       0.25538653       0.00954117
