     0.0000000       0.27748779       0.01249383
     0.1000000       0.18585114       0.01425028
     0.2000000       0.10437462       0.00451559
     0.3000000       0.06398600       0.00695440
     0.4000000       0.02627914       0.00475842
     0.5000000       0.02484028       0.00474443
     0.6000000       0.02566906       0.00557737
     0.7000000       0.01483346       0.00398872
     0.8000000       0.01759671       0.01042527
     0.9000000       0.02003970       0.01696081
     1.0000000       0.01128995       0.01348203
     1.1000000       0.00982768       0.01199358
     1.2000000       0.00744023       0.00539797
     1.3000000       0.00578406       0.00360943
     1.4000000       0.00121175       0.00738313
     1.5000000       0.00602241       0.00466513
     1.6000000      -0.00912051       0.00643828
     1.7000000      -0.00683760       0.00459049
     1.8000000      -0.00496489       0.00449223
     1.9000000       0.00380637       0.00419527
     2.0000000       0.00378938       0.00630620
     2.1000000       0.00238292       0.00661285
     2.2000000      -0.00782163       0.00802040
     2.3000000       0.00464254       0.00481045
     2.4000000      -0.00098982       0.00348995
     2.5000000       0.00406132       0.00500452
     2.6000000      -0.00516337       0.00355155
     2.7000000      -0.00607315       0.00721832
     2.8000000      -0.00289286       0.00754807
     2.9000000       0.00536577       0.00458157
     3.0000000      -0.00025281       0.00312672
     3.1000000       0.00579789       0.00491793
     3.2000000       0.00832731       0.00438401
     3.3000000       0.00507676       0.00453374
     3.4000000       0.00109816       0.00405362
     3.5000000      -0.00741808       0.00685424
     3.6000000       0.00197219       0.00625884
     3.7000000       0.00462239       0.00592439
     3.8000000       0.00327828       0.00488341
     3.9000000      -0.00138440       0.00385798
     4.0000000       0.00197059       0.00426106
     4.1000000      -0.00046525       0.00534417
     4.2000000       0.00064774       0.00319621
     4.3000000       0.01008995       0.00464522
     4.4000000       0.01115758       0.00660917
     4.5000000       0.00326106       0.00431485
     4.6000000      -0.00841383       0.00827971
     4.7000000      -0.01860466       0.01151112
     4.8000000      -0.00469491       0.00780431
     4.9000000       0.00056119       0.00697533
     5.0000000       0.00909302       0.00335151
     5.1000000       0.00730476       0.00413425
     5.2000000      -0.00247972       0.00714424
     5.3000000       0.00898574       0.00461975
     5.4000000       0.01153151       0.00355161
     5.5000000       0.01998528       0.00572099
     5.6000000       0.03256028       0.00554071
     5.7000000       0.06359452       0.00700247
     5.8000000       0.09830186       0.00597478
     5.9000000       0.17118499       0.00587288
     6.0000000       0.27748779       0.01249383
