     0.0000000       0.28165003       0.00775287
     0.1000000       0.19809524       0.00641553
     0.2000000       0.15358544       0.00335484
     0.3000000       0.12078684       0.00339139
     0.4000000       0.10084692       0.00527589
     0.5000000       0.09674963       0.00522098
     0.6000000       0.10180853       0.00400950
     0.7000000       0.11904838       0.00494837
     0.8000000       0.14732645       0.00394358
     0.9000000       0.19405442       0.00598745
     1.0000000       0.28165003       0.00775287
