     0.0000000       0.31623950       0.00479498
     0.1000000       0.28118426       0.00487622
     0.2000000       0.25079721       0.00384358
     0.3000000       0.22455297       0.00274590
     0.4000000       0.20292917       0.00236384
     0.5000000       0.18488296       0.00239718
     0.6000000       0.16944396       0.00257677
     0.7000000       0.15665433       0.00255970
     0.8000000       0.14609931       0.00241406
     0.9000000       0.13697131       0.00227299
     1.0000000       0.12897375       0.00222602
     1.1000000       0.12195545       0.00222033
     1.2000000       0.11547665       0.00217779
     1.3000000       0.10877942       0.00209620
     1.4000000       0.10217112       0.00236937
     1.5000000       0.09651298       0.00270424
     1.6000000       0.09148908       0.00296289
     1.7000000       0.08670528       0.00348467
     1.8000000       0.08258350       0.00400447
     1.9000000       0.07920919       0.00433911
     2.0000000       0.07639032       0.00439210
     2.1000000       0.07388918       0.00437743
     2.2000000       0.07151229       0.00452391
     2.3000000       0.06982739       0.00449142
     2.4000000       0.06839384       0.00465999
     2.5000000       0.06686311       0.00502900
     2.6000000       0.06588576       0.00513027
     2.7000000       0.06550714       0.00499730
     2.8000000       0.06560163       0.00476162
     2.9000000       0.06589199       0.00445889
     3.0000000       0.06596451       0.00423366
     3.1000000       0.06603896       0.00409539
     3.2000000       0.06621868       0.00383678
     3.3000000       0.06634247       0.00367230
     3.4000000       0.06692020       0.00364530
     3.5000000       0.06813778       0.00348192
     3.6000000       0.06997489       0.00301516
     3.7000000       0.07210622       0.00269205
     3.8000000       0.07456881       0.00254698
     3.9000000       0.07775310       0.00220289
     4.0000000       0.08090754       0.00210532
     4.1000000       0.08391734       0.00218932
     4.2000000       0.08729680       0.00219439
     4.3000000       0.09095022       0.00217280
     4.4000000       0.09500267       0.00215101
     4.5000000       0.09918152       0.00217256
     4.6000000       0.10337050       0.00219768
     4.7000000       0.10825083       0.00231256
     4.8000000       0.11412860       0.00262863
     4.9000000       0.12071724       0.00293380
     5.0000000       0.12807225       0.00313183
     5.1000000       0.13704236       0.00284846
     5.2000000       0.14742782       0.00250564
     5.3000000       0.15848443       0.00245492
     5.4000000       0.17139830       0.00235817
     5.5000000       0.18674354       0.00248830
     5.6000000       0.20428401       0.00279177
     5.7000000       0.22496892       0.00329853
     5.8000000       0.24976086       0.00392096
     5.9000000       0.27947319       0.00433116
     6.0000000       0.31623950       0.00479498
