     0.0000000       0.31230781       0.00723490
     0.1000000       0.18941665       0.00541177
     0.2000000       0.12147550       0.00483873
     0.3000000       0.07918618       0.00401547
     0.4000000       0.05902632       0.00360642
     0.5000000       0.04100257       0.00438265
     0.6000000       0.03212866       0.00476383
     0.7000000       0.02452315       0.00443120
     0.8000000       0.01744964       0.00307109
     0.9000000       0.01251626       0.00305785
     1.0000000       0.00828538       0.00431465
     1.1000000       0.00755478       0.00338751
     1.2000000       0.00194009       0.00580814
     1.3000000       0.00798691       0.00290142
     1.4000000       0.01258292       0.00417287
     1.5000000       0.00992997       0.00298157
     1.6000000       0.01269363       0.00375657
     1.7000000       0.01163309       0.00371186
     1.8000000       0.00857635       0.00293697
     1.9000000       0.00815544       0.00435429
     2.0000000       0.01217303       0.00436545
     2.1000000       0.01647909       0.00331963
     2.2000000       0.02315516       0.00269427
     2.3000000       0.02491006       0.00267782
     2.4000000       0.02601369       0.00350029
     2.5000000       0.03687879       0.00419698
     2.6000000       0.05725030       0.00434669
     2.7000000       0.07592656       0.00530840
     2.8000000       0.11581827       0.00680824
     2.9000000       0.19776341       0.00613516
     3.0000000       0.31230781       0.00723490
