     0.0000000       0.50043393       0.00055414
     0.1000000       0.45695706       0.00071286
     0.2000000       0.42752295       0.00087314
     0.3000000       0.40912652       0.00096508
     0.4000000       0.39882336       0.00095647
     0.5000000       0.39610178       0.00098219
     0.6000000       0.39925788       0.00097109
     0.7000000       0.41063288       0.00089445
     0.8000000       0.42754402       0.00081533
     0.9000000       0.45691710       0.00067368
     1.0000000       0.49956607       0.00055414
