     0.0000000       0.53951950       0.00397700
     0.1000000       0.51290501       0.00407937
     0.2000000       0.49404417       0.00400712
     0.3000000       0.48125958       0.00378239
     0.4000000       0.47399373       0.00366583
     0.5000000       0.47172644       0.00365191
     0.6000000       0.47410432       0.00366537
     0.7000000       0.48130463       0.00370208
     0.8000000       0.49385889       0.00377198
     0.9000000       0.51273983       0.00387510
     1.0000000       0.53951950       0.00397700
