     0.0000000       0.33667023       0.00908789
     0.1000000       0.19643302       0.00720328
     0.2000000       0.12504025       0.00463107
     0.3000000       0.07888996       0.00443093
     0.4000000       0.05456233       0.00374003
     0.5000000       0.03821297       0.00361103
     0.6000000       0.02681494       0.00326342
     0.7000000       0.01892600       0.00351446
     0.8000000       0.01392987       0.00400103
     0.9000000       0.00894996       0.00440888
     1.0000000       0.00990670       0.00413518
     1.1000000       0.00788634       0.00388469
     1.2000000       0.00705100       0.00371971
     1.3000000       0.01047976       0.00332800
     1.4000000       0.01129561       0.00313408
     1.5000000       0.01067849       0.00320616
     1.6000000       0.01027818       0.00355093
     1.7000000       0.00887201       0.00322557
     1.8000000       0.00494988       0.00412861
     1.9000000       0.00689160       0.00408799
     2.0000000       0.01183519       0.00385068
     2.1000000       0.01336433       0.00440857
     2.2000000       0.01835125       0.00391800
     2.3000000       0.02286694       0.00460925
     2.4000000       0.02698354       0.00557961
     2.5000000       0.03783284       0.00403545
     2.6000000       0.05930717       0.00400728
     2.7000000       0.07997801       0.00577083
     2.8000000       0.12256848       0.00712476
     2.9000000       0.20523124       0.00793913
     3.0000000       0.33667023       0.00908789
