     0.0000000       0.33470751       0.00894573
     0.1000000       0.21116002       0.00867354
     0.2000000       0.15303492       0.00383853
     0.3000000       0.11445011       0.00377572
     0.4000000       0.09288543       0.00434028
     0.5000000       0.08517053       0.00552414
     0.6000000       0.09352588       0.00439039
     0.7000000       0.11122957       0.00557171
     0.8000000       0.14692613       0.00464419
     0.9000000       0.21110161       0.00657745
     1.0000000       0.33470751       0.00894573
