     0.0000000       0.23347277       0.00703294
     0.1000000       0.17701107       0.00647483
     0.2000000       0.15016462       0.00427234
     0.3000000       0.12623998       0.00306732
     0.4000000       0.11082777       0.00331472
     0.5000000       0.10559608       0.00408965
     0.6000000       0.11098546       0.00302991
     0.7000000       0.12296097       0.00395891
     0.8000000       0.14231933       0.00358630
     0.9000000       0.17452187       0.00523849
     1.0000000       0.23347277       0.00703294
