     0.0000000       0.58176580       0.00352114
     0.1000000       0.53615124       0.00353981
     0.2000000       0.50346335       0.00355179
     0.3000000       0.48147499       0.00352051
     0.4000000       0.46903475       0.00352335
     0.5000000       0.46522912       0.00355029
     0.6000000       0.46961467       0.00356644
     0.7000000       0.48239759       0.00358688
     0.8000000       0.50437372       0.00358349
     0.9000000       0.53676248       0.00354325
     1.0000000       0.58176580       0.00352114
