     0.0000000       0.03296711       0.00158121
     0.1000000       0.02066208       0.00163638
     0.2000000       0.00957139       0.00142067
     0.3000000       0.00511536       0.00149649
     0.4000000       0.00314728       0.00135609
     0.5000000       0.00251374       0.00124612
     0.6000000      -0.00036068       0.00127458
     0.7000000       0.00044452       0.00149203
     0.8000000       0.00069170       0.00166612
     0.9000000       0.00024273       0.00145063
     1.0000000       0.00030657       0.00144761
     1.1000000      -0.00054610       0.00147520
     1.2000000      -0.00166201       0.00155374
     1.3000000       0.00046533       0.00133866
     1.4000000       0.00044221       0.00142925
     1.5000000       0.00146025       0.00120923
     1.6000000       0.00291219       0.00168881
     1.7000000       0.00039819       0.00147026
     1.8000000       0.00080919       0.00141354
     1.9000000      -0.00145487       0.00133631
     2.0000000      -0.00060398       0.00143459
     2.1000000      -0.00044819       0.00138936
     2.2000000       0.00122401       0.00150543
     2.3000000       0.00071551       0.00129048
     2.4000000       0.00135935       0.00116574
     2.5000000       0.00252183       0.00127076
     2.6000000       0.00401798       0.00144031
     2.7000000       0.00395053       0.00133638
     2.8000000       0.00225003       0.00139361
     2.9000000       0.00397612       0.00195839
     3.0000000       0.00522294       0.00205059
     3.1000000       0.00442466       0.00128333
     3.2000000       0.00474483       0.00139240
     3.3000000       0.00206357       0.00132315
     3.4000000       0.00057934       0.00135754
     3.5000000      -0.00122200       0.00136632
     3.6000000      -0.00133470       0.00130220
     3.7000000      -0.00061324       0.00140341
     3.8000000      -0.00061068       0.00147479
     3.9000000      -0.00006655       0.00130179
     4.0000000       0.00024131       0.00132579
     4.1000000       0.00031647       0.00182502
     4.2000000       0.00246615       0.00124063
     4.3000000       0.00565743       0.00188777
     4.4000000       0.00367876       0.00125814
     4.5000000       0.00369176       0.00195942
     4.6000000       0.00564243       0.00146647
     4.7000000       0.00790428       0.00167753
     4.8000000       0.01207132       0.00148755
     4.9000000       0.01638408       0.00169684
     5.0000000       0.01982464       0.00151226
     5.1000000       0.02665228       0.00144749
     5.2000000       0.03791301       0.00136769
     5.3000000       0.05550767       0.00156667
     5.4000000       0.08160457       0.00153244
     5.5000000       0.12079057       0.00151854
     5.6000000       0.17937728       0.00176995
     5.7000000       0.27000013       0.00169967
     5.8000000       0.41022573       0.00199636
     5.9000000       0.62805700       0.00200101
     6.0000000       0.96703289       0.00158121
