     0.0000000       0.27890714       0.00672982
     0.1000000       0.19309885       0.00651875
     0.2000000       0.15199306       0.00451924
     0.3000000       0.12028205       0.00328443
     0.4000000       0.10193347       0.00279980
     0.5000000       0.09452938       0.00374395
     0.6000000       0.10142305       0.00287092
     0.7000000       0.11611319       0.00400172
     0.8000000       0.14453081       0.00338240
     0.9000000       0.19219108       0.00473666
     1.0000000       0.27890714       0.00672982
