     0.0000000       0.11589800       0.00687841
     0.1000000       0.08203081       0.00720036
     0.2000000       0.06060825       0.00643154
     0.3000000       0.04702910       0.00533236
     0.4000000       0.03755323       0.00468608
     0.5000000       0.03086010       0.00434076
     0.6000000       0.02665767       0.00420399
     0.7000000       0.02341577       0.00413559
     0.8000000       0.02006429       0.00412798
     0.9000000       0.01707601       0.00417933
     1.0000000       0.01465101       0.00425644
     1.1000000       0.01253022       0.00434806
     1.2000000       0.01068834       0.00435923
     1.3000000       0.01022170       0.00398379
     1.4000000       0.01082525       0.00368978
     1.5000000       0.01096717       0.00374389
     1.6000000       0.01105893       0.00394315
     1.7000000       0.01174638       0.00444202
     1.8000000       0.01233532       0.00498970
     1.9000000       0.01281585       0.00537580
     2.0000000       0.01304227       0.00556305
     2.1000000       0.01296802       0.00572893
     2.2000000       0.01316327       0.00604525
     2.3000000       0.01296931       0.00605162
     2.4000000       0.01249666       0.00623181
     2.5000000       0.01252246       0.00662196
     2.6000000       0.01251735       0.00676590
     2.7000000       0.01245752       0.00661275
     2.8000000       0.01189304       0.00620496
     2.9000000       0.01131852       0.00576806
     3.0000000       0.01163969       0.00551551
     3.1000000       0.01164035       0.00536915
     3.2000000       0.01139385       0.00519303
     3.3000000       0.01136743       0.00521276
     3.4000000       0.01106028       0.00535384
     3.5000000       0.01045363       0.00525930
     3.6000000       0.00960514       0.00486742
     3.7000000       0.00894673       0.00464441
     3.8000000       0.00871529       0.00451479
     3.9000000       0.00839328       0.00412456
     4.0000000       0.00828182       0.00405296
     4.1000000       0.00847929       0.00421157
     4.2000000       0.00881239       0.00415843
     4.3000000       0.00937391       0.00405041
     4.4000000       0.01024381       0.00392549
     4.5000000       0.01183693       0.00387695
     4.6000000       0.01355485       0.00388656
     4.7000000       0.01472230       0.00394743
     4.8000000       0.01584404       0.00414215
     4.9000000       0.01685389       0.00436953
     5.0000000       0.01749232       0.00452081
     5.1000000       0.01796505       0.00428014
     5.2000000       0.01887110       0.00399933
     5.3000000       0.02132488       0.00394674
     5.4000000       0.02484449       0.00400364
     5.5000000       0.02939975       0.00433341
     5.6000000       0.03654031       0.00480088
     5.7000000       0.04686143       0.00542421
     5.8000000       0.06156395       0.00604329
     5.9000000       0.08356434       0.00641018
     6.0000000       0.11589800       0.00687841
