     0.0000000       0.87242300       0.00131872
     0.1000000       0.72325823       0.00150052
     0.2000000       0.60680323       0.00157002
     0.3000000       0.51512641       0.00155811
     0.4000000       0.44095874       0.00148354
     0.5000000       0.38028021       0.00148944
     0.6000000       0.33073896       0.00136671
     0.7000000       0.28814319       0.00129643
     0.8000000       0.25366469       0.00136161
     0.9000000       0.22355654       0.00137018
     1.0000000       0.19883898       0.00140960
     1.1000000       0.17720748       0.00144096
     1.2000000       0.15921812       0.00139604
     1.3000000       0.14403548       0.00121954
     1.4000000       0.13048031       0.00115969
     1.5000000       0.11950415       0.00108924
     1.6000000       0.10956859       0.00117770
     1.7000000       0.10185720       0.00123119
     1.8000000       0.09363193       0.00127106
     1.9000000       0.08799459       0.00132929
     2.0000000       0.08291069       0.00135295
     2.1000000       0.07950158       0.00130399
     2.2000000       0.07764961       0.00134117
     2.3000000       0.07733813       0.00121885
     2.4000000       0.07610848       0.00137548
     2.5000000       0.07592293       0.00134862
     2.6000000       0.07780508       0.00135458
     2.7000000       0.08482627       0.00124182
     2.8000000       0.09210577       0.00122852
     2.9000000       0.10766796       0.00125312
     3.0000000       0.12757700       0.00131872
