     0.0000000       0.46824983       0.00316096
     0.1000000       0.46824983       0.00316096
     0.2000000       0.46824983       0.00316096
     0.3000000       0.46824983       0.00316096
     0.4000000       0.46824983       0.00316096
     0.5000000       0.46824983       0.00316096
     0.6000000       0.46824983       0.00316096
     0.7000000       0.46824983       0.00316096
     0.8000000       0.46824983       0.00316096
     0.9000000       0.46824983       0.00316096
     1.0000000       0.46824983       0.00316096
