     0.0000000       0.27957342       0.00700976
     0.1000000       0.19597679       0.00459159
     0.2000000       0.15305042       0.00620178
     0.3000000       0.11662215       0.00293079
     0.4000000       0.09430519       0.00486492
     0.5000000       0.09157962       0.00480494
     0.6000000       0.09586149       0.00288273
     0.7000000       0.11489712       0.00484962
     0.8000000       0.14412298       0.00314747
     0.9000000       0.18981005       0.00477232
     1.0000000       0.27957342       0.00700976
