     0.0000000       0.37140453       0.00750333
     0.1000000       0.22244624       0.00692648
     0.2000000       0.15804125       0.00558745
     0.3000000       0.11435788       0.00321248
     0.4000000       0.09040495       0.00299311
     0.5000000       0.08256589       0.00428336
     0.6000000       0.09159151       0.00215758
     0.7000000       0.11011469       0.00460034
     0.8000000       0.14920564       0.00274507
     0.9000000       0.22141247       0.00418043
     1.0000000       0.37140453       0.00750333
