     0.0000000       0.31300009       0.00850373
     0.1000000       0.20202311       0.00754576
     0.2000000       0.14751730       0.00355084
     0.3000000       0.11131749       0.00355584
     0.4000000       0.09081552       0.00480360
     0.5000000       0.08570146       0.00522796
     0.6000000       0.09172942       0.00389967
     0.7000000       0.10984445       0.00530227
     0.8000000       0.14268344       0.00440560
     0.9000000       0.20027401       0.00640969
     1.0000000       0.31300009       0.00850373
