     0.0000000       0.39137130       0.00050223
     0.1000000       0.37160799       0.00062750
     0.2000000       0.36303169       0.00066636
     0.3000000       0.36334083       0.00075830
     0.4000000       0.37114070       0.00087812
     0.5000000       0.38662853       0.00088755
     0.6000000       0.40880002       0.00090007
     0.7000000       0.43948311       0.00086962
     0.8000000       0.47940952       0.00085398
     0.9000000       0.53459999       0.00073710
     1.0000000       0.60862870       0.00050223
