     0.0000000       0.39340529       0.00310417
     0.1000000       0.35872655       0.00305718
     0.2000000       0.33109085       0.00305058
     0.3000000       0.30871359       0.00303442
     0.4000000       0.29035894       0.00298337
     0.5000000       0.27521101       0.00295109
     0.6000000       0.26276328       0.00297057
     0.7000000       0.25270220       0.00305558
     0.8000000       0.24440096       0.00312367
     0.9000000       0.23744079       0.00310038
     1.0000000       0.23178245       0.00301196
     1.1000000       0.22724935       0.00287518
     1.2000000       0.22369108       0.00272097
     1.3000000       0.22120587       0.00261268
     1.4000000       0.21991541       0.00258909
     1.5000000       0.21963802       0.00261035
     1.6000000       0.22019666       0.00262035
     1.7000000       0.22165570       0.00263417
     1.8000000       0.22400398       0.00264834
     1.9000000       0.22725336       0.00261239
     2.0000000       0.23172526       0.00260202
     2.1000000       0.23737669       0.00259637
     2.2000000       0.24431137       0.00257215
     2.3000000       0.25305708       0.00262483
     2.4000000       0.26379871       0.00275245
     2.5000000       0.27665270       0.00292589
     2.6000000       0.29188220       0.00306878
     2.7000000       0.31009062       0.00313221
     2.8000000       0.33214935       0.00315874
     2.9000000       0.35927530       0.00314526
     3.0000000       0.39340529       0.00310417
