     0.0000000       0.26808476       0.00968215
     0.1000000       0.16316534       0.00585987
     0.2000000       0.11260026       0.00328863
     0.3000000       0.07830084       0.00292187
     0.4000000       0.05982332       0.00310431
     0.5000000       0.04303054       0.00412403
     0.6000000       0.03404208       0.00432348
     0.7000000       0.02582159       0.00315206
     0.8000000       0.02304928       0.00292754
     0.9000000       0.01946883       0.00303246
     1.0000000       0.01541139       0.00275696
     1.1000000       0.01130295       0.00264456
     1.2000000       0.00803021       0.00401166
     1.3000000       0.01216978       0.00297388
     1.4000000       0.01610522       0.00219623
     1.5000000       0.01526430       0.00274640
     1.6000000       0.01954792       0.00348851
     1.7000000       0.01827530       0.00477756
     1.8000000       0.01378321       0.00302160
     1.9000000       0.01298236       0.00257611
     2.0000000       0.01654572       0.00264590
     2.1000000       0.01644899       0.00416681
     2.2000000       0.02252447       0.00338689
     2.3000000       0.02510403       0.00375083
     2.4000000       0.02366395       0.00467952
     2.5000000       0.03795372       0.00475905
     2.6000000       0.05848772       0.00576889
     2.7000000       0.07256938       0.00498306
     2.8000000       0.10661060       0.00580202
     2.9000000       0.17604590       0.00695487
     3.0000000       0.26808476       0.00968215
