     0.0000000       0.27130394       0.00784947
     0.1000000       0.16649636       0.00607983
     0.2000000       0.11190228       0.00423251
     0.3000000       0.07640083       0.00359813
     0.4000000       0.05467230       0.00354488
     0.5000000       0.03751298       0.00410655
     0.6000000       0.02516164       0.00410316
     0.7000000       0.01681670       0.00391738
     0.8000000       0.01718270       0.00306141
     0.9000000       0.01148510       0.00394387
     1.0000000       0.01110317       0.00314788
     1.1000000       0.00918490       0.00398865
     1.2000000       0.00660032       0.00405396
     1.3000000       0.00826556       0.00519403
     1.4000000       0.01029365       0.00410172
     1.5000000       0.00982063       0.00434241
     1.6000000       0.01048591       0.00409954
     1.7000000       0.00898216       0.00361244
     1.8000000       0.01291809       0.00327628
     1.9000000       0.01293761       0.00315407
     2.0000000       0.01785271       0.00298975
     2.1000000       0.01649629       0.00358279
     2.2000000       0.02012510       0.00330793
     2.3000000       0.02167800       0.00362018
     2.4000000       0.02351707       0.00463372
     2.5000000       0.03676091       0.00418668
     2.6000000       0.05648859       0.00427942
     2.7000000       0.07350960       0.00444942
     2.8000000       0.10604007       0.00604687
     2.9000000       0.17422902       0.00649196
     3.0000000       0.27130394       0.00784947
