     0.0000000       0.20780617       0.01095117
     0.1000000       0.13706552       0.00778371
     0.2000000       0.09839525       0.00519898
     0.3000000       0.07334544       0.00373820
     0.4000000       0.05405930       0.00321230
     0.5000000       0.03856749       0.00428878
     0.6000000       0.02971305       0.00378537
     0.7000000       0.02144645       0.00333391
     0.8000000       0.01591427       0.00730771
     0.9000000       0.01996578       0.00345027
     1.0000000       0.01144349       0.00388593
     1.1000000       0.00822599       0.00421392
     1.2000000       0.00600215       0.00553501
     1.3000000       0.00878567       0.00366998
     1.4000000       0.00942543       0.00319127
     1.5000000       0.00749725       0.00520858
     1.6000000       0.01312183       0.00227701
     1.7000000       0.01573513       0.00403688
     1.8000000       0.01040078       0.00403449
     1.9000000       0.00973488       0.00434637
     2.0000000       0.00805905       0.00679545
     2.1000000       0.01049567       0.00551097
     2.2000000       0.01708318       0.00528849
     2.3000000       0.01928512       0.00575007
     2.4000000       0.01840262       0.00766693
     2.5000000       0.02963258       0.00712211
     2.6000000       0.05012245       0.00399389
     2.7000000       0.06567569       0.00711355
     2.8000000       0.09533374       0.00765624
     2.9000000       0.14544544       0.00848714
     3.0000000       0.20780617       0.01095117
