     0.0000000       0.22423045       0.00936927
     0.1000000       0.16694396       0.00954202
     0.2000000       0.13143127       0.00934015
     0.3000000       0.11076649       0.00887542
     0.4000000       0.09955449       0.00871215
     0.5000000       0.09594768       0.00870179
     0.6000000       0.09979469       0.00870927
     0.7000000       0.11166227       0.00881311
     0.8000000       0.13358021       0.00898107
     0.9000000       0.16903599       0.00917204
     1.0000000       0.22423045       0.00936927
