     0.0000000       0.36566706       0.05358182
     0.1000000       0.22814267       0.01418563
     0.2000000       0.13819138       0.01800376
     0.3000000       0.08600560       0.02131064
     0.4000000       0.04039125       0.01153703
     0.5000000       0.01377575       0.01107375
     0.6000000      -0.00687305       0.01931482
     0.7000000      -0.00135665       0.00622487
     0.8000000      -0.00631687       0.01239276
     0.9000000      -0.00701056       0.01409111
     1.0000000      -0.02406435       0.02646242
     1.1000000       0.00361269       0.00812139
     1.2000000      -0.02260205       0.02259666
     1.3000000      -0.02327594       0.03008212
     1.4000000      -0.01599882       0.01911985
     1.5000000      -0.01844444       0.01844295
     1.6000000       0.01013034       0.01037328
     1.7000000       0.00821876       0.00929130
     1.8000000      -0.00119842       0.00451578
     1.9000000       0.01313864       0.01264364
     2.0000000       0.00255246       0.00607105
     2.1000000       0.01614091       0.01413191
     2.2000000       0.00061182       0.01227494
     2.3000000      -0.00740714       0.01886879
     2.4000000      -0.00214902       0.00494355
     2.5000000      -0.00826408       0.01215578
     2.6000000      -0.00823377       0.01083427
     2.7000000      -0.00616298       0.00709307
     2.8000000       0.00422439       0.00279610
     2.9000000       0.01212140       0.00871254
     3.0000000      -0.00711731       0.00447648
     3.1000000      -0.00629557       0.01099386
     3.2000000       0.00468319       0.00422216
     3.3000000       0.01510894       0.01065170
     3.4000000       0.01101284       0.01302972
     3.5000000      -0.00304675       0.00735030
     3.6000000      -0.01501108       0.01601872
     3.7000000      -0.00300520       0.00524823
     3.8000000      -0.00437800       0.00387801
     3.9000000      -0.01483781       0.01133289
     4.0000000       0.00540089       0.00834443
     4.1000000       0.00165482       0.00347933
     4.2000000      -0.00028812       0.00653508
     4.3000000       0.00517202       0.00360633
     4.4000000       0.00399391       0.00533473
     4.5000000       0.00783827       0.00349896
     4.6000000      -0.00950842       0.01296084
     4.7000000      -0.02217021       0.02622139
     4.8000000      -0.00705939       0.01223521
     4.9000000       0.00866359       0.00465838
     5.0000000       0.00383541       0.00593786
     5.1000000      -0.00541195       0.01278160
     5.2000000      -0.00362733       0.01336511
     5.3000000       0.01426041       0.00409228
     5.4000000       0.00338777       0.01470989
     5.5000000       0.00453073       0.02043937
     5.6000000       0.02200192       0.01812485
     5.7000000       0.07405821       0.00664937
     5.8000000       0.10444170       0.02163763
     5.9000000       0.21332962       0.01637619
     6.0000000       0.36566706       0.05358182
