     0.0000000       1.12644607       0.05058638
     0.1000000       0.93459337       0.04913936
     0.2000000       0.79330096       0.04103324
     0.3000000       0.68834445       0.03198348
     0.4000000       0.60856946       0.02401861
     0.5000000       0.54514425       0.01893211
     0.6000000       0.49219350       0.01684128
     0.7000000       0.44762981       0.01798959
     0.8000000       0.41324558       0.01846355
     0.9000000       0.38930886       0.01551744
     1.0000000       0.37348134       0.01776597
     1.1000000       0.35800742       0.02150527
     1.2000000       0.33548648       0.01858463
     1.3000000       0.30736202       0.01278540
     1.4000000       0.28963443       0.01281852
     1.5000000       0.28338518       0.01457328
     1.6000000       0.27662228       0.01696588
     1.7000000       0.26808481       0.01898149
     1.8000000       0.26118761       0.02203094
     1.9000000       0.25542364       0.02494808
     2.0000000       0.24805770       0.02621201
     2.1000000       0.24310873       0.02854965
     2.2000000       0.23918857       0.03059029
     2.3000000       0.23402770       0.03083525
     2.4000000       0.22835548       0.03005901
     2.5000000       0.22076606       0.02737757
     2.6000000       0.21411857       0.02437392
     2.7000000       0.21152275       0.02260608
     2.8000000       0.21048240       0.02125181
     2.9000000       0.20765269       0.01900334
     3.0000000       0.20584412       0.01781435
     3.1000000       0.20756465       0.01849261
     3.2000000       0.21018934       0.01955367
     3.3000000       0.21377166       0.02094635
     3.4000000       0.21989042       0.02393479
     3.5000000       0.22555710       0.02713334
     3.6000000       0.22952622       0.02898206
     3.7000000       0.23290225       0.02791838
     3.8000000       0.23626589       0.02573348
     3.9000000       0.24096197       0.02519168
     4.0000000       0.24677747       0.02516355
     4.1000000       0.25121444       0.02412957
     4.2000000       0.25684850       0.02433805
     4.3000000       0.26586699       0.02631192
     4.4000000       0.27632605       0.02780335
     4.5000000       0.28749739       0.02804914
     4.6000000       0.30176047       0.02820901
     4.7000000       0.32127794       0.03087002
     4.8000000       0.34140986       0.03354623
     4.9000000       0.36161329       0.03549436
     5.0000000       0.38582647       0.03863137
     5.1000000       0.41377156       0.04260917
     5.2000000       0.44417389       0.04537503
     5.3000000       0.47792092       0.04706901
     5.4000000       0.51690801       0.04751689
     5.5000000       0.56250272       0.04542512
     5.6000000       0.61927707       0.04383994
     5.7000000       0.69382692       0.04348593
     5.8000000       0.79380239       0.04519286
     5.9000000       0.93080563       0.04751059
     6.0000000       1.12644607       0.05058638
