     0.0000000       0.29516865       0.00715319
     0.1000000       0.20023989       0.00507786
     0.2000000       0.15353454       0.00599365
     0.3000000       0.11604897       0.00289237
     0.4000000       0.09344511       0.00448987
     0.5000000       0.09000237       0.00466707
     0.6000000       0.09488227       0.00265724
     0.7000000       0.11390910       0.00480026
     0.8000000       0.14463876       0.00305470
     0.9000000       0.19476140       0.00480841
     1.0000000       0.29516865       0.00715319
