     0.0000000       0.23484837       0.00647535
     0.1000000       0.17977060       0.00500512
     0.2000000       0.15131434       0.00448130
     0.3000000       0.12681308       0.00289180
     0.4000000       0.11095517       0.00360754
     0.5000000       0.10768718       0.00405024
     0.6000000       0.11171025       0.00307167
     0.7000000       0.12478956       0.00415032
     0.8000000       0.14438162       0.00336982
     0.9000000       0.17604348       0.00482175
     1.0000000       0.23484837       0.00647535
