     0.0000000       0.29672032       0.01336993
     0.1000000       0.18793549       0.01605107
     0.2000000       0.12004184       0.00914823
     0.3000000       0.06564134       0.00516146
     0.4000000       0.03624298       0.00822506
     0.5000000       0.01719380       0.00606772
     0.6000000       0.00301698       0.01582415
     0.7000000       0.00349922       0.00649417
     0.8000000       0.01153773       0.00749148
     0.9000000       0.02272357       0.01080863
     1.0000000       0.00663880       0.00524076
     1.1000000       0.01007154       0.00617516
     1.2000000       0.01464305       0.01266015
     1.3000000       0.00465642       0.00631235
     1.4000000       0.00089839       0.00742507
     1.5000000       0.00334308       0.00961860
     1.6000000      -0.00301136       0.00644284
     1.7000000      -0.00697751       0.00764882
     1.8000000       0.00504832       0.00594263
     1.9000000       0.00764904       0.00557220
     2.0000000       0.00312511       0.00505100
     2.1000000       0.00225281       0.00484554
     2.2000000      -0.00063176       0.00708265
     2.3000000       0.00510522       0.00750662
     2.4000000       0.00284626       0.01595964
     2.5000000      -0.00930407       0.00971404
     2.6000000      -0.01763830       0.00801093
     2.7000000      -0.01178656       0.00723000
     2.8000000      -0.01072593       0.00488776
     2.9000000      -0.01352147       0.00922611
     3.0000000      -0.00351132       0.00651816
     3.1000000       0.00061594       0.00694326
     3.2000000       0.00922881       0.00926415
     3.3000000       0.00578103       0.00673601
     3.4000000      -0.00470709       0.00670968
     3.5000000      -0.00353804       0.00745551
     3.6000000       0.00151912       0.00532188
     3.7000000      -0.00252618       0.00902940
     3.8000000       0.00108145       0.00495103
     3.9000000       0.00283537       0.00767547
     4.0000000       0.00493539       0.00462841
     4.1000000       0.00266828       0.00555563
     4.2000000      -0.00792504       0.00637617
     4.3000000      -0.00325706       0.00364252
     4.4000000       0.00378472       0.00319505
     4.5000000       0.00634549       0.00680283
     4.6000000      -0.00074852       0.00691456
     4.7000000       0.00003605       0.00638102
     4.8000000      -0.00111496       0.00563093
     4.9000000      -0.00704496       0.01062191
     5.0000000       0.00644782       0.00635224
     5.1000000      -0.00028165       0.00608041
     5.2000000       0.00589273       0.00551929
     5.3000000       0.00897440       0.00581534
     5.4000000       0.01881575       0.00454123
     5.5000000       0.01551304       0.01207224
     5.6000000       0.03373022       0.00926573
     5.7000000       0.05593453       0.00493055
     5.8000000       0.09647741       0.00676104
     5.9000000       0.17747625       0.01283501
     6.0000000       0.29672032       0.01336993
