     0.0000000       0.41495928       0.01823642
     0.1000000       0.22577053       0.00979794
     0.2000000       0.14455799       0.00486579
     0.3000000       0.08655766       0.00443102
     0.4000000       0.05758685       0.00352608
     0.5000000       0.03959805       0.00410605
     0.6000000       0.02634740       0.00470833
     0.7000000       0.01843607       0.00385159
     0.8000000       0.01854897       0.00376468
     0.9000000       0.01516829       0.00451509
     1.0000000       0.01665506       0.00430551
     1.1000000       0.01395877       0.00376695
     1.2000000       0.01130620       0.00457004
     1.3000000       0.01522115       0.00622028
     1.4000000       0.01119858       0.00442515
     1.5000000       0.01537074       0.00505771
     1.6000000       0.01862357       0.00347707
     1.7000000       0.01284882       0.00372739
     1.8000000       0.00692787       0.00719711
     1.9000000       0.00333351       0.00587405
     2.0000000       0.01442481       0.00319189
     2.1000000       0.01464331       0.00421191
     2.2000000       0.01148184       0.00701380
     2.3000000       0.01655550       0.00651305
     2.4000000       0.01797817       0.00975297
     2.5000000       0.03652215       0.00350989
     2.6000000       0.06754589       0.00694644
     2.7000000       0.09114548       0.00569932
     2.8000000       0.13989820       0.00427288
     2.9000000       0.24222791       0.00865985
     3.0000000       0.41495928       0.01823642
