     0.0000000       0.34260028       0.01879449
     0.1000000       0.19089118       0.01790011
     0.2000000       0.10808000       0.01717619
     0.3000000       0.06257477       0.01650207
     0.4000000       0.03652518       0.01584520
     0.5000000       0.02330055       0.01550724
     0.6000000       0.01553668       0.01531585
     0.7000000       0.00833364       0.01534041
     0.8000000       0.00406593       0.01517520
     0.9000000       0.00192822       0.01460555
     1.0000000       0.00062856       0.01429238
     1.1000000       0.00024361       0.01366108
     1.2000000      -0.00157477       0.01310751
     1.3000000      -0.00265302       0.01285996
     1.4000000      -0.00301822       0.01264549
     1.5000000      -0.00289009       0.01259816
     1.6000000      -0.00315056       0.01273131
     1.7000000      -0.00526830       0.01329403
     1.8000000      -0.00729966       0.01409802
     1.9000000      -0.00951039       0.01461496
     2.0000000      -0.00897541       0.01524658
     2.1000000      -0.00433133       0.01526104
     2.2000000       0.00145353       0.01496552
     2.3000000       0.00720400       0.01555674
     2.4000000       0.01262214       0.01697429
     2.5000000       0.01802708       0.01946231
     2.6000000       0.03094482       0.02121865
     2.7000000       0.05852738       0.02105994
     2.8000000       0.10722259       0.02043379
     2.9000000       0.19241116       0.01974652
     3.0000000       0.34260028       0.01879449
