     0.0000000       0.22317310       0.04171509
     0.1000000       0.11212769       0.03578883
     0.2000000       0.05747351       0.02795412
     0.3000000       0.02288518       0.02934131
     0.4000000       0.01783636       0.01202128
     0.5000000       0.00136831       0.01620637
     0.6000000       0.00561122       0.00805535
     0.7000000      -0.00735197       0.01786355
     0.8000000      -0.00437457       0.01428933
     0.9000000       0.00145860       0.00527395
     1.0000000      -0.00486277       0.00757074
     1.1000000      -0.00358185       0.00671555
     1.2000000       0.00082960       0.00341586
     1.3000000       0.00183927       0.00480195
     1.4000000       0.00630600       0.00488071
     1.5000000       0.00055992       0.00318338
     1.6000000       0.01594246       0.01357207
     1.7000000       0.01394735       0.01024402
     1.8000000       0.01709851       0.01851173
     1.9000000      -0.01269345       0.01270408
     2.0000000      -0.00985142       0.01098781
     2.1000000      -0.01984364       0.02189638
     2.2000000      -0.01569985       0.01483809
     2.3000000       0.00162966       0.00672173
     2.4000000       0.00885923       0.01218886
     2.5000000       0.01517790       0.01424678
     2.6000000       0.00442023       0.00582489
     2.7000000       0.00188034       0.00354482
     2.8000000       0.00575886       0.00710482
     2.9000000      -0.00188876       0.00331659
     3.0000000       0.00300598       0.00284825
     3.1000000      -0.00493924       0.00965365
     3.2000000      -0.01685200       0.01829121
     3.3000000      -0.01603870       0.01707886
     3.4000000      -0.02359640       0.02556029
     3.5000000      -0.02416364       0.02792522
     3.6000000      -0.02377977       0.02481563
     3.7000000      -0.01964559       0.02151986
     3.8000000      -0.02087887       0.02301464
     3.9000000      -0.02002832       0.02371616
     4.0000000      -0.01583338       0.02153686
     4.1000000      -0.02532279       0.02696329
     4.2000000      -0.00924891       0.01375222
     4.3000000      -0.02511462       0.02974303
     4.4000000      -0.03049884       0.03168788
     4.5000000      -0.01647675       0.01791350
     4.6000000      -0.02620114       0.03041925
     4.7000000      -0.01401290       0.01775448
     4.8000000      -0.00969513       0.01223255
     4.9000000      -0.00690799       0.01176532
     5.0000000      -0.00388228       0.00957952
     5.1000000      -0.00472109       0.01082580
     5.2000000      -0.00353152       0.00898417
     5.3000000      -0.00828882       0.02006044
     5.4000000      -0.00755596       0.01875426
     5.5000000      -0.00366626       0.02385096
     5.6000000       0.01810900       0.01466869
     5.7000000       0.03087080       0.02330912
     5.8000000       0.08115012       0.01017573
     5.9000000       0.12576806       0.02704629
     6.0000000       0.22317310       0.04171509
