     0.0000000       0.80571035       0.07289584
     0.1000000       0.68575502       0.06332102
     0.2000000       0.59707177       0.05573341
     0.3000000       0.52861113       0.04918552
     0.4000000       0.47519791       0.04403971
     0.5000000       0.43331865       0.04052776
     0.6000000       0.39945861       0.03781370
     0.7000000       0.37059257       0.03524458
     0.8000000       0.34506101       0.03187858
     0.9000000       0.32430646       0.02999954
     1.0000000       0.30774682       0.02994041
     1.1000000       0.29323827       0.02989182
     1.2000000       0.28093148       0.03010160
     1.3000000       0.27065159       0.03066619
     1.4000000       0.26179340       0.03155062
     1.5000000       0.25525179       0.03385077
     1.6000000       0.25084424       0.03684874
     1.7000000       0.24830713       0.04040480
     1.8000000       0.24822541       0.04564319
     1.9000000       0.24640268       0.04828389
     2.0000000       0.24063285       0.04625256
     2.1000000       0.23537469       0.04432239
     2.2000000       0.22919637       0.04115673
     2.3000000       0.22135932       0.03626366
     2.4000000       0.21408771       0.03124416
     2.5000000       0.20792344       0.02682170
     2.6000000       0.20231279       0.02287991
     2.7000000       0.19853574       0.02027796
     2.8000000       0.19776383       0.02010620
     2.9000000       0.19826546       0.02100290
     3.0000000       0.19864354       0.02153568
     3.1000000       0.19977890       0.02264847
     3.2000000       0.20181879       0.02442178
     3.3000000       0.20575591       0.02754487
     3.4000000       0.21094461       0.03123510
     3.5000000       0.21551371       0.03381853
     3.6000000       0.21846565       0.03456218
     3.7000000       0.22140083       0.03529162
     3.8000000       0.22625776       0.03755777
     3.9000000       0.23012789       0.03842417
     4.0000000       0.23271155       0.03728112
     4.1000000       0.23628364       0.03623655
     4.2000000       0.24002674       0.03485044
     4.3000000       0.24617475       0.03506862
     4.4000000       0.25508534       0.03770317
     4.5000000       0.26510199       0.04108287
     4.6000000       0.27654467       0.04442160
     4.7000000       0.28633526       0.04477219
     4.8000000       0.29458259       0.04263743
     4.9000000       0.30757223       0.04337924
     5.0000000       0.32300847       0.04477799
     5.1000000       0.33626041       0.04189626
     5.2000000       0.35180391       0.03837556
     5.3000000       0.37187747       0.03666699
     5.4000000       0.39918695       0.03860237
     5.5000000       0.43304454       0.04164902
     5.6000000       0.47546269       0.04569988
     5.7000000       0.53325582       0.05567122
     5.8000000       0.60890934       0.06988491
     5.9000000       0.69843105       0.07732986
     6.0000000       0.80571035       0.07289584
