     0.0000000       0.27727315       0.01715648
     0.1000000       0.16671881       0.01866552
     0.2000000       0.10323087       0.01715048
     0.3000000       0.06626678       0.01441684
     0.4000000       0.04452515       0.01210027
     0.5000000       0.02956517       0.01123237
     0.6000000       0.01811115       0.01167229
     0.7000000       0.00998144       0.01275899
     0.8000000       0.00419719       0.01428215
     0.9000000       0.00245563       0.01454827
     1.0000000       0.00208956       0.01407689
     1.1000000      -0.00007016       0.01504462
     1.2000000      -0.00281691       0.01641740
     1.3000000      -0.00518866       0.01678628
     1.4000000      -0.00656873       0.01603368
     1.5000000      -0.00688490       0.01513931
     1.6000000      -0.00617564       0.01362954
     1.7000000      -0.00541371       0.01154448
     1.8000000      -0.00637892       0.01011241
     1.9000000      -0.00736225       0.00984138
     2.0000000      -0.00884195       0.01060108
     2.1000000      -0.01192690       0.01198338
     2.2000000      -0.01315086       0.01320766
     2.3000000      -0.01171495       0.01337296
     2.4000000      -0.01186985       0.01401294
     2.5000000      -0.01400681       0.01555130
     2.6000000      -0.01408388       0.01518625
     2.7000000      -0.01335989       0.01362690
     2.8000000      -0.01235070       0.01200463
     2.9000000      -0.00900280       0.01013063
     3.0000000      -0.00554101       0.00901557
     3.1000000      -0.00340345       0.00890329
     3.2000000      -0.00240442       0.00883361
     3.3000000      -0.00181796       0.00802936
     3.4000000      -0.00131765       0.00721867
     3.5000000      -0.00268854       0.00758290
     3.6000000      -0.00382230       0.00792152
     3.7000000      -0.00246183       0.00698896
     3.8000000      -0.00249930       0.00665312
     3.9000000      -0.00282221       0.00708645
     4.0000000      -0.00159218       0.00706172
     4.1000000       0.00017195       0.00673242
     4.2000000       0.00201211       0.00666879
     4.3000000       0.00258083       0.00701389
     4.4000000       0.00221178       0.00715701
     4.5000000       0.00302027       0.00666117
     4.6000000       0.00503362       0.00616992
     4.7000000       0.00540678       0.00618203
     4.8000000       0.00490650       0.00669009
     4.9000000       0.00690283       0.00656994
     5.0000000       0.01160375       0.00589659
     5.1000000       0.01662171       0.00582889
     5.2000000       0.02166133       0.00624384
     5.3000000       0.02723296       0.00700077
     5.4000000       0.03410244       0.00767512
     5.5000000       0.04316442       0.00819647
     5.6000000       0.05646063       0.00916726
     5.7000000       0.07963017       0.01047252
     5.8000000       0.11688242       0.01201092
     5.9000000       0.17621506       0.01408262
     6.0000000       0.27727315       0.01715648
