     0.0000000       0.32472651       0.01555369
     0.1000000       0.19222221       0.00788055
     0.2000000       0.11927772       0.00742739
     0.3000000       0.07266513       0.00558867
     0.4000000       0.04034428       0.00885928
     0.5000000       0.02798426       0.00784807
     0.6000000       0.02132078       0.00721903
     0.7000000       0.02264855       0.00424848
     0.8000000       0.01267043       0.00805790
     0.9000000       0.01070273       0.00758961
     1.0000000       0.00179591       0.00908119
     1.1000000      -0.00122359       0.00927160
     1.2000000       0.00066417       0.00509968
     1.3000000      -0.00545613       0.01230083
     1.4000000      -0.00956681       0.01158464
     1.5000000      -0.00248339       0.00464055
     1.6000000       0.00355972       0.00515725
     1.7000000      -0.00038541       0.00390450
     1.8000000      -0.00900406       0.00605649
     1.9000000      -0.00075310       0.00363941
     2.0000000      -0.00507667       0.00513684
     2.1000000       0.00481048       0.00493826
     2.2000000       0.00699944       0.00851202
     2.3000000       0.00624427       0.00564221
     2.4000000      -0.00167459       0.00414877
     2.5000000       0.00888664       0.00656520
     2.6000000      -0.00675994       0.00779905
     2.7000000      -0.00803242       0.00846904
     2.8000000      -0.00423501       0.00673098
     2.9000000      -0.01107809       0.00936217
     3.0000000      -0.00654893       0.00604922
     3.1000000      -0.00265967       0.00385645
     3.2000000      -0.00061500       0.00410724
     3.3000000      -0.00215371       0.00487717
     3.4000000      -0.00099233       0.00723589
     3.5000000      -0.00632405       0.00715751
     3.6000000      -0.00513275       0.00931079
     3.7000000      -0.00213883       0.00567804
     3.8000000       0.00138912       0.00394396
     3.9000000      -0.00464133       0.00517940
     4.0000000      -0.00391755       0.00646643
     4.1000000       0.00030364       0.00560864
     4.2000000      -0.00212601       0.00763824
     4.3000000      -0.00218591       0.00725439
     4.4000000      -0.00241887       0.00434636
     4.5000000       0.00265078       0.00389694
     4.6000000       0.00326279       0.00460045
     4.7000000       0.00017912       0.00847427
     4.8000000      -0.00530452       0.00985892
     4.9000000       0.00375687       0.00658100
     5.0000000       0.00853974       0.00384718
     5.1000000       0.00466482       0.00877967
     5.2000000       0.00850174       0.00985707
     5.3000000       0.02301700       0.00351764
     5.4000000       0.02169264       0.00717265
     5.5000000       0.02475207       0.01015727
     5.6000000       0.04004887       0.00840076
     5.7000000       0.06579566       0.00752077
     5.8000000       0.10637064       0.01076349
     5.9000000       0.18641671       0.01189451
     6.0000000       0.32472651       0.01555369
