     0.0000000       0.50000000       0.00000000
     0.1000000       0.40559038       0.00048303
     0.2000000       0.33796145       0.00069766
     0.3000000       0.28875047       0.00074175
     0.4000000       0.25147343       0.00074412
     0.5000000       0.22280565       0.00073720
     0.6000000       0.20114216       0.00077019
     0.7000000       0.18425165       0.00075312
     0.8000000       0.17152020       0.00083251
     0.9000000       0.16076746       0.00077328
     1.0000000       0.15303794       0.00077806
     1.1000000       0.14630757       0.00078943
     1.2000000       0.14238015       0.00078679
     1.3000000       0.13980447       0.00079252
     1.4000000       0.13766333       0.00084549
     1.5000000       0.13704382       0.00079254
     1.6000000       0.13699691       0.00082974
     1.7000000       0.13937992       0.00085874
     1.8000000       0.14284572       0.00091325
     1.9000000       0.14757994       0.00086690
     2.0000000       0.15283622       0.00086636
     2.1000000       0.16149493       0.00080760
     2.2000000       0.17121895       0.00079178
     2.3000000       0.18470337       0.00076290
     2.4000000       0.20184588       0.00075743
     2.5000000       0.22320134       0.00071841
     2.6000000       0.25176262       0.00067538
     2.7000000       0.29046155       0.00063952
     2.8000000       0.33830081       0.00063147
     2.9000000       0.40687928       0.00054359
     3.0000000       0.50000000       0.00000000
