     0.0000000       0.83999921       0.01116207
     0.1000000       0.69118487       0.01005393
     0.2000000       0.58662019       0.00884495
     0.3000000       0.51065659       0.00775915
     0.4000000       0.45399703       0.00698503
     0.5000000       0.41054167       0.00638371
     0.6000000       0.37695015       0.00593348
     0.7000000       0.35081166       0.00564742
     0.8000000       0.32992979       0.00539635
     0.9000000       0.31343427       0.00513574
     1.0000000       0.30085934       0.00504130
     1.1000000       0.29121167       0.00498745
     1.2000000       0.28401348       0.00495682
     1.3000000       0.27854250       0.00472311
     1.4000000       0.27537286       0.00450845
     1.5000000       0.27457608       0.00444425
     1.6000000       0.27552071       0.00432373
     1.7000000       0.27907224       0.00446757
     1.8000000       0.28532657       0.00496433
     1.9000000       0.29377658       0.00553888
     2.0000000       0.30431818       0.00616639
     2.1000000       0.31724428       0.00653743
     2.2000000       0.33386094       0.00687938
     2.3000000       0.35564348       0.00784527
     2.4000000       0.38322641       0.00919225
     2.5000000       0.41825982       0.01087641
     2.6000000       0.46177584       0.01215823
     2.7000000       0.51706937       0.01259886
     2.8000000       0.59083287       0.01265556
     2.9000000       0.69298670       0.01213665
     3.0000000       0.83999921       0.01116207
