     0.0000000       0.25995735       0.00049658
     0.1000000       0.25596006       0.00050762
     0.2000000       0.26197604       0.00055430
     0.3000000       0.27723761       0.00061634
     0.4000000       0.30076327       0.00068948
     0.5000000       0.33393660       0.00071636
     0.6000000       0.37786398       0.00076727
     0.7000000       0.43558910       0.00077429
     0.8000000       0.50940880       0.00076093
     0.9000000       0.60837018       0.00068832
     1.0000000       0.74004265       0.00049658
