     0.0000000       0.29414505       0.00459520
     0.1000000       0.19743234       0.00411200
     0.2000000       0.14838427       0.00391613
     0.3000000       0.11526727       0.00320920
     0.4000000       0.09659130       0.00306903
     0.5000000       0.08904497       0.00388981
     0.6000000       0.10206289       0.00372138
     0.7000000       0.11602151       0.00346143
     0.8000000       0.15212091       0.00350393
     0.9000000       0.19984182       0.00343210
     1.0000000       0.29414505       0.00459520
