     0.0000000       0.26961660       0.01403532
     0.1000000       0.17640113       0.01086134
     0.2000000       0.10659923       0.01089447
     0.3000000       0.06944940       0.00840264
     0.4000000       0.03034087       0.00882753
     0.5000000       0.02222415       0.00668180
     0.6000000       0.01737187       0.00735800
     0.7000000       0.01538650       0.00635567
     0.8000000       0.00285272       0.00859139
     0.9000000       0.00527388       0.01023974
     1.0000000       0.00072485       0.01056668
     1.1000000       0.00529090       0.00424129
     1.2000000       0.01338257       0.01290614
     1.3000000       0.00124079       0.00484582
     1.4000000      -0.00624780       0.00897833
     1.5000000       0.00415749       0.00559897
     1.6000000       0.01126603       0.00822361
     1.7000000      -0.00109303       0.00674494
     1.8000000       0.00093697       0.00495018
     1.9000000       0.00380623       0.00800220
     2.0000000      -0.00114995       0.00341036
     2.1000000       0.00301400       0.00405282
     2.2000000      -0.00127880       0.00543202
     2.3000000       0.00252201       0.00455234
     2.4000000       0.00387570       0.00969636
     2.5000000      -0.00043888       0.01233360
     2.6000000      -0.00812255       0.00677814
     2.7000000      -0.00897939       0.00592974
     2.8000000      -0.00321720       0.00548407
     2.9000000      -0.00755222       0.00724240
     3.0000000      -0.00941437       0.00622855
     3.1000000       0.00326451       0.00405691
     3.2000000       0.00000758       0.00990380
     3.3000000      -0.00035962       0.00933111
     3.4000000       0.00222279       0.00589943
     3.5000000      -0.00637505       0.00520702
     3.6000000      -0.00543903       0.00574261
     3.7000000      -0.00960028       0.00426880
     3.8000000      -0.00268285       0.00606524
     3.9000000       0.00415913       0.00409901
     4.0000000       0.00698375       0.00874415
     4.1000000       0.00326299       0.00661946
     4.2000000       0.00082315       0.00688938
     4.3000000      -0.00403477       0.00786555
     4.4000000       0.00017380       0.00623706
     4.5000000       0.00697864       0.00570463
     4.6000000       0.00449749       0.00588851
     4.7000000      -0.00078887       0.00404159
     4.8000000       0.00438550       0.00576550
     4.9000000       0.00659743       0.00372232
     5.0000000       0.00805014       0.00578414
     5.1000000      -0.00015911       0.00827080
     5.2000000       0.00523235       0.00349726
     5.3000000       0.01752159       0.00725040
     5.4000000       0.02100319       0.00511529
     5.5000000       0.02548170       0.00658925
     5.6000000       0.03504892       0.00517267
     5.7000000       0.04867853       0.00699934
     5.8000000       0.08672433       0.00828953
     5.9000000       0.15731639       0.00984600
     6.0000000       0.26961660       0.01403532
