     0.0000000       0.28959453       0.00176563
     0.1000000       0.25904064       0.00181714
     0.2000000       0.23864930       0.00174253
     0.3000000       0.22486228       0.00168371
     0.4000000       0.21565839       0.00164492
     0.5000000       0.20851594       0.00171154
     0.6000000       0.20512616       0.00180104
     0.7000000       0.20398367       0.00196430
     0.8000000       0.20478663       0.00192725
     0.9000000       0.20575584       0.00180754
     1.0000000       0.20937844       0.00181771
     1.1000000       0.21263975       0.00195013
     1.2000000       0.21808970       0.00186070
     1.3000000       0.22483634       0.00196607
     1.4000000       0.23078240       0.00205309
     1.5000000       0.23789676       0.00209344
     1.6000000       0.24724209       0.00209805
     1.7000000       0.25933781       0.00212374
     1.8000000       0.27298811       0.00231514
     1.9000000       0.28792918       0.00223408
     2.0000000       0.30225429       0.00224771
     2.1000000       0.32125291       0.00218662
     2.2000000       0.34007403       0.00216496
     2.3000000       0.36360397       0.00223370
     2.4000000       0.39234803       0.00218265
     2.5000000       0.42217215       0.00207608
     2.6000000       0.46008092       0.00211816
     2.7000000       0.50687518       0.00191525
     2.8000000       0.55931361       0.00195371
     2.9000000       0.62681787       0.00198509
     3.0000000       0.71040547       0.00176563
