     0.0000000       0.38214158       0.04053062
     0.1000000       0.23039892       0.00933689
     0.2000000       0.13850814       0.01827623
     0.3000000       0.08445022       0.00849411
     0.4000000       0.03736890       0.01356441
     0.5000000       0.00080861       0.02975446
     0.6000000       0.01458134       0.01095145
     0.7000000       0.03104435       0.01971949
     0.8000000       0.00948371       0.00485191
     0.9000000       0.00277760       0.01030359
     1.0000000      -0.02181873       0.02326174
     1.1000000       0.02001896       0.00871529
     1.2000000       0.00656530       0.00762177
     1.3000000      -0.02692317       0.02785923
     1.4000000      -0.00422935       0.00941997
     1.5000000       0.03099150       0.01851990
     1.6000000       0.03076338       0.02551166
     1.7000000       0.02233199       0.02278270
     1.8000000       0.00321265       0.00536993
     1.9000000       0.01122807       0.01179692
     2.0000000      -0.01071989       0.01161243
     2.1000000       0.00724073       0.01048373
     2.2000000       0.00310949       0.00552966
     2.3000000       0.01023413       0.00884544
     2.4000000       0.00914179       0.00684251
     2.5000000      -0.00968447       0.00860911
     2.6000000      -0.01160467       0.01126100
     2.7000000      -0.01030276       0.00702353
     2.8000000      -0.00198713       0.00669217
     2.9000000      -0.00930910       0.01140165
     3.0000000      -0.01225203       0.00738580
     3.1000000      -0.00885668       0.00970708
     3.2000000       0.00010205       0.00476818
     3.3000000      -0.00051615       0.00330499
     3.4000000       0.00649567       0.00550336
     3.5000000      -0.01350772       0.01328330
     3.6000000      -0.01517064       0.01385082
     3.7000000       0.00045470       0.00602013
     3.8000000      -0.00514812       0.00460632
     3.9000000      -0.01600729       0.01014667
     4.0000000      -0.00638509       0.00605841
     4.1000000      -0.00706236       0.00882637
     4.2000000      -0.00819802       0.01013190
     4.3000000      -0.00045044       0.00883670
     4.4000000      -0.00193387       0.00391331
     4.5000000       0.00002238       0.00388070
     4.6000000      -0.00859940       0.01157811
     4.7000000      -0.02216445       0.02523857
     4.8000000      -0.00855630       0.00957769
     4.9000000       0.00655546       0.00321433
     5.0000000       0.01482000       0.00589605
     5.1000000      -0.00420969       0.01497488
     5.2000000      -0.00809391       0.01585575
     5.3000000       0.02606935       0.01157202
     5.4000000       0.01274525       0.00854296
     5.5000000       0.00705022       0.02056101
     5.6000000       0.02770818       0.01731783
     5.7000000       0.06198790       0.01104691
     5.8000000       0.10759055       0.01800497
     5.9000000       0.20811019       0.01786874
     6.0000000       0.38214158       0.04053062
