     0.0000000       0.27786275       0.00879472
     0.1000000       0.19434410       0.00732385
     0.2000000       0.15080448       0.00308109
     0.3000000       0.11849014       0.00365111
     0.4000000       0.09941385       0.00568835
     0.5000000       0.09524721       0.00566440
     0.6000000       0.09923794       0.00483338
     0.7000000       0.11539594       0.00594326
     0.8000000       0.14358624       0.00510304
     0.9000000       0.19013189       0.00698013
     1.0000000       0.27786275       0.00879472
