     0.0000000       0.74833695       0.00800480
     0.1000000       0.64871574       0.00884880
     0.2000000       0.58225854       0.00869876
     0.3000000       0.53878519       0.00744976
     0.4000000       0.51475310       0.00663306
     0.5000000       0.50712798       0.00621854
     0.6000000       0.51438708       0.00599990
     0.7000000       0.53784140       0.00613696
     0.8000000       0.58020903       0.00658700
     0.9000000       0.64704164       0.00725451
     1.0000000       0.74833695       0.00800480
