     0.0000000       0.43868111       0.04580232
     0.1000000       0.24763132       0.04822024
     0.2000000       0.15273340       0.04239790
     0.3000000       0.10224828       0.03622881
     0.4000000       0.07354000       0.03011155
     0.5000000       0.05625667       0.02537114
     0.6000000       0.04412536       0.02364039
     0.7000000       0.02608950       0.02821568
     0.8000000       0.00964183       0.03535681
     0.9000000       0.00413845       0.03864356
     1.0000000       0.00197002       0.03867858
     1.1000000      -0.00183303       0.03916679
     1.2000000      -0.01194123       0.04801914
     1.3000000      -0.01729784       0.05551228
     1.4000000      -0.00446638       0.04860460
     1.5000000       0.01222653       0.03699807
     1.6000000       0.01775686       0.02945041
     1.7000000       0.01729233       0.02449715
     1.8000000       0.01519773       0.02214821
     1.9000000       0.01086810       0.02184296
     2.0000000       0.00707198       0.02408100
     2.1000000       0.00597620       0.02630798
     2.2000000       0.00622136       0.02569371
     2.3000000       0.00664786       0.02386715
     2.4000000       0.00515606       0.02250566
     2.5000000       0.00172389       0.02357909
     2.6000000      -0.00153110       0.02765130
     2.7000000      -0.00116252       0.02995791
     2.8000000       0.00240296       0.02816214
     2.9000000       0.00751541       0.02453391
     3.0000000       0.00751978       0.02202652
     3.1000000       0.00480383       0.02161449
     3.2000000       0.00607228       0.02085726
     3.3000000       0.00814079       0.01989466
     3.4000000       0.00694928       0.02020076
     3.5000000       0.00550030       0.02113216
     3.6000000       0.00817730       0.02287313
     3.7000000       0.01051054       0.02382369
     3.8000000       0.01165227       0.02353407
     3.9000000       0.01175931       0.02395510
     4.0000000       0.01139655       0.02455961
     4.1000000       0.01210848       0.02439657
     4.2000000       0.01007842       0.02520604
     4.3000000       0.00881204       0.02568668
     4.4000000       0.01337194       0.02556338
     4.5000000       0.01952027       0.02536400
     4.6000000       0.02059389       0.02664721
     4.7000000       0.01829362       0.03041535
     4.8000000       0.01890948       0.03402601
     4.9000000       0.02183162       0.03704512
     5.0000000       0.02279036       0.04107125
     5.1000000       0.01737976       0.04677753
     5.2000000       0.01172393       0.05057251
     5.3000000       0.01741788       0.05157534
     5.4000000       0.03368276       0.04808233
     5.5000000       0.05261583       0.04156560
     5.6000000       0.07365462       0.03646430
     5.7000000       0.10872083       0.03297264
     5.8000000       0.16361207       0.03504207
     5.9000000       0.25881479       0.03925610
     6.0000000       0.43868111       0.04580232
