     0.0000000       0.29070753       0.00173337
     0.1000000       0.25867654       0.00175432
     0.2000000       0.23761837       0.00178174
     0.3000000       0.22329524       0.00183272
     0.4000000       0.21443272       0.00178985
     0.5000000       0.20768968       0.00181416
     0.6000000       0.20453823       0.00178359
     0.7000000       0.20188929       0.00167482
     0.8000000       0.20243466       0.00174858
     0.9000000       0.20280428       0.00179098
     1.0000000       0.20546868       0.00181788
     1.1000000       0.20844017       0.00187160
     1.2000000       0.21452675       0.00186357
     1.3000000       0.22097624       0.00187581
     1.4000000       0.22692314       0.00195042
     1.5000000       0.23442977       0.00188798
     1.6000000       0.24382054       0.00201045
     1.7000000       0.25568196       0.00207198
     1.8000000       0.26862487       0.00217079
     1.9000000       0.28347656       0.00220696
     2.0000000       0.29952951       0.00209772
     2.1000000       0.31722740       0.00202510
     2.2000000       0.33714860       0.00205749
     2.3000000       0.36151163       0.00212151
     2.4000000       0.38887013       0.00221395
     2.5000000       0.42095698       0.00225336
     2.6000000       0.45974236       0.00218137
     2.7000000       0.50621557       0.00216866
     2.8000000       0.55683708       0.00205963
     2.9000000       0.62577717       0.00193425
     3.0000000       0.70929247       0.00173337
