     0.0000000       0.27794502       0.00714180
     0.1000000       0.19426503       0.00641869
     0.2000000       0.15321648       0.00384303
     0.3000000       0.12244900       0.00274999
     0.4000000       0.10437332       0.00368515
     0.5000000       0.09850005       0.00456774
     0.6000000       0.10388536       0.00336556
     0.7000000       0.11894162       0.00463706
     0.8000000       0.14598114       0.00388383
     0.9000000       0.19153029       0.00542484
     1.0000000       0.27794502       0.00714180
