     0.0000000       0.60238747       0.00628417
     0.1000000       0.50326923       0.00579888
     0.2000000       0.42680668       0.00533385
     0.3000000       0.36696324       0.00487045
     0.4000000       0.31963952       0.00451212
     0.5000000       0.28186366       0.00438774
     0.6000000       0.25182525       0.00444141
     0.7000000       0.22813496       0.00463594
     0.8000000       0.20846348       0.00454772
     0.9000000       0.19183633       0.00407658
     1.0000000       0.17882254       0.00380684
     1.1000000       0.16876776       0.00359110
     1.2000000       0.16076598       0.00324334
     1.3000000       0.15505680       0.00290588
     1.4000000       0.15200530       0.00273697
     1.5000000       0.15119596       0.00271841
     1.6000000       0.15203546       0.00262719
     1.7000000       0.15494860       0.00258363
     1.8000000       0.16032728       0.00271541
     1.9000000       0.16780153       0.00280706
     2.0000000       0.17798913       0.00304649
     2.1000000       0.19100262       0.00337081
     2.2000000       0.20709359       0.00370129
     2.3000000       0.22816177       0.00452172
     2.4000000       0.25477910       0.00563638
     2.5000000       0.28726107       0.00691276
     2.6000000       0.32562181       0.00755652
     2.7000000       0.37164421       0.00727576
     2.8000000       0.42967961       0.00694028
     2.9000000       0.50446239       0.00663915
     3.0000000       0.60238747       0.00628417
