     0.0000000       0.25167418       0.00316771
     0.1000000       0.21672292       0.00321090
     0.2000000       0.18526938       0.00320680
     0.3000000       0.16135206       0.00324896
     0.4000000       0.14351436       0.00341553
     0.5000000       0.12857876       0.00341106
     0.6000000       0.11531759       0.00353582
     0.7000000       0.10630229       0.00358204
     0.8000000       0.09880631       0.00339589
     0.9000000       0.09163319       0.00342745
     1.0000000       0.08592605       0.00336987
     1.1000000       0.07955356       0.00339258
     1.2000000       0.07621399       0.00336020
     1.3000000       0.07344417       0.00344901
     1.4000000       0.06880582       0.00342175
     1.5000000       0.06362320       0.00310777
     1.6000000       0.06413948       0.00310554
     1.7000000       0.06026613       0.00312042
     1.8000000       0.05445922       0.00326889
     1.9000000       0.05260937       0.00313506
     2.0000000       0.05145188       0.00311949
     2.1000000       0.05004314       0.00309757
     2.2000000       0.04806487       0.00310974
     2.3000000       0.05045681       0.00326882
     2.4000000       0.05024662       0.00310265
     2.5000000       0.05515760       0.00318526
     2.6000000       0.05754069       0.00307499
     2.7000000       0.05897730       0.00309760
     2.8000000       0.06242859       0.00326733
     2.9000000       0.06630795       0.00351364
     3.0000000       0.06616729       0.00363242
     3.1000000       0.06722201       0.00365663
     3.2000000       0.07272209       0.00361529
     3.3000000       0.07707456       0.00346152
     3.4000000       0.08074659       0.00346309
     3.5000000       0.08495647       0.00343308
     3.6000000       0.08956455       0.00358892
     3.7000000       0.09390954       0.00337528
     3.8000000       0.10340858       0.00331509
     3.9000000       0.11187062       0.00325714
     4.0000000       0.11820247       0.00344711
     4.1000000       0.12758803       0.00336523
     4.2000000       0.13639467       0.00349566
     4.3000000       0.14686835       0.00353933
     4.4000000       0.15931251       0.00369506
     4.5000000       0.17192848       0.00359584
     4.6000000       0.18769011       0.00350879
     4.7000000       0.19981037       0.00341896
     4.8000000       0.21782704       0.00341229
     4.9000000       0.23988857       0.00316812
     5.0000000       0.26242825       0.00349977
     5.1000000       0.28769338       0.00333418
     5.2000000       0.31442315       0.00340959
     5.3000000       0.34618533       0.00331710
     5.4000000       0.38042335       0.00337138
     5.5000000       0.42055755       0.00360941
     5.6000000       0.46597378       0.00333118
     5.7000000       0.51778497       0.00322987
     5.8000000       0.58006996       0.00338600
     5.9000000       0.65580854       0.00346184
     6.0000000       0.74832582       0.00316771
