     0.0000000       0.91477318       0.00110487
     0.1000000       0.71953414       0.00122027
     0.2000000       0.57257213       0.00140189
     0.3000000       0.46242131       0.00136820
     0.4000000       0.37535245       0.00121577
     0.5000000       0.30746087       0.00123723
     0.6000000       0.25413220       0.00115300
     0.7000000       0.21158437       0.00110413
     0.8000000       0.17727748       0.00112722
     0.9000000       0.14941682       0.00105241
     1.0000000       0.12816777       0.00101768
     1.1000000       0.10843884       0.00100043
     1.2000000       0.09429429       0.00098532
     1.3000000       0.08251759       0.00094939
     1.4000000       0.07289031       0.00103063
     1.5000000       0.06466609       0.00101615
     1.6000000       0.05739513       0.00100547
     1.7000000       0.05261512       0.00098933
     1.8000000       0.04804567       0.00099398
     1.9000000       0.04389612       0.00103989
     2.0000000       0.04085402       0.00104498
     2.1000000       0.03845617       0.00098595
     2.2000000       0.03783368       0.00103752
     2.3000000       0.03808264       0.00092149
     2.4000000       0.03768818       0.00097045
     2.5000000       0.03895940       0.00097532
     2.6000000       0.04147802       0.00100910
     2.7000000       0.04783783       0.00096349
     2.8000000       0.05514516       0.00107294
     2.9000000       0.06803336       0.00101811
     3.0000000       0.08522682       0.00110487
