     0.0000000       0.08602419       0.00110895
     0.1000000       0.06745611       0.00109491
     0.2000000       0.05455831       0.00105291
     0.3000000       0.04692654       0.00107221
     0.4000000       0.04221906       0.00101287
     0.5000000       0.03992893       0.00098181
     0.6000000       0.03783153       0.00100937
     0.7000000       0.03651113       0.00090342
     0.8000000       0.03763505       0.00096046
     0.9000000       0.03883315       0.00098570
     1.0000000       0.04167581       0.00099608
     1.1000000       0.04376422       0.00112463
     1.2000000       0.04779058       0.00108594
     1.3000000       0.05334353       0.00107692
     1.4000000       0.05867577       0.00103891
     1.5000000       0.06535502       0.00102590
     1.6000000       0.07305647       0.00104221
     1.7000000       0.08459563       0.00106600
     1.8000000       0.09677949       0.00099431
     1.9000000       0.11181829       0.00114927
     2.0000000       0.12856119       0.00118991
     2.1000000       0.15151400       0.00114774
     2.2000000       0.17887987       0.00121044
     2.3000000       0.21283159       0.00114700
     2.4000000       0.25570164       0.00118906
     2.5000000       0.30862491       0.00122440
     2.6000000       0.37675419       0.00132972
     2.7000000       0.46434667       0.00132620
     2.8000000       0.57250477       0.00139137
     2.9000000       0.72013023       0.00134944
     3.0000000       0.91397581       0.00110895
