     0.0000000       0.31624511       0.03350063
     0.1000000       0.16446655       0.03193528
     0.2000000       0.09684646       0.01259511
     0.3000000       0.06317787       0.00490049
     0.4000000       0.04183088       0.00500027
     0.5000000       0.01445154       0.00691861
     0.6000000       0.00234310       0.01339291
     0.7000000       0.00841110       0.00655598
     0.8000000       0.00138612       0.00677305
     0.9000000      -0.01051788       0.01488038
     1.0000000       0.00533526       0.00436225
     1.1000000       0.01861468       0.01524186
     1.2000000       0.01757482       0.01392718
     1.3000000       0.02863582       0.02437265
     1.4000000       0.00422065       0.00370182
     1.5000000       0.00836219       0.00890274
     1.6000000       0.01913189       0.01942986
     1.7000000      -0.02617473       0.02628753
     1.8000000       0.00654382       0.00345091
     1.9000000       0.00644105       0.00517878
     2.0000000       0.02876937       0.02985714
     2.1000000       0.01982684       0.02351219
     2.2000000       0.02441957       0.02883839
     2.3000000       0.01621503       0.01505952
     2.4000000      -0.01423008       0.01531445
     2.5000000      -0.01808320       0.02131559
     2.6000000      -0.01673932       0.01537476
     2.7000000      -0.00281017       0.00367932
     2.8000000       0.00218493       0.00729371
     2.9000000      -0.01155910       0.01355694
     3.0000000       0.00014530       0.00602735
     3.1000000      -0.01222106       0.01171463
     3.2000000       0.00663367       0.00655438
     3.3000000       0.03368162       0.03086979
     3.4000000       0.01805027       0.01851370
     3.5000000       0.00422909       0.00536034
     3.6000000      -0.00796726       0.00755919
     3.7000000      -0.02421449       0.02226815
     3.8000000       0.00189514       0.00537308
     3.9000000       0.02062922       0.01732692
     4.0000000       0.01245496       0.01141234
     4.1000000      -0.00267249       0.00955011
     4.2000000       0.00550573       0.00700960
     4.3000000       0.01467232       0.00964913
     4.4000000      -0.00319267       0.00627012
     4.5000000       0.00325919       0.00341585
     4.6000000      -0.01819464       0.02125193
     4.7000000      -0.00443134       0.00671335
     4.8000000      -0.02639140       0.03107917
     4.9000000       0.00122739       0.00758224
     5.0000000       0.02513890       0.02105891
     5.1000000      -0.00279854       0.00732689
     5.2000000       0.02595472       0.02631095
     5.3000000       0.00599198       0.00456833
     5.4000000       0.00272024       0.01432000
     5.5000000      -0.01026437       0.03340005
     5.6000000       0.01255785       0.02857676
     5.7000000       0.01952083       0.04333676
     5.8000000       0.05157140       0.05394588
     5.9000000       0.15989057       0.03021400
     6.0000000       0.31624511       0.03350063
