     0.0000000       0.31704568       0.00721688
     0.1000000       0.20515550       0.00677504
     0.2000000       0.15627421       0.00658019
     0.3000000       0.11820018       0.00384992
     0.4000000       0.09640382       0.00297239
     0.5000000       0.08829411       0.00435483
     0.6000000       0.09622410       0.00211992
     0.7000000       0.11254732       0.00461810
     0.8000000       0.14544820       0.00264789
     0.9000000       0.20280856       0.00423292
     1.0000000       0.31704568       0.00721688
