     0.0000000       0.60787913       0.00050297
     0.1000000       0.53408210       0.00075106
     0.2000000       0.47941639       0.00080264
     0.3000000       0.43846019       0.00086509
     0.4000000       0.40813291       0.00092813
     0.5000000       0.38702595       0.00089111
     0.6000000       0.37225191       0.00085710
     0.7000000       0.36467431       0.00076326
     0.8000000       0.36320738       0.00074825
     0.9000000       0.37213278       0.00063477
     1.0000000       0.39212087       0.00050297
