     0.0000000       0.27820757       0.01330279
     0.1000000       0.17208358       0.01415161
     0.2000000       0.10723990       0.01429174
     0.3000000       0.06490917       0.01414874
     0.4000000       0.03966157       0.01415150
     0.5000000       0.02746738       0.01403050
     0.6000000       0.02174375       0.01389077
     0.7000000       0.01845917       0.01329970
     0.8000000       0.01841465       0.01252327
     0.9000000       0.02166790       0.01165237
     1.0000000       0.02441480       0.01061426
     1.1000000       0.02556170       0.01009323
     1.2000000       0.02278029       0.00980939
     1.3000000       0.01977226       0.01023661
     1.4000000       0.01896121       0.01081300
     1.5000000       0.01809163       0.00992728
     1.6000000       0.01680641       0.00863603
     1.7000000       0.01599649       0.00778054
     1.8000000       0.01348236       0.00705909
     1.9000000       0.01008091       0.00672185
     2.0000000       0.00922341       0.00701242
     2.1000000       0.00858784       0.00822880
     2.2000000       0.00801412       0.01005144
     2.3000000       0.00685832       0.01149174
     2.4000000       0.00448565       0.01138006
     2.5000000       0.00238783       0.01082512
     2.6000000       0.00042969       0.01037875
     2.7000000      -0.00189025       0.01019545
     2.8000000      -0.00546558       0.00953731
     2.9000000      -0.00888954       0.00852053
     3.0000000      -0.01015218       0.00849677
     3.1000000      -0.01031129       0.00888920
     3.2000000      -0.01067672       0.00937080
     3.3000000      -0.01115142       0.01038984
     3.4000000      -0.01326057       0.01145935
     3.5000000      -0.01530588       0.01179334
     3.6000000      -0.01606196       0.01156707
     3.7000000      -0.01609871       0.01078649
     3.8000000      -0.01500106       0.00971978
     3.9000000      -0.01386660       0.00870006
     4.0000000      -0.01119012       0.00807090
     4.1000000      -0.00742238       0.00782717
     4.2000000      -0.00344919       0.00762535
     4.3000000       0.00107336       0.00742913
     4.4000000       0.00420014       0.00730903
     4.5000000       0.00632748       0.00756843
     4.6000000       0.00932870       0.00810645
     4.7000000       0.01118446       0.00872443
     4.8000000       0.01033928       0.00893955
     4.9000000       0.00966904       0.00891777
     5.0000000       0.01063517       0.00929931
     5.1000000       0.01338038       0.00920354
     5.2000000       0.01787153       0.00881411
     5.3000000       0.02290132       0.00866788
     5.4000000       0.02802102       0.00862559
     5.5000000       0.03549770       0.00891337
     5.6000000       0.04902028       0.00936312
     5.7000000       0.07081478       0.00996247
     5.8000000       0.10774526       0.01114298
     5.9000000       0.17125697       0.01246277
     6.0000000       0.27820757       0.01330279
