     0.0000000       0.36272753       0.01792296
     0.1000000       0.21404386       0.01940226
     0.2000000       0.13772400       0.01939397
     0.3000000       0.10064501       0.01744424
     0.4000000       0.08408588       0.01603967
     0.5000000       0.08088769       0.01513501
     0.6000000       0.08823694       0.01481010
     0.7000000       0.10689785       0.01496474
     0.8000000       0.14443607       0.01557999
     0.9000000       0.21810941       0.01673287
     1.0000000       0.36272753       0.01792296
