     0.0000000       0.50024926       0.02252879
     0.1000000       0.42564239       0.02399504
     0.2000000       0.36443848       0.02184578
     0.3000000       0.31505306       0.01917570
     0.4000000       0.27512608       0.01673369
     0.5000000       0.24245108       0.01495829
     0.6000000       0.21657092       0.01499573
     0.7000000       0.19675586       0.01679720
     0.8000000       0.17994013       0.01852783
     0.9000000       0.16399330       0.01889421
     1.0000000       0.14955316       0.01835692
     1.1000000       0.13810418       0.01877948
     1.2000000       0.12954310       0.02039101
     1.3000000       0.12069888       0.02037347
     1.4000000       0.10874460       0.01620879
     1.5000000       0.09861713       0.01268602
     1.6000000       0.09211363       0.01178863
     1.7000000       0.08571082       0.01021311
     1.8000000       0.07959870       0.00846297
     1.9000000       0.07429552       0.00740960
     2.0000000       0.07048693       0.00719268
     2.1000000       0.06864375       0.00819417
     2.2000000       0.06703572       0.00949654
     2.3000000       0.06445511       0.00981337
     2.4000000       0.06224438       0.00962202
     2.5000000       0.06041253       0.00894844
     2.6000000       0.05750129       0.00732094
     2.7000000       0.05471426       0.00581912
     2.8000000       0.05317254       0.00524362
     2.9000000       0.05299944       0.00556434
     3.0000000       0.05352588       0.00597697
     3.1000000       0.05378388       0.00557564
     3.2000000       0.05411952       0.00530279
     3.3000000       0.05409013       0.00475066
     3.4000000       0.05386847       0.00395121
     3.5000000       0.05393209       0.00338185
     3.6000000       0.05495137       0.00318816
     3.7000000       0.05704596       0.00336831
     3.8000000       0.05964533       0.00356206
     3.9000000       0.06281557       0.00393751
     4.0000000       0.06588395       0.00423865
     4.1000000       0.06898414       0.00414263
     4.2000000       0.07276359       0.00372721
     4.3000000       0.07804096       0.00379375
     4.4000000       0.08414874       0.00418540
     4.5000000       0.09074123       0.00441244
     4.6000000       0.09839608       0.00481475
     4.7000000       0.10733443       0.00587856
     4.8000000       0.11789546       0.00742707
     4.9000000       0.12974415       0.00875466
     5.0000000       0.14224356       0.00930715
     5.1000000       0.15455540       0.00840354
     5.2000000       0.16881609       0.00725885
     5.3000000       0.18639920       0.00673528
     5.4000000       0.20873145       0.00764186
     5.5000000       0.23654890       0.00987212
     5.6000000       0.26855927       0.01144274
     5.7000000       0.30747598       0.01320680
     5.8000000       0.35709834       0.01622224
     5.9000000       0.41944930       0.01902840
     6.0000000       0.50024926       0.02252879
