     0.0000000       0.29389267       0.00462164
     0.1000000       0.19737785       0.00409012
     0.2000000       0.14798408       0.00382939
     0.3000000       0.11469988       0.00308151
     0.4000000       0.09664197       0.00306967
     0.5000000       0.08852117       0.00385617
     0.6000000       0.10193802       0.00364401
     0.7000000       0.11499510       0.00345045
     0.8000000       0.15168416       0.00338822
     0.9000000       0.19951035       0.00339901
     1.0000000       0.29389267       0.00462164
