     0.0000000       0.87068323       0.00144172
     0.1000000       0.72246750       0.00152237
     0.2000000       0.60854551       0.00165430
     0.3000000       0.51747688       0.00169171
     0.4000000       0.44304989       0.00170133
     0.5000000       0.38073665       0.00168365
     0.6000000       0.33086679       0.00171174
     0.7000000       0.28961545       0.00154634
     0.8000000       0.25563064       0.00155108
     0.9000000       0.22465345       0.00143788
     1.0000000       0.19895333       0.00141184
     1.1000000       0.17616010       0.00141695
     1.2000000       0.16019499       0.00135303
     1.3000000       0.14433538       0.00135650
     1.4000000       0.13055225       0.00133389
     1.5000000       0.11980089       0.00132801
     1.6000000       0.10812410       0.00130343
     1.7000000       0.10056674       0.00125328
     1.8000000       0.09492312       0.00129764
     1.9000000       0.08934257       0.00113075
     2.0000000       0.08319660       0.00115837
     2.1000000       0.08070559       0.00118493
     2.2000000       0.07897293       0.00121006
     2.3000000       0.07647800       0.00118486
     2.4000000       0.07611460       0.00112062
     2.5000000       0.07795109       0.00107744
     2.6000000       0.08165016       0.00123287
     2.7000000       0.08882823       0.00121753
     2.8000000       0.09538808       0.00132380
     2.9000000       0.10973281       0.00144421
     3.0000000       0.12931677       0.00144172
