     0.0000000       0.10760168       0.00232814
     0.1000000       0.08039775       0.00234779
     0.2000000       0.06379673       0.00212094
     0.3000000       0.04894285       0.00223268
     0.4000000       0.03938861       0.00222914
     0.5000000       0.03302712       0.00209439
     0.6000000       0.02585851       0.00206191
     0.7000000       0.02095575       0.00216560
     0.8000000       0.01831739       0.00227698
     0.9000000       0.01710616       0.00247850
     1.0000000       0.01486254       0.00253002
     1.1000000       0.01447772       0.00207235
     1.2000000       0.01685671       0.00249634
     1.3000000       0.01281443       0.00235874
     1.4000000       0.01481607       0.00220114
     1.5000000       0.01356790       0.00220217
     1.6000000       0.01214028       0.00216042
     1.7000000       0.01064309       0.00222682
     1.8000000       0.00958819       0.00206143
     1.9000000       0.01077208       0.00220540
     2.0000000       0.01146970       0.00216238
     2.1000000       0.01194318       0.00209077
     2.2000000       0.01211989       0.00193913
     2.3000000       0.01223433       0.00171973
     2.4000000       0.01294023       0.00192209
     2.5000000       0.01434458       0.00193203
     2.6000000       0.01487846       0.00197778
     2.7000000       0.01254637       0.00194382
     2.8000000       0.01118434       0.00203701
     2.9000000       0.01348694       0.00208672
     3.0000000       0.01431439       0.00200149
     3.1000000       0.01546980       0.00196061
     3.2000000       0.01659989       0.00216547
     3.3000000       0.01876679       0.00215164
     3.4000000       0.02104071       0.00216924
     3.5000000       0.02357431       0.00211240
     3.6000000       0.02534458       0.00200478
     3.7000000       0.03123741       0.00194654
     3.8000000       0.03408127       0.00188800
     3.9000000       0.03870104       0.00215372
     4.0000000       0.04354514       0.00220377
     4.1000000       0.05078205       0.00234253
     4.2000000       0.05823260       0.00213300
     4.3000000       0.06671490       0.00217088
     4.4000000       0.07873106       0.00230587
     4.5000000       0.08968650       0.00242139
     4.6000000       0.10211991       0.00244371
     4.7000000       0.11592057       0.00254520
     4.8000000       0.13153651       0.00238927
     4.9000000       0.15243939       0.00241562
     5.0000000       0.17683194       0.00237056
     5.1000000       0.20205001       0.00241693
     5.2000000       0.23436280       0.00247743
     5.3000000       0.27177053       0.00228552
     5.4000000       0.31845225       0.00219447
     5.5000000       0.37299299       0.00236321
     5.6000000       0.43879800       0.00238518
     5.7000000       0.51764751       0.00259564
     5.8000000       0.61502261       0.00243371
     5.9000000       0.73786758       0.00229696
     6.0000000       0.89239832       0.00232814
