     0.0000000       0.42468141       0.01664575
     0.1000000       0.27023258       0.01704279
     0.2000000       0.19113262       0.01701076
     0.3000000       0.15198550       0.01633131
     0.4000000       0.13207891       0.01579625
     0.5000000       0.12418045       0.01583883
     0.6000000       0.12864886       0.01599523
     0.7000000       0.14723547       0.01600153
     0.8000000       0.18850522       0.01612661
     0.9000000       0.26920590       0.01633384
     1.0000000       0.42468141       0.01664575
