     0.0000000       0.27741583       0.00729050
     0.1000000       0.19439707       0.00506452
     0.2000000       0.15335688       0.00617174
     0.3000000       0.11888511       0.00305521
     0.4000000       0.09715925       0.00441685
     0.5000000       0.09374905       0.00470559
     0.6000000       0.09862626       0.00263479
     0.7000000       0.11659198       0.00472241
     0.8000000       0.14397303       0.00314398
     0.9000000       0.18859551       0.00490872
     1.0000000       0.27741583       0.00729050
