     0.0000000       0.27929147       0.00968888
     0.1000000       0.17303104       0.00504024
     0.2000000       0.12313975       0.00481816
     0.3000000       0.08640288       0.00362999
     0.4000000       0.06157588       0.00438144
     0.5000000       0.04380687       0.00518805
     0.6000000       0.03243499       0.00500025
     0.7000000       0.02762053       0.00663325
     0.8000000       0.01630710       0.00508189
     0.9000000       0.01719429       0.00317462
     1.0000000       0.01241386       0.00307173
     1.1000000       0.00530547       0.00446202
     1.2000000       0.00488727       0.00479370
     1.3000000       0.01040706       0.00322051
     1.4000000       0.01298180       0.00255153
     1.5000000       0.00944821       0.00335027
     1.6000000       0.01425035       0.00277537
     1.7000000       0.01617588       0.00657057
     1.8000000       0.00626902       0.00494813
     1.9000000       0.01133481       0.00294084
     2.0000000       0.01104540       0.00305831
     2.1000000       0.01138720       0.00398654
     2.2000000       0.01877256       0.00521414
     2.3000000       0.02185413       0.00504933
     2.4000000       0.01734201       0.00655589
     2.5000000       0.03243537       0.00592366
     2.6000000       0.05653893       0.00483696
     2.7000000       0.07369765       0.00659236
     2.8000000       0.11393006       0.00540065
     2.9000000       0.18312552       0.00766245
     3.0000000       0.27929147       0.00968888
