     0.0000000       0.23976152       0.00736455
     0.1000000       0.18295229       0.00747855
     0.2000000       0.14781980       0.00745689
     0.3000000       0.12714210       0.00729374
     0.4000000       0.11629562       0.00716256
     0.5000000       0.11323363       0.00712709
     0.6000000       0.11681410       0.00713692
     0.7000000       0.12798821       0.00712932
     0.8000000       0.14944793       0.00714737
     0.9000000       0.18456112       0.00723733
     1.0000000       0.23976152       0.00736455
