     0.0000000       0.67846440       0.00565976
     0.1000000       0.56936788       0.00541642
     0.2000000       0.49159483       0.00508669
     0.3000000       0.43466627       0.00478775
     0.4000000       0.39256481       0.00456434
     0.5000000       0.36078888       0.00442068
     0.6000000       0.33592515       0.00431953
     0.7000000       0.31632304       0.00428533
     0.8000000       0.30158491       0.00427895
     0.9000000       0.29061180       0.00436069
     1.0000000       0.28235079       0.00451092
     1.1000000       0.27609632       0.00462054
     1.2000000       0.27137506       0.00458397
     1.3000000       0.26877341       0.00453915
     1.4000000       0.26808665       0.00464743
     1.5000000       0.26853885       0.00477590
     1.6000000       0.27005088       0.00495534
     1.7000000       0.27259040       0.00518057
     1.8000000       0.27581543       0.00524511
     1.9000000       0.28020666       0.00498713
     2.0000000       0.28634584       0.00477116
     2.1000000       0.29447080       0.00476976
     2.2000000       0.30551268       0.00494737
     2.3000000       0.31983251       0.00517076
     2.4000000       0.33801494       0.00524819
     2.5000000       0.36169780       0.00529470
     2.6000000       0.39358447       0.00538215
     2.7000000       0.43605502       0.00554161
     2.8000000       0.49275388       0.00570538
     2.9000000       0.57029652       0.00576502
     3.0000000       0.67846440       0.00565976
