     0.0000000       0.49862434       0.00335609
     0.1000000       0.44962415       0.00362336
     0.2000000       0.41197093       0.00371066
     0.3000000       0.38072069       0.00362919
     0.4000000       0.35361700       0.00363644
     0.5000000       0.33272533       0.00380652
     0.6000000       0.31710432       0.00360015
     0.7000000       0.30137942       0.00377862
     0.8000000       0.28693940       0.00383487
     0.9000000       0.27854421       0.00412895
     1.0000000       0.27165938       0.00399146
     1.1000000       0.26409095       0.00395274
     1.2000000       0.25925521       0.00397073
     1.3000000       0.25346753       0.00427685
     1.4000000       0.24814689       0.00424192
     1.5000000       0.25082358       0.00439662
     1.6000000       0.25114354       0.00414852
     1.7000000       0.25162398       0.00425225
     1.8000000       0.25653281       0.00404569
     1.9000000       0.26406308       0.00419313
     2.0000000       0.26728356       0.00425393
     2.1000000       0.27154870       0.00441672
     2.2000000       0.28329391       0.00445070
     2.3000000       0.29430542       0.00426430
     2.4000000       0.30911559       0.00419086
     2.5000000       0.32752052       0.00406448
     2.6000000       0.35041808       0.00390677
     2.7000000       0.37379228       0.00382713
     2.8000000       0.40660238       0.00361960
     2.9000000       0.44863646       0.00341369
     3.0000000       0.50137566       0.00335609
