     0.0000000       0.69947790       0.00477033
     0.1000000       0.61374683       0.00490916
     0.2000000       0.55739708       0.00486865
     0.3000000       0.52142107       0.00465702
     0.4000000       0.50177446       0.00453297
     0.5000000       0.49583612       0.00448813
     0.6000000       0.50244970       0.00448425
     0.7000000       0.52245315       0.00455552
     0.8000000       0.55805913       0.00464321
     0.9000000       0.61389797       0.00466990
     1.0000000       0.69947790       0.00477033
