     0.0000000       0.27768642       0.03107993
     0.1000000       0.18311107       0.00568198
     0.2000000       0.11243577       0.00391040
     0.3000000       0.07337742       0.00356657
     0.4000000       0.03139634       0.01618725
     0.5000000       0.02148321       0.00947320
     0.6000000       0.01346855       0.00857535
     0.7000000      -0.00847928       0.02119286
     0.8000000       0.00990758       0.00523888
     0.9000000       0.01791884       0.01654375
     1.0000000       0.00764661       0.00583553
     1.1000000       0.00501734       0.00359283
     1.2000000      -0.01004239       0.01309821
     1.3000000      -0.01211501       0.01536347
     1.4000000      -0.02357789       0.02665473
     1.5000000       0.00045345       0.00645087
     1.6000000      -0.00351483       0.00756962
     1.7000000      -0.00998202       0.00914229
     1.8000000      -0.01121247       0.01143611
     1.9000000      -0.00393003       0.00387310
     2.0000000      -0.00631738       0.00639352
     2.1000000      -0.01035747       0.00883293
     2.2000000      -0.01093681       0.01129265
     2.3000000      -0.00456939       0.00386860
     2.4000000      -0.00995405       0.00765946
     2.5000000       0.00429397       0.00548520
     2.6000000      -0.00822958       0.00566839
     2.7000000      -0.01284670       0.01535253
     2.8000000      -0.01226630       0.01529602
     2.9000000      -0.00166088       0.00716925
     3.0000000      -0.00736344       0.00942291
     3.1000000      -0.00662730       0.00873490
     3.2000000      -0.00703929       0.00627234
     3.3000000      -0.01036983       0.00768984
     3.4000000      -0.00810535       0.00692026
     3.5000000      -0.01873635       0.01259809
     3.6000000      -0.01915521       0.01557754
     3.7000000      -0.00399800       0.00241330
     3.8000000      -0.00300490       0.00276103
     3.9000000      -0.00436596       0.00533928
     4.0000000      -0.00474443       0.00714922
     4.1000000      -0.00256345       0.00664342
     4.2000000       0.00685759       0.00316425
     4.3000000       0.00131910       0.00378616
     4.4000000       0.00220924       0.00312891
     4.5000000       0.00476241       0.00323985
     4.6000000       0.00407601       0.00255833
     4.7000000      -0.00180374       0.00663199
     4.8000000      -0.00810985       0.01184809
     4.9000000      -0.00222976       0.00792148
     5.0000000      -0.01061876       0.01420605
     5.1000000      -0.01237665       0.02159407
     5.2000000       0.00122141       0.01201042
     5.3000000       0.01519574       0.00309649
     5.4000000       0.01188918       0.00857505
     5.5000000       0.01895453       0.01057945
     5.6000000       0.04119280       0.00840031
     5.7000000       0.07015613       0.00552773
     5.8000000       0.09463326       0.01385993
     5.9000000       0.16916497       0.01165063
     6.0000000       0.27768642       0.03107993
