     0.0000000       0.96000041       0.00113278
     0.1000000       0.66129612       0.00132653
     0.2000000       0.46009525       0.00136321
     0.3000000       0.32179813       0.00133169
     0.4000000       0.22716883       0.00137040
     0.5000000       0.16115444       0.00124473
     0.6000000       0.11671806       0.00124691
     0.7000000       0.08392525       0.00131075
     0.8000000       0.06171040       0.00140389
     0.9000000       0.04461049       0.00115363
     1.0000000       0.03303888       0.00111197
     1.1000000       0.02426055       0.00103716
     1.2000000       0.01781214       0.00108063
     1.3000000       0.01337857       0.00116239
     1.4000000       0.00954169       0.00103051
     1.5000000       0.00642779       0.00104040
     1.6000000       0.00579282       0.00107202
     1.7000000       0.00367105       0.00101800
     1.8000000       0.00331015       0.00103653
     1.9000000       0.00316020       0.00101955
     2.0000000       0.00099774       0.00106848
     2.1000000       0.00032777       0.00113882
     2.2000000       0.00165036       0.00099158
     2.3000000       0.00158119       0.00110336
     2.4000000       0.00213647       0.00093128
     2.5000000       0.00240378       0.00113955
     2.6000000       0.00116959       0.00109693
     2.7000000       0.00061048       0.00114026
     2.8000000       0.00004449       0.00100914
     2.9000000      -0.00030059       0.00094514
     3.0000000      -0.00039537       0.00092277
     3.1000000      -0.00028463       0.00101780
     3.2000000       0.00021342       0.00096446
     3.3000000       0.00134555       0.00097160
     3.4000000       0.00062521       0.00091664
     3.5000000       0.00059137       0.00094832
     3.6000000       0.00007632       0.00092929
     3.7000000       0.00077926       0.00116136
     3.8000000       0.00073497       0.00107430
     3.9000000       0.00043248       0.00103174
     4.0000000       0.00085889       0.00100202
     4.1000000       0.00155446       0.00106843
     4.2000000       0.00030887       0.00108084
     4.3000000       0.00073963       0.00104485
     4.4000000      -0.00032253       0.00094671
     4.5000000      -0.00006002       0.00101916
     4.6000000       0.00044402       0.00108976
     4.7000000       0.00039809       0.00098751
     4.8000000      -0.00005331       0.00101116
     4.9000000       0.00063931       0.00100176
     5.0000000       0.00019250       0.00102856
     5.1000000       0.00081766       0.00103000
     5.2000000       0.00251197       0.00101151
     5.3000000       0.00329771       0.00105734
     5.4000000       0.00293791       0.00105521
     5.5000000       0.00463807       0.00117393
     5.6000000       0.00610869       0.00124784
     5.7000000       0.00875537       0.00112639
     5.8000000       0.01460690       0.00108205
     5.9000000       0.02434633       0.00111956
     6.0000000       0.03999959       0.00113278
