     0.0000000       0.21636967       0.00918413
     0.1000000       0.14655103       0.00929447
     0.2000000       0.10176366       0.00932149
     0.3000000       0.07258574       0.00921765
     0.4000000       0.05231810       0.00924904
     0.5000000       0.03819346       0.00957827
     0.6000000       0.02810245       0.01004831
     0.7000000       0.02134085       0.01073315
     0.8000000       0.01802295       0.01070249
     0.9000000       0.01761371       0.00958538
     1.0000000       0.01785219       0.00839341
     1.1000000       0.01773570       0.00740318
     1.2000000       0.01813154       0.00664417
     1.3000000       0.01769406       0.00650828
     1.4000000       0.01650268       0.00682715
     1.5000000       0.01573660       0.00713297
     1.6000000       0.01406217       0.00742089
     1.7000000       0.01235993       0.00775978
     1.8000000       0.01254455       0.00798784
     1.9000000       0.01426051       0.00775450
     2.0000000       0.01607389       0.00758794
     2.1000000       0.01743939       0.00749039
     2.2000000       0.01981248       0.00727807
     2.3000000       0.02420317       0.00733484
     2.4000000       0.03055741       0.00765867
     2.5000000       0.03926596       0.00796302
     2.6000000       0.05278241       0.00820681
     2.7000000       0.07359074       0.00830659
     2.8000000       0.10347472       0.00840319
     2.9000000       0.14759478       0.00880913
     3.0000000       0.21636967       0.00918413
