     0.0000000       0.27852369       0.01135486
     0.1000000       0.18240164       0.00671866
     0.2000000       0.10722916       0.00484695
     0.3000000       0.06702208       0.00449539
     0.4000000       0.03307159       0.00624227
     0.5000000       0.02571076       0.00491033
     0.6000000       0.02183843       0.00344790
     0.7000000       0.01120412       0.00506205
     0.8000000       0.01085565       0.00541530
     0.9000000       0.01185471       0.00797907
     1.0000000       0.00570812       0.00597615
     1.1000000       0.00332779       0.00455310
     1.2000000      -0.00004568       0.00438667
     1.3000000      -0.00161074       0.00542449
     1.4000000      -0.00397785       0.00957065
     1.5000000       0.00038161       0.00377658
     1.6000000      -0.00857971       0.00765164
     1.7000000      -0.00632823       0.00534303
     1.8000000      -0.00503526       0.00486941
     1.9000000       0.00078695       0.00320574
     2.0000000       0.00072365       0.00495824
     2.1000000      -0.00101930       0.00550245
     2.2000000      -0.00839445       0.00731204
     2.3000000      -0.00031314       0.00468663
     2.4000000      -0.00446640       0.00402908
     2.5000000      -0.00178360       0.00281934
     2.6000000      -0.00872209       0.00499511
     2.7000000      -0.00970464       0.00713426
     2.8000000      -0.00794013       0.00721247
     2.9000000      -0.00191553       0.00273854
     3.0000000      -0.00449048       0.00292243
     3.1000000       0.00024465       0.00270933
     3.2000000       0.00264091       0.00253145
     3.3000000       0.00143569       0.00349410
     3.4000000      -0.00025113       0.00291189
     3.5000000      -0.00533228       0.00552088
     3.6000000       0.00099561       0.00488851
     3.7000000       0.00285298       0.00374566
     3.8000000       0.00199243       0.00354972
     3.9000000      -0.00164217       0.00298131
     4.0000000      -0.00025447       0.00349332
     4.1000000      -0.00237543       0.00432313
     4.2000000      -0.00110140       0.00286057
     4.3000000       0.00610734       0.00325661
     4.4000000       0.00698160       0.00439883
     4.5000000       0.00149854       0.00328988
     4.6000000      -0.00627618       0.00686041
     4.7000000      -0.01296092       0.00943260
     4.8000000      -0.00375775       0.00737523
     4.9000000      -0.00025550       0.00707854
     5.0000000       0.00529666       0.00286462
     5.1000000       0.00424693       0.00293984
     5.2000000      -0.00046302       0.00768655
     5.3000000       0.00958812       0.00537821
     5.4000000       0.01395837       0.00514368
     5.5000000       0.02350324       0.00600529
     5.6000000       0.03738993       0.00472284
     5.7000000       0.06609803       0.00395125
     5.8000000       0.10187661       0.00526500
     5.9000000       0.17182340       0.00544186
     6.0000000       0.27852369       0.01135486
