     0.0000000       0.31707296       0.01713860
     0.1000000       0.18768680       0.01379163
     0.2000000       0.11616615       0.01538574
     0.3000000       0.06824692       0.00449812
     0.4000000       0.03290565       0.00806228
     0.5000000       0.02224352       0.00779564
     0.6000000       0.01749132       0.00604025
     0.7000000       0.02322725       0.00657537
     0.8000000       0.01142742       0.00936616
     0.9000000       0.01149844       0.00869632
     1.0000000       0.00011715       0.01100560
     1.1000000      -0.00281171       0.01021248
     1.2000000       0.00163300       0.00383724
     1.3000000      -0.00763874       0.01453171
     1.4000000      -0.01483816       0.01406602
     1.5000000      -0.00417357       0.00434191
     1.6000000       0.00534199       0.00835339
     1.7000000      -0.00014930       0.00534968
     1.8000000      -0.01268700       0.00698554
     1.9000000       0.00036497       0.00385597
     2.0000000      -0.00635687       0.00588141
     2.1000000       0.00736338       0.00574828
     2.2000000       0.01036272       0.01133934
     2.3000000       0.00946464       0.00743608
     2.4000000      -0.00141242       0.00381904
     2.5000000       0.01603269       0.01098812
     2.6000000      -0.00575972       0.00852271
     2.7000000      -0.00717944       0.00901439
     2.8000000      -0.00218327       0.00623917
     2.9000000      -0.01321843       0.01047604
     3.0000000      -0.00606390       0.00482909
     3.1000000      -0.00047036       0.00542591
     3.2000000       0.00154769       0.00315436
     3.3000000      -0.00078747       0.00518008
     3.4000000       0.00247063       0.00767845
     3.5000000      -0.00499504       0.00572035
     3.6000000      -0.00438933       0.00915054
     3.7000000      -0.00134541       0.01134118
     3.8000000       0.00270691       0.00655884
     3.9000000      -0.00699714       0.00505906
     4.0000000      -0.00649005       0.00759731
     4.1000000      -0.00049580       0.00594926
     4.2000000      -0.00399335       0.00892373
     4.3000000      -0.00290280       0.00780516
     4.4000000      -0.00297031       0.00337607
     4.5000000       0.00304658       0.00591433
     4.6000000       0.00184441       0.00312348
     4.7000000      -0.00317489       0.00887945
     4.8000000      -0.01121630       0.01059202
     4.9000000       0.00269152       0.00505474
     5.0000000       0.00942242       0.00510192
     5.1000000       0.00081102       0.00838102
     5.2000000       0.00415303       0.00996265
     5.3000000       0.02427124       0.00719647
     5.4000000       0.02021775       0.00510228
     5.5000000       0.02118033       0.00877758
     5.6000000       0.03679194       0.00691179
     5.7000000       0.06087956       0.00647365
     5.8000000       0.09814898       0.01078434
     5.9000000       0.17914764       0.01218326
     6.0000000       0.31707296       0.01713860
