     0.0000000       0.42218063       0.01007229
     0.1000000       0.21979969       0.00754444
     0.2000000       0.12372663       0.00527149
     0.3000000       0.07699205       0.00471032
     0.4000000       0.04509879       0.00564313
     0.5000000       0.03635038       0.00448724
     0.6000000       0.02361037       0.00424118
     0.7000000       0.00775611       0.00493597
     0.8000000       0.01448233       0.00430661
     0.9000000       0.01062502       0.00449059
     1.0000000       0.01389807       0.00410396
     1.1000000       0.00912983       0.00434588
     1.2000000       0.00972169       0.00464239
     1.3000000       0.01157253       0.00452449
     1.4000000       0.01132170       0.00445211
     1.5000000       0.00727174       0.00490978
     1.6000000       0.00829957       0.00577541
     1.7000000       0.00880282       0.00623202
     1.8000000       0.00664938       0.00492760
     1.9000000       0.00574119       0.00475983
     2.0000000       0.00158927       0.00472290
     2.1000000       0.00422479       0.00522841
     2.2000000       0.00656247       0.00578740
     2.3000000       0.00924742       0.00578302
     2.4000000       0.01594884       0.00391404
     2.5000000       0.02557252       0.00474810
     2.6000000       0.03811521       0.00612964
     2.7000000       0.07255321       0.00451599
     2.8000000       0.13240632       0.00797623
     2.9000000       0.22276178       0.00697389
     3.0000000       0.42218063       0.01007229
