     0.0000000       0.72641071       0.00728569
     0.1000000       0.64039691       0.00804445
     0.2000000       0.58410203       0.00792299
     0.3000000       0.54771822       0.00689925
     0.4000000       0.52770328       0.00621335
     0.5000000       0.52140385       0.00587110
     0.6000000       0.52750578       0.00573498
     0.7000000       0.54694238       0.00578702
     0.8000000       0.58240252       0.00609020
     0.9000000       0.63908031       0.00664634
     1.0000000       0.72641071       0.00728569
