     0.0000000       0.26808491       0.00968217
     0.1000000       0.16412355       0.00680968
     0.2000000       0.11057428       0.00389346
     0.3000000       0.07576906       0.00320093
     0.4000000       0.05591836       0.00248701
     0.5000000       0.03972057       0.00312503
     0.6000000       0.03021974       0.00267456
     0.7000000       0.02229940       0.00225711
     0.8000000       0.01911567       0.00311528
     0.9000000       0.01622044       0.00245588
     1.0000000       0.01309318       0.00289726
     1.1000000       0.01000021       0.00330267
     1.2000000       0.00762242       0.00422978
     1.3000000       0.01034546       0.00307172
     1.4000000       0.01291655       0.00159993
     1.5000000       0.01218525       0.00242904
     1.6000000       0.01498974       0.00119121
     1.7000000       0.01400657       0.00210988
     1.8000000       0.01099537       0.00271925
     1.9000000       0.01078421       0.00295326
     2.0000000       0.01367921       0.00304077
     2.1000000       0.01448473       0.00334013
     2.2000000       0.01971848       0.00296007
     2.3000000       0.02274918       0.00339068
     2.4000000       0.02355029       0.00523132
     2.5000000       0.03575827       0.00390353
     2.6000000       0.05401335       0.00244429
     2.7000000       0.07104153       0.00583565
     2.8000000       0.10597032       0.00663385
     2.9000000       0.17240927       0.00733942
     3.0000000       0.26808491       0.00968217
