     0.0000000       0.27962693       0.00876089
     0.1000000       0.19438255       0.00901124
     0.2000000       0.14472919       0.00883959
     0.3000000       0.11670400       0.00836054
     0.4000000       0.10178482       0.00804092
     0.5000000       0.09720602       0.00786613
     0.6000000       0.10223045       0.00789451
     0.7000000       0.11768166       0.00802885
     0.8000000       0.14711842       0.00817909
     0.9000000       0.19674846       0.00844767
     1.0000000       0.27962693       0.00876089
