     0.0000000       0.57338424       0.01519005
     0.1000000       0.47567348       0.01772338
     0.2000000       0.39770244       0.01785987
     0.3000000       0.33540631       0.01773418
     0.4000000       0.28432606       0.01704359
     0.5000000       0.24247866       0.01645196
     0.6000000       0.20751970       0.01506872
     0.7000000       0.17663559       0.01188477
     0.8000000       0.15043321       0.00888571
     0.9000000       0.12919229       0.00768921
     1.0000000       0.11303603       0.00862312
     1.1000000       0.10100119       0.01020877
     1.2000000       0.08943056       0.00980690
     1.3000000       0.07605454       0.00677272
     1.4000000       0.06507984       0.00489192
     1.5000000       0.05718906       0.00436632
     1.6000000       0.04969092       0.00340205
     1.7000000       0.04397144       0.00291804
     1.8000000       0.03941395       0.00259806
     1.9000000       0.03543405       0.00241788
     2.0000000       0.03208653       0.00227331
     2.1000000       0.03044607       0.00231843
     2.2000000       0.02893376       0.00289183
     2.3000000       0.02668322       0.00328431
     2.4000000       0.02459503       0.00347927
     2.5000000       0.02201225       0.00309245
     2.6000000       0.01933654       0.00267932
     2.7000000       0.01789623       0.00286818
     2.8000000       0.01763118       0.00266650
     2.9000000       0.01679773       0.00249215
     3.0000000       0.01554396       0.00278855
     3.1000000       0.01522898       0.00340069
     3.2000000       0.01612174       0.00387037
     3.3000000       0.01796890       0.00441155
     3.4000000       0.02047978       0.00507262
     3.5000000       0.02361860       0.00577455
     3.6000000       0.02707023       0.00632622
     3.7000000       0.02946149       0.00587782
     3.8000000       0.03071824       0.00463530
     3.9000000       0.03256162       0.00361076
     4.0000000       0.03461050       0.00278720
     4.1000000       0.03631150       0.00211300
     4.2000000       0.03850709       0.00271938
     4.3000000       0.04216012       0.00373506
     4.4000000       0.04723468       0.00414162
     4.5000000       0.05301109       0.00466132
     4.6000000       0.05988405       0.00537936
     4.7000000       0.06826430       0.00596122
     4.8000000       0.07869198       0.00626150
     4.9000000       0.09050375       0.00697474
     5.0000000       0.10396757       0.00798507
     5.1000000       0.12117786       0.00796731
     5.2000000       0.14106452       0.00837090
     5.3000000       0.16358292       0.00950216
     5.4000000       0.19185529       0.00942052
     5.5000000       0.22855582       0.00805311
     5.6000000       0.27197998       0.00781257
     5.7000000       0.32317561       0.00854182
     5.8000000       0.38690751       0.01027549
     5.9000000       0.46771328       0.01211880
     6.0000000       0.57338424       0.01519005
