     0.0000000       0.16074313       0.00764057
     0.1000000       0.14917753       0.00613831
     0.2000000       0.15197260       0.00838906
     0.3000000       0.14085537       0.00516091
     0.4000000       0.13030656       0.00390449
     0.5000000       0.12725053       0.00508289
     0.6000000       0.12926633       0.00279908
     0.7000000       0.13469021       0.00533283
     0.8000000       0.13717570       0.00358449
     0.9000000       0.14200036       0.00549185
     1.0000000       0.16074313       0.00764057
