     0.0000000       0.65562630       0.00602808
     0.1000000       0.54277649       0.00558475
     0.2000000       0.45935005       0.00521158
     0.3000000       0.39592749       0.00479334
     0.4000000       0.34724049       0.00442513
     0.5000000       0.30982119       0.00434305
     0.6000000       0.28076804       0.00451277
     0.7000000       0.25824660       0.00498859
     0.8000000       0.24020834       0.00550241
     0.9000000       0.22485116       0.00532514
     1.0000000       0.21241309       0.00469004
     1.1000000       0.20256105       0.00402915
     1.2000000       0.19448670       0.00330447
     1.3000000       0.18856402       0.00293400
     1.4000000       0.18582249       0.00317154
     1.5000000       0.18520992       0.00345801
     1.6000000       0.18559411       0.00332561
     1.7000000       0.18828803       0.00318795
     1.8000000       0.19378005       0.00334835
     1.9000000       0.20155860       0.00375226
     2.0000000       0.21168306       0.00416258
     2.1000000       0.22394471       0.00418998
     2.2000000       0.23860950       0.00394290
     2.3000000       0.25723836       0.00396262
     2.4000000       0.28105260       0.00422799
     2.5000000       0.31148352       0.00484744
     2.6000000       0.35019861       0.00579656
     2.7000000       0.39902956       0.00649614
     2.8000000       0.46149494       0.00674509
     2.9000000       0.54378207       0.00649795
     3.0000000       0.65562630       0.00602808
