     0.0000000       0.17317472       0.01945356
     0.1000000       0.11536189       0.01886035
     0.2000000       0.09216161       0.01332979
     0.3000000       0.06627367       0.00514148
     0.4000000       0.04133552       0.00435834
     0.5000000       0.03541271       0.00576315
     0.6000000       0.01551899       0.01292382
     0.7000000       0.02054263       0.01353455
     0.8000000       0.01007429       0.00435259
     0.9000000       0.02103713       0.00795201
     1.0000000       0.02437413       0.01167722
     1.1000000       0.02288241       0.01300122
     1.2000000       0.00615213       0.00768534
     1.3000000       0.00430586       0.00647738
     1.4000000       0.01265875       0.00425153
     1.5000000       0.00005247       0.00526391
     1.6000000       0.00260051       0.00930090
     1.7000000       0.00537804       0.00445515
     1.8000000       0.00648841       0.00716133
     1.9000000       0.00874264       0.00616443
     2.0000000       0.00583936       0.00319028
     2.1000000       0.00865727       0.00587439
     2.2000000       0.00938075       0.01219310
     2.3000000       0.00902835       0.00621996
     2.4000000       0.00398736       0.00430382
     2.5000000       0.00977535       0.00469174
     2.6000000      -0.01087746       0.01238435
     2.7000000      -0.01281738       0.01022282
     2.8000000      -0.01803813       0.00976597
     2.9000000      -0.00217875       0.00355375
     3.0000000      -0.00597892       0.00574692
     3.1000000       0.00160371       0.00526724
     3.2000000       0.01250191       0.00606189
     3.3000000       0.00906717       0.00639907
     3.4000000       0.01022358       0.00445104
     3.5000000       0.00073630       0.00753838
     3.6000000       0.01095916       0.00770143
     3.7000000       0.00523292       0.00402895
     3.8000000      -0.00414371       0.00471542
     3.9000000      -0.01080082       0.00711183
     4.0000000       0.00380586       0.00452841
     4.1000000      -0.00084653       0.00371521
     4.2000000       0.00372177       0.00459613
     4.3000000       0.00472075       0.00739873
     4.4000000       0.00220072       0.00434530
     4.5000000      -0.00651438       0.00570669
     4.6000000      -0.00672106       0.00697204
     4.7000000       0.00283856       0.00371913
     4.8000000       0.00012453       0.00536868
     4.9000000       0.00025400       0.00839773
     5.0000000      -0.00679537       0.01708120
     5.1000000      -0.00351029       0.01189903
     5.2000000      -0.00001340       0.01260069
     5.3000000       0.00032855       0.01178503
     5.4000000       0.00407597       0.01391861
     5.5000000       0.01465589       0.01106566
     5.6000000       0.03207750       0.00658622
     5.7000000       0.04175805       0.00796095
     5.8000000       0.07358839       0.00852888
     5.9000000       0.11903134       0.00931162
     6.0000000       0.17317472       0.01945356
