#    kx       ky   	              (0, 0)              	         trace over n_orb         
-1.57080 -1.57080	 6.3229533956e-01  1.1854125166e-03	 6.3229533956e-01  1.1854125166e-03
-1.57080  0.00000	 4.2445209186e-01  1.0387408975e-03	 4.2445209186e-01  1.0387408975e-03
-1.57080  1.57080	 6.3405331612e-01  1.2598796634e-03	 6.3405331612e-01  1.2598796634e-03
-1.57080  3.14159	 8.0193600161e-01  1.8174620119e-03	 8.0193600161e-01  1.8174620119e-03
 0.00000 -1.57080	 4.2470672939e-01  1.0677937715e-03	 4.2470672939e-01  1.0677937715e-03
 0.00000  0.00000	 1.6249394932e-01  1.3139932850e-03	 1.6249394932e-01  1.3139932850e-03
 0.00000  1.57080	 4.2470672939e-01  1.0677937715e-03	 4.2470672939e-01  1.0677937715e-03
 0.00000  3.14159	 6.3626836916e-01  2.0093197165e-03	 6.3626836916e-01  2.0093197165e-03
 1.57080 -1.57080	 6.3405331612e-01  1.2598796634e-03	 6.3405331612e-01  1.2598796634e-03
 1.57080  0.00000	 4.2445209186e-01  1.0387408975e-03	 4.2445209186e-01  1.0387408975e-03
 1.57080  1.57080	 6.3229533956e-01  1.1854125166e-03	 6.3229533956e-01  1.1854125166e-03
 1.57080  3.14159	 8.0193600161e-01  1.8174620119e-03	 8.0193600161e-01  1.8174620119e-03
 3.14159 -1.57080	 8.0099839218e-01  1.5928043076e-03	 8.0099839218e-01  1.5928043076e-03
 3.14159  0.00000	 6.3385627828e-01  1.8820339380e-03	 6.3385627828e-01  1.8820339380e-03
 3.14159  1.57080	 8.0099839218e-01  1.5928043076e-03	 8.0099839218e-01  1.5928043076e-03
 3.14159  3.14159	 3.1561792586e+00  1.6704474390e-02	 3.1561792586e+00  1.6704474390e-02
