#    rx       ry   	         trace over n_orb         
 -1.00000  -1.00000	 1.2825403210e-01  9.9525014598e-04
 -1.00000   0.00000	-2.3399103400e-01  1.1377053885e-03
 -1.00000   1.00000	 1.2781453796e-01  9.8401137707e-04
 -1.00000   2.00000	-1.3991811830e-01  9.9590237372e-04
  0.00000  -1.00000	-2.3444157623e-01  1.1854977316e-03
  0.00000   0.00000	 7.5160509980e-01  1.6281018173e-03
  0.00000   1.00000	-2.3444157623e-01  1.1854977316e-03
  0.00000   2.00000	 1.2859165549e-01  1.0468060931e-03
  1.00000  -1.00000	 1.2781453796e-01  9.8401137707e-04
  1.00000   0.00000	-2.3399103400e-01  1.1377053885e-03
  1.00000   1.00000	 1.2825403210e-01  9.9525014598e-04
  1.00000   2.00000	-1.3991811830e-01  9.9590237372e-04
  2.00000  -1.00000	-1.4007059879e-01  1.0407607867e-03
  2.00000   0.00000	 1.2842091251e-01  1.0279787845e-03
  2.00000   1.00000	-1.4007059879e-01  1.0407607867e-03
  2.00000   2.00000	 1.3858179604e-01  1.0642586037e-03
