#    kx       ky   	         trace over n_orb         
-1.57080 -1.57080	 1.0000000000e+00  1.9197550733e-14
-1.57080  0.00000	 1.8522373148e+00  7.3702561530e-04
-1.57080  1.57080	 1.0000000000e+00  2.6864644436e-14
-1.57080  3.14159	 1.4776268522e-01  7.3702561530e-04
 0.00000 -1.57080	 1.8529275937e+00  8.1113201754e-04
 0.00000  0.00000	 1.9351891591e+00  4.0613822785e-04
 0.00000  1.57080	 1.8529275937e+00  8.1113201754e-04
 0.00000  3.14159	 9.9970198364e-01  3.9576275083e-03
 1.57080 -1.57080	 1.0000000000e+00  2.6864644436e-14
 1.57080  0.00000	 1.8522373148e+00  7.3702561530e-04
 1.57080  1.57080	 1.0000000000e+00  1.9197550733e-14
 1.57080  3.14159	 1.4776268522e-01  7.3702561530e-04
 3.14159 -1.57080	 1.4707240629e-01  8.1113201754e-04
 3.14159  0.00000	 1.0002980164e+00  3.9576275083e-03
 3.14159  1.57080	 1.4707240629e-01  8.1113201754e-04
 3.14159  3.14159	 6.4810840869e-02  4.0613822785e-04
