#    rx       ry   	              (0, 0)              	         trace over n_orb         
 -1.00000  -1.00000	-1.4864741265e-04  1.6836914959e-04	-1.4864741265e-04  1.6836914959e-04
 -1.00000   0.00000	 3.3009329128e-01  5.6452299206e-04	 3.3009329128e-01  5.6452299206e-04
 -1.00000   1.00000	-6.1685669541e-05  1.6748318148e-04	-6.1685669541e-05  1.6748318148e-04
 -1.00000   2.00000	-9.6370505582e-02  5.0630749087e-04	-9.6370505582e-02  5.0630749087e-04
  0.00000  -1.00000	 3.2999522563e-01  5.2966733830e-04	 3.2999522563e-01  5.2966733830e-04
  0.00000   0.00000	 1.0000000000e+00  3.0384433155e-15	 1.0000000000e+00  3.0384433155e-15
  0.00000   1.00000	 3.2999522563e-01  5.2966733830e-04	 3.2999522563e-01  5.2966733830e-04
  0.00000   2.00000	 9.0780574251e-16  4.5226389629e-16	 9.0780574251e-16  4.5226389629e-16
  1.00000  -1.00000	 6.1685669541e-05  1.6748318148e-04	 6.1685669541e-05  1.6748318148e-04
  1.00000   0.00000	 3.3009329128e-01  5.6452299206e-04	 3.3009329128e-01  5.6452299206e-04
  1.00000   1.00000	 1.4864741265e-04  1.6836914959e-04	 1.4864741265e-04  1.6836914959e-04
  1.00000   2.00000	-9.6370505582e-02  5.0630749087e-04	-9.6370505582e-02  5.0630749087e-04
  2.00000  -1.00000	-9.6123431760e-02  5.3272600832e-04	-9.6123431760e-02  5.3272600832e-04
  2.00000   0.00000	 3.2348821689e-16  5.7397359731e-16	 3.2348821689e-16  5.7397359731e-16
  2.00000   1.00000	-9.6123431760e-02  5.3272600832e-04	-9.6123431760e-02  5.3272600832e-04
  2.00000   2.00000	 2.9373509849e-15  4.1068308031e-16	 2.9373509849e-15  4.1068308031e-16
