#    rx       ry   	         trace over n_orb         
 -1.00000  -1.00000	 6.5687047538e-02  9.3128981219e-04
 -1.00000   0.00000	 1.1863916567e-01  1.0954962860e-03
 -1.00000   1.00000	 6.5330025493e-02  8.7443451858e-04
 -1.00000   2.00000	 7.1393935768e-02  9.1453424297e-04
  0.00000  -1.00000	 1.1892249210e-01  1.0656634523e-03
  0.00000   0.00000	 3.7827271256e-01  1.6095126020e-03
  0.00000   1.00000	 1.1892249210e-01  1.0656634523e-03
  0.00000   2.00000	 6.6123822283e-02  1.0038695434e-03
  1.00000  -1.00000	 6.5330025493e-02  8.7443451858e-04
  1.00000   0.00000	 1.1863916567e-01  1.0954962860e-03
  1.00000   1.00000	 6.5687047538e-02  9.3128981219e-04
  1.00000   2.00000	 7.1393935768e-02  9.1453424297e-04
  2.00000  -1.00000	 7.1346410079e-02  9.5438168061e-04
  2.00000   0.00000	 6.5519346264e-02  9.2052752096e-04
  2.00000   1.00000	 7.1346410079e-02  9.5438168061e-04
  2.00000   2.00000	 7.0317339756e-02  9.7846871007e-04
