#    kx       ky   	         trace over n_orb         
-1.57080 -1.57080	 3.1623283968e-01  9.3636770090e-04
-1.57080  0.00000	 4.0371201287e-01  1.8818711386e-03
-1.57080  1.57080	 3.1766092786e-01  1.2515396937e-03
-1.57080  3.14159	 2.1340768478e-01  1.0586510973e-03
 0.00000 -1.57080	 4.0184135658e-01  1.5789029278e-03
 0.00000  0.00000	 1.6028713742e+00  1.5541755953e-02
 0.00000  1.57080	 4.0184135658e-01  1.5789029278e-03
 0.00000  3.14159	 3.1772747331e-01  1.5226877436e-03
 1.57080 -1.57080	 3.1766092786e-01  1.2515396937e-03
 1.57080  0.00000	 4.0371201287e-01  1.8818711386e-03
 1.57080  1.57080	 3.1623283968e-01  9.3636770090e-04
 1.57080  3.14159	 2.1340768478e-01  1.0586510973e-03
 3.14159 -1.57080	 2.1286043699e-01  8.8250319453e-04
 3.14159  0.00000	 3.1867067630e-01  1.8548217691e-03
 3.14159  1.57080	 2.1286043699e-01  8.8250319453e-04
 3.14159  3.14159	 8.1663359701e-02  1.1254348007e-03
