#    kx       ky   	         trace over n_orb         
-1.57080 -1.57080	 2.4957187469e-01  1.5891441778e-03
-1.57080  0.00000	 1.7570215539e-01  1.4795743536e-03
-1.57080  1.57080	 2.4885994781e-01  1.8502111281e-03
-1.57080  3.14159	 3.3798156786e-01  1.5376620199e-03
 0.00000 -1.57080	 1.7541715685e-01  1.5597292330e-03
 0.00000  0.00000	 6.5972954744e-03  2.1274200714e-03
 0.00000  1.57080	 1.7541715685e-01  1.5597292330e-03
 0.00000  3.14159	 2.4744576202e-01  1.8663900144e-03
 1.57080 -1.57080	 2.4885994781e-01  1.8502111281e-03
 1.57080  0.00000	 1.7570215539e-01  1.4795743536e-03
 1.57080  1.57080	 2.4957187469e-01  1.5891441778e-03
 1.57080  3.14159	 3.3798156786e-01  1.5376620199e-03
 3.14159 -1.57080	 3.3739547427e-01  1.5740737921e-03
 3.14159  0.00000	 2.5037968731e-01  1.9199357238e-03
 3.14159  1.57080	 3.3739547427e-01  1.5740737921e-03
 3.14159  3.14159	 4.2004030973e-01  5.1577562561e-03
