#    rx       ry   	         trace over n_orb         
 -1.00000  -1.00000	-4.5382311176e-03  3.4436486482e-04
 -1.00000   0.00000	-4.6270848399e-02  3.4143244827e-04
 -1.00000   1.00000	-4.3602493980e-03  2.9655432988e-04
 -1.00000   2.00000	-5.7762690429e-03  2.7342920537e-04
  0.00000  -1.00000	-4.5941744619e-02  3.3777064378e-04
  0.00000   0.00000	 2.4839496302e-01  1.6281011561e-03
  0.00000   1.00000	-4.5941744619e-02  3.3777064378e-04
  0.00000   2.00000	-4.4161503883e-03  3.7227254234e-04
  1.00000  -1.00000	-4.3602493980e-03  2.9655432988e-04
  1.00000   0.00000	-4.6270848399e-02  3.4143244827e-04
  1.00000   1.00000	-4.5382311176e-03  3.4436486482e-04
  1.00000   2.00000	-5.7762690429e-03  2.7342920537e-04
  2.00000  -1.00000	-5.3718915020e-03  2.7573333893e-04
  2.00000   0.00000	-4.6339234196e-03  3.8404387602e-04
  2.00000   1.00000	-5.3718915020e-03  2.7573333893e-04
  2.00000   2.00000	-8.2291255754e-03  4.5545144931e-04
