#    rx       ry   	              (0, 0)              	         trace over n_orb         
 -1.00000  -1.00000	-5.5333981259e-03  2.7552149162e-04	-5.5333981259e-03  2.7552149162e-04
 -1.00000   0.00000	-4.5426087316e-02  3.4598466884e-04	-4.5426087316e-02  3.4598466884e-04
 -1.00000   1.00000	-5.1847186279e-03  2.4478474646e-04	-5.1847186279e-03  2.4478474646e-04
 -1.00000   2.00000	-4.8220917615e-03  2.3706139457e-04	-4.8220917615e-03  2.3706139457e-04
  0.00000  -1.00000	-4.4830483958e-02  3.3467884357e-04	-4.4830483958e-02  3.3467884357e-04
  0.00000   0.00000	 2.4839490020e-01  1.6281018173e-03	 2.4839490020e-01  1.6281018173e-03
  0.00000   1.00000	-4.4830483958e-02  3.3467884357e-04	-4.4830483958e-02  3.3467884357e-04
  0.00000   2.00000	-5.1891487075e-03  3.8035262628e-04	-5.1891487075e-03  3.8035262628e-04
  1.00000  -1.00000	-5.1847186279e-03  2.4478474646e-04	-5.1847186279e-03  2.4478474646e-04
  1.00000   0.00000	-4.5426087316e-02  3.4598466884e-04	-4.5426087316e-02  3.4598466884e-04
  1.00000   1.00000	-5.5333981259e-03  2.7552149162e-04	-5.5333981259e-03  2.7552149162e-04
  1.00000   2.00000	-4.8220917615e-03  2.3706139457e-04	-4.8220917615e-03  2.3706139457e-04
  2.00000  -1.00000	-4.4200519107e-03  2.0022875400e-04	-4.4200519107e-03  2.0022875400e-04
  2.00000   0.00000	-5.6289275918e-03  3.5583367963e-04	-5.6289275918e-03  3.5583367963e-04
  2.00000   1.00000	-4.4200519107e-03  2.0022875400e-04	-4.4200519107e-03  2.0022875400e-04
  2.00000   2.00000	-9.1260505666e-03  4.0647967806e-04	-9.1260505666e-03  4.0647967806e-04
