#    rx       ry   	         trace over n_orb         
 -1.00000  -1.00000	-2.5478971010e-03  7.5824407756e-04
 -1.00000   0.00000	-4.7960370565e-02  8.3208811344e-04
 -1.00000   1.00000	-2.7113109383e-03  7.3734626807e-04
 -1.00000   2.00000	-7.6846236059e-03  7.4770279748e-04
  0.00000  -1.00000	-4.8164265942e-02  8.4174143755e-04
  0.00000   0.00000	 2.4839508865e-01  1.6280998842e-03
  0.00000   1.00000	-4.8164265942e-02  8.4174143755e-04
  0.00000   2.00000	-2.8701537498e-03  8.3455300143e-04
  1.00000  -1.00000	-2.7113109383e-03  7.3734626807e-04
  1.00000   0.00000	-4.7960370565e-02  8.3208811344e-04
  1.00000   1.00000	-2.5478971010e-03  7.5824407756e-04
  1.00000   2.00000	-7.6846236059e-03  7.4770279748e-04
  2.00000  -1.00000	-7.2755706846e-03  7.2642501947e-04
  2.00000   0.00000	-2.6439150753e-03  7.6479228732e-04
  2.00000   1.00000	-7.2755706846e-03  7.2642501947e-04
  2.00000   2.00000	-6.4352755931e-03  8.4635551842e-04
