#    kx       ky   	              (0, 0)              	         trace over n_orb         
-1.57080 -1.57080	 2.5078428493e-01  1.7964752692e-03	 2.5078428493e-01  1.7964752692e-03
-1.57080  0.00000	 1.7713986556e-01  1.7957352461e-03	 1.7713986556e-01  1.7957352461e-03
-1.57080  1.57080	 2.4938956694e-01  2.1968050349e-03	 2.4938956694e-01  2.1968050349e-03
-1.57080  3.14159	 3.3878159375e-01  1.5981934980e-03	 3.3878159375e-01  1.5981934980e-03
 0.00000 -1.57080	 1.7587318077e-01  1.9639087051e-03	 1.7587318077e-01  1.9639087051e-03
 0.00000  0.00000	 8.0171099331e-03  2.8979317717e-03	 8.0171099331e-03  2.8979317717e-03
 0.00000  1.57080	 1.7587318077e-01  1.9639087051e-03	 1.7587318077e-01  1.9639087051e-03
 0.00000  3.14159	 2.4789172042e-01  2.1460464823e-03	 2.4789172042e-01  2.1460464823e-03
 1.57080 -1.57080	 2.4938956694e-01  2.1968050349e-03	 2.4938956694e-01  2.1968050349e-03
 1.57080  0.00000	 1.7713986556e-01  1.7957352461e-03	 1.7713986556e-01  1.7957352461e-03
 1.57080  1.57080	 2.5078428493e-01  1.7964752692e-03	 2.5078428493e-01  1.7964752692e-03
 1.57080  3.14159	 3.3878159375e-01  1.5981934980e-03	 3.3878159375e-01  1.5981934980e-03
 3.14159 -1.57080	 3.3828916299e-01  1.7777215142e-03	 3.3828916299e-01  1.7777215142e-03
 3.14159  0.00000	 2.5188229326e-01  2.2580435454e-03	 2.5188229326e-01  2.2580435454e-03
 3.14159  1.57080	 3.3828916299e-01  1.7777215142e-03	 3.3828916299e-01  1.7777215142e-03
 3.14159  3.14159	 4.0601196972e-01  2.1064972484e-03	 4.0601196972e-01  2.1064972484e-03
