#    kx       ky   	         trace over n_orb         
-1.57080 -1.57080	 2.4714705421e-01  1.5543143773e-03
-1.57080  0.00000	 1.7282673505e-01  1.1700612422e-03
-1.57080  1.57080	 2.4780070955e-01  1.6581657717e-03
-1.57080  3.14159	 3.3638151608e-01  1.8365512399e-03
 0.00000 -1.57080	 1.7450510900e-01  1.1827139240e-03
 0.00000  0.00000	 3.7576665571e-03  1.2683314199e-03
 0.00000  1.57080	 1.7450510900e-01  1.1827139240e-03
 0.00000  3.14159	 2.4655384522e-01  1.9074667041e-03
 1.57080 -1.57080	 2.4780070955e-01  1.6581657717e-03
 1.57080  0.00000	 1.7282673505e-01  1.1700612422e-03
 1.57080  1.57080	 2.4714705421e-01  1.5543143773e-03
 1.57080  3.14159	 3.3638151608e-01  1.8365512399e-03
 3.14159 -1.57080	 3.3560809683e-01  1.7404506783e-03
 3.14159  0.00000	 2.4737447540e-01  1.9416019211e-03
 3.14159  1.57080	 3.3560809683e-01  1.7404506783e-03
 3.14159  3.14159	 4.4809698974e-01  1.2332375762e-02
