     0.0000000       0.18742449       0.00649729
     0.1000000       0.16222727       0.00527070
     0.2000000       0.15218773       0.00488635
     0.3000000       0.13770220       0.00322536
     0.4000000       0.12678947       0.00336940
     0.5000000       0.12406261       0.00427544
     0.6000000       0.12676342       0.00307907
     0.7000000       0.13463665       0.00442135
     0.8000000       0.14363750       0.00342174
     0.9000000       0.15794274       0.00502179
     1.0000000       0.18742449       0.00649729
