     0.0000000       0.50000000       0.00000000
     0.1000000       0.45676542       0.00103362
     0.2000000       0.42855072       0.00139559
     0.3000000       0.40900810       0.00143128
     0.4000000       0.39709998       0.00159922
     0.5000000       0.39450784       0.00162850
     0.6000000       0.39943091       0.00152060
     0.7000000       0.40884488       0.00149631
     0.8000000       0.42937623       0.00129176
     0.9000000       0.45807863       0.00101588
     1.0000000       0.50000000       0.00000000
