     0.0000000       0.29791492       0.01305890
     0.1000000       0.18567650       0.01386419
     0.2000000       0.12380658       0.01353493
     0.3000000       0.09213439       0.01208314
     0.4000000       0.07738127       0.01121596
     0.5000000       0.07345701       0.01081581
     0.6000000       0.07915871       0.01073434
     0.7000000       0.09582992       0.01100897
     0.8000000       0.12909560       0.01149332
     0.9000000       0.18929699       0.01224542
     1.0000000       0.29791492       0.01305890
