     0.0000000       0.32002875       0.03131764
     0.1000000       0.17833902       0.01273069
     0.2000000       0.10383709       0.00782275
     0.3000000       0.06343240       0.00694307
     0.4000000       0.02523635       0.01005726
     0.5000000       0.01301301       0.01282141
     0.6000000      -0.00215115       0.01825116
     0.7000000       0.00069533       0.00996802
     0.8000000      -0.01429422       0.01577509
     0.9000000      -0.00535224       0.01185193
     1.0000000      -0.00861501       0.01263152
     1.1000000      -0.00017327       0.00752498
     1.2000000      -0.00960827       0.01162899
     1.3000000      -0.00630877       0.01355908
     1.4000000      -0.02080315       0.02556808
     1.5000000       0.00830160       0.00755999
     1.6000000       0.00677799       0.00799919
     1.7000000       0.00612565       0.00459662
     1.8000000       0.00921815       0.00480943
     1.9000000       0.00595194       0.00618540
     2.0000000       0.00100222       0.00517267
     2.1000000      -0.00152291       0.00531419
     2.2000000      -0.00212946       0.00535217
     2.3000000      -0.00176413       0.00375061
     2.4000000      -0.00278291       0.00452464
     2.5000000      -0.01239660       0.01026629
     2.6000000      -0.01295860       0.01479659
     2.7000000      -0.01925578       0.01909415
     2.8000000      -0.00305155       0.01006948
     2.9000000      -0.00422674       0.01000025
     3.0000000      -0.01227669       0.00911385
     3.1000000       0.00210024       0.00430654
     3.2000000       0.00381710       0.00435199
     3.3000000       0.00423884       0.00545837
     3.4000000       0.00357350       0.00503431
     3.5000000      -0.00120966       0.00352680
     3.6000000      -0.00942118       0.01121006
     3.7000000      -0.00091841       0.00496489
     3.8000000       0.00660566       0.00541030
     3.9000000       0.00007123       0.00472824
     4.0000000      -0.00292008       0.00444584
     4.1000000      -0.00250627       0.00452150
     4.2000000      -0.00320509       0.00587320
     4.3000000      -0.00423760       0.00683562
     4.4000000      -0.00662224       0.00505291
     4.5000000      -0.00354033       0.00459749
     4.6000000      -0.00441042       0.00469896
     4.7000000      -0.00618529       0.00649900
     4.8000000      -0.00820991       0.00644405
     4.9000000      -0.01218224       0.01110404
     5.0000000      -0.01304494       0.01556854
     5.1000000      -0.02258311       0.02765140
     5.2000000      -0.00881929       0.01734198
     5.3000000       0.00677286       0.01032619
     5.4000000       0.00386319       0.01536273
     5.5000000       0.00925462       0.01944476
     5.6000000       0.02086352       0.02131511
     5.7000000       0.03982396       0.02321400
     5.8000000       0.07626157       0.03326360
     5.9000000       0.16976357       0.02421443
     6.0000000       0.32002875       0.03131764
