     0.0000000       0.26808522       0.00968221
     0.1000000       0.16603997       0.00906500
     0.2000000       0.10652232       0.00848253
     0.3000000       0.07070550       0.00790710
     0.4000000       0.04810843       0.00750196
     0.5000000       0.03310063       0.00733580
     0.6000000       0.02257506       0.00735263
     0.7000000       0.01525504       0.00766082
     0.8000000       0.01124845       0.00782525
     0.9000000       0.00972366       0.00732150
     1.0000000       0.00845675       0.00680301
     1.1000000       0.00739475       0.00637904
     1.2000000       0.00680684       0.00601876
     1.3000000       0.00669681       0.00594038
     1.4000000       0.00653920       0.00610232
     1.5000000       0.00602717       0.00631065
     1.6000000       0.00587339       0.00632071
     1.7000000       0.00546912       0.00645241
     1.8000000       0.00541968       0.00659906
     1.9000000       0.00638793       0.00656934
     2.0000000       0.00794617       0.00671911
     2.1000000       0.01055622       0.00672650
     2.2000000       0.01410650       0.00669011
     2.3000000       0.01803947       0.00712944
     2.4000000       0.02332297       0.00793228
     2.5000000       0.03136738       0.00906802
     2.6000000       0.04506462       0.01016618
     2.7000000       0.06798582       0.01064637
     2.8000000       0.10468977       0.01065373
     2.9000000       0.16513602       0.01033555
     3.0000000       0.26808522       0.00968221
