     0.0000000       0.27330904       0.00860964
     0.1000000       0.16701819       0.00614626
     0.2000000       0.11490103       0.00291841
     0.3000000       0.07978469       0.00369439
     0.4000000       0.05928121       0.00402380
     0.5000000       0.04220501       0.00433122
     0.6000000       0.03023193       0.00318343
     0.7000000       0.02186525       0.00279942
     0.8000000       0.02403074       0.00362723
     0.9000000       0.01594600       0.00293438
     1.0000000       0.01594535       0.00354509
     1.1000000       0.01345150       0.00271905
     1.2000000       0.01009426       0.00296584
     1.3000000       0.01394985       0.00432482
     1.4000000       0.01822779       0.00308537
     1.5000000       0.01798648       0.00390688
     1.6000000       0.01815572       0.00417245
     1.7000000       0.01428764       0.00303134
     1.8000000       0.01835656       0.00557700
     1.9000000       0.01657635       0.00343345
     2.0000000       0.02255613       0.00396024
     2.1000000       0.01970015       0.00393411
     2.2000000       0.02524886       0.00360626
     2.3000000       0.02703317       0.00403631
     2.4000000       0.02635028       0.00427203
     2.5000000       0.04024182       0.00448974
     2.6000000       0.06227347       0.00661472
     2.7000000       0.07722689       0.00473028
     2.8000000       0.10840489       0.00628202
     2.9000000       0.17996290       0.00731031
     3.0000000       0.27330904       0.00860964
