     0.0000000       0.22601586       0.00754302
     0.1000000       0.18236983       0.00757978
     0.2000000       0.15334490       0.00753965
     0.3000000       0.13486631       0.00742653
     0.4000000       0.12444283       0.00734520
     0.5000000       0.12086269       0.00732038
     0.6000000       0.12371113       0.00731665
     0.7000000       0.13355185       0.00733051
     0.8000000       0.15211901       0.00737262
     0.9000000       0.18174617       0.00745145
     1.0000000       0.22601586       0.00754302
