     0.0000000       0.68789047       0.00817377
     0.1000000       0.57636449       0.00735976
     0.2000000       0.49637999       0.00674938
     0.3000000       0.43709760       0.00609063
     0.4000000       0.39262603       0.00557588
     0.5000000       0.35903300       0.00545893
     0.6000000       0.33347211       0.00565497
     0.7000000       0.31379410       0.00611489
     0.8000000       0.29779287       0.00641530
     0.9000000       0.28428253       0.00611628
     1.0000000       0.27354294       0.00573369
     1.1000000       0.26513495       0.00539319
     1.2000000       0.25846416       0.00495642
     1.3000000       0.25381481       0.00470280
     1.4000000       0.25193025       0.00484944
     1.5000000       0.25191329       0.00499138
     1.6000000       0.25253629       0.00477871
     1.7000000       0.25476269       0.00461372
     1.8000000       0.25921988       0.00476027
     1.9000000       0.26570623       0.00505939
     2.0000000       0.27423904       0.00545538
     2.1000000       0.28475390       0.00568667
     2.2000000       0.29790162       0.00583201
     2.3000000       0.31490504       0.00628934
     2.4000000       0.33652119       0.00704358
     2.5000000       0.36410365       0.00818117
     2.6000000       0.39871292       0.00922360
     2.7000000       0.44245835       0.00963763
     2.8000000       0.50000609       0.00966889
     2.9000000       0.57819267       0.00915503
     3.0000000       0.68789047       0.00817377
