     0.0000000       0.94264699       0.01199691
     0.1000000       0.80017838       0.01352922
     0.2000000       0.71126767       0.01336184
     0.3000000       0.65551588       0.01142516
     0.4000000       0.62557962       0.01009498
     0.5000000       0.61627431       0.00935376
     0.6000000       0.62518016       0.00905635
     0.7000000       0.65400753       0.00912965
     0.8000000       0.70800794       0.00970299
     0.9000000       0.79757853       0.01076896
     1.0000000       0.94264699       0.01199691
