     0.0000000       0.92595239       0.00187355
     0.1000000       0.72510007       0.00190317
     0.2000000       0.57567248       0.00199251
     0.3000000       0.45848619       0.00201683
     0.4000000       0.36949337       0.00183474
     0.5000000       0.30060701       0.00195026
     0.6000000       0.24368892       0.00199435
     0.7000000       0.20032022       0.00183254
     0.8000000       0.16589358       0.00177409
     0.9000000       0.13631899       0.00173933
     1.0000000       0.11047838       0.00161739
     1.1000000       0.09210631       0.00168262
     1.2000000       0.07856392       0.00152597
     1.3000000       0.06325112       0.00155900
     1.4000000       0.05344011       0.00144624
     1.5000000       0.04393770       0.00150578
     1.6000000       0.03760002       0.00152740
     1.7000000       0.03223694       0.00162425
     1.8000000       0.02650920       0.00170614
     1.9000000       0.02377525       0.00162384
     2.0000000       0.02054025       0.00175915
     2.1000000       0.01832342       0.00163510
     2.2000000       0.01587586       0.00192505
     2.3000000       0.01612976       0.00162187
     2.4000000       0.01316486       0.00157339
     2.5000000       0.01044853       0.00152585
     2.6000000       0.01022877       0.00154033
     2.7000000       0.00806211       0.00160927
     2.8000000       0.00829008       0.00176662
     2.9000000       0.00685660       0.00170177
     3.0000000       0.00516974       0.00158997
     3.1000000       0.00412352       0.00153104
     3.2000000       0.00604171       0.00164922
     3.3000000       0.00359348       0.00161383
     3.4000000       0.00276688       0.00165352
     3.5000000       0.00239960       0.00155494
     3.6000000       0.00365235       0.00151394
     3.7000000       0.00224940       0.00157443
     3.8000000       0.00325168       0.00172025
     3.9000000       0.00210065       0.00162402
     4.0000000       0.00170050       0.00172097
     4.1000000       0.00222635       0.00155434
     4.2000000       0.00444101       0.00149172
     4.3000000       0.00339362       0.00156251
     4.4000000       0.00318602       0.00162455
     4.5000000       0.00222525       0.00146930
     4.6000000       0.00107407       0.00164880
     4.7000000       0.00078825       0.00170614
     4.8000000       0.00235498       0.00181937
     4.9000000       0.00282591       0.00158125
     5.0000000       0.00627364       0.00152886
     5.1000000       0.00739732       0.00151379
     5.2000000       0.00913335       0.00147819
     5.3000000       0.01045975       0.00148694
     5.4000000       0.01434192       0.00139251
     5.5000000       0.01771250       0.00143595
     5.6000000       0.02406184       0.00158851
     5.7000000       0.03043798       0.00168881
     5.8000000       0.03821768       0.00166642
     5.9000000       0.05270833       0.00178829
     6.0000000       0.07404761       0.00187355
