     0.0000000       0.31647445       0.03317504
     0.1000000       0.16140930       0.03400844
     0.2000000       0.08253168       0.03100973
     0.3000000       0.04118129       0.02814048
     0.4000000       0.01900451       0.02501482
     0.5000000       0.00649672       0.02243345
     0.6000000      -0.00147863       0.02066591
     0.7000000      -0.01040091       0.02117886
     0.8000000      -0.01574880       0.02286161
     0.9000000      -0.01482838       0.02294929
     1.0000000      -0.01555206       0.02354157
     1.1000000      -0.01788240       0.02484666
     1.2000000      -0.02317163       0.03039277
     1.3000000      -0.02620864       0.03542480
     1.4000000      -0.02159807       0.03182319
     1.5000000      -0.01216216       0.02513089
     1.6000000      -0.00332786       0.01992461
     1.7000000      -0.00015440       0.01662262
     1.8000000      -0.00254844       0.01533670
     1.9000000      -0.00570616       0.01435073
     2.0000000      -0.00802763       0.01325987
     2.1000000      -0.01055777       0.01275504
     2.2000000      -0.01033807       0.01221779
     2.3000000      -0.00870023       0.01171124
     2.4000000      -0.00826021       0.01133356
     2.5000000      -0.00700830       0.01050527
     2.6000000      -0.00700713       0.01014781
     2.7000000      -0.00728395       0.00986762
     2.8000000      -0.00473222       0.00899474
     2.9000000      -0.00133722       0.00771748
     3.0000000       0.00175822       0.00691225
     3.1000000       0.00395842       0.00676455
     3.2000000       0.00567223       0.00702628
     3.3000000       0.00847806       0.00723031
     3.4000000       0.01166554       0.00726313
     3.5000000       0.01308385       0.00704323
     3.6000000       0.01083465       0.00704485
     3.7000000       0.00689568       0.00724410
     3.8000000       0.00437290       0.00739479
     3.9000000       0.00133521       0.00737492
     4.0000000      -0.00199600       0.00764900
     4.1000000      -0.00470452       0.00841177
     4.2000000      -0.00796284       0.01006013
     4.3000000      -0.01013839       0.01136044
     4.4000000      -0.01312212       0.01230931
     4.5000000      -0.01616639       0.01333266
     4.6000000      -0.01630042       0.01306525
     4.7000000      -0.01646529       0.01375056
     4.8000000      -0.01797820       0.01591822
     4.9000000      -0.01976109       0.01788881
     5.0000000      -0.01807043       0.01861495
     5.1000000      -0.01658298       0.01906057
     5.2000000      -0.01140401       0.01900612
     5.3000000      -0.00174795       0.01877794
     5.4000000       0.00393407       0.02076510
     5.5000000       0.00938671       0.02397182
     5.6000000       0.02185006       0.02596103
     5.7000000       0.04518406       0.02678170
     5.8000000       0.08649109       0.02838284
     5.9000000       0.16641427       0.03044435
     6.0000000       0.31647445       0.03317504
