     0.0000000       0.25676530       0.09225074
     0.1000000       0.14425246       0.05726245
     0.2000000       0.05625530       0.06244217
     0.3000000       0.03807731       0.03412639
     0.4000000       0.03200492       0.01567378
     0.5000000      -0.02027158       0.04589156
     0.6000000      -0.00680559       0.02625984
     0.7000000      -0.00127302       0.01895222
     0.8000000      -0.00534300       0.01696211
     0.9000000      -0.00633552       0.01355869
     1.0000000       0.02751413       0.02573682
     1.1000000       0.03209399       0.03243378
     1.2000000       0.00983806       0.00879797
     1.3000000      -0.01134843       0.01193410
     1.4000000      -0.00688977       0.01023598
     1.5000000       0.00492973       0.00316793
     1.6000000      -0.02608989       0.03062122
     1.7000000      -0.03397972       0.04169948
     1.8000000      -0.06338275       0.06890587
     1.9000000      -0.07857923       0.08600960
     2.0000000      -0.05319465       0.05963310
     2.1000000       0.02036604       0.01527829
     2.2000000       0.01482072       0.00910267
     2.3000000       0.02325315       0.01991459
     2.4000000      -0.02083071       0.02574993
     2.5000000       0.00017767       0.00651126
     2.6000000       0.02277808       0.01836018
     2.7000000       0.00263722       0.00409351
     2.8000000      -0.01134545       0.01255021
     2.9000000      -0.00113693       0.00685470
     3.0000000      -0.00018839       0.00346334
     3.1000000       0.02603174       0.02398372
     3.2000000       0.02560989       0.02104026
     3.3000000       0.02570821       0.02133347
     3.4000000       0.01599026       0.01267208
     3.5000000       0.02427943       0.01967904
     3.6000000       0.00754417       0.00560957
     3.7000000       0.01776763       0.01820496
     3.8000000      -0.00282733       0.00332432
     3.9000000      -0.02496265       0.02614849
     4.0000000      -0.01637440       0.01705798
     4.1000000      -0.01799148       0.01941054
     4.2000000      -0.00437666       0.00650837
     4.3000000       0.03125095       0.02848084
     4.4000000      -0.01623409       0.02053446
     4.5000000      -0.02423822       0.03247933
     4.6000000      -0.02287743       0.03189954
     4.7000000      -0.00651660       0.01202404
     4.8000000      -0.02960930       0.03489187
     4.9000000      -0.00996149       0.01636682
     5.0000000      -0.01618963       0.02588916
     5.1000000       0.01327802       0.00371744
     5.2000000      -0.00609403       0.02198815
     5.3000000       0.01894573       0.00353702
     5.4000000       0.02831144       0.00711535
     5.5000000       0.02696531       0.00388284
     5.6000000       0.03486224       0.00962914
     5.7000000       0.06416685       0.00529562
     5.8000000       0.12436353       0.01413293
     5.9000000       0.13424817       0.05940249
     6.0000000       0.25676530       0.09225074
