     0.0000000       0.95515193       0.00075549
     0.1000000       0.65819099       0.00086497
     0.2000000       0.45973008       0.00094140
     0.3000000       0.32563208       0.00087283
     0.4000000       0.23209049       0.00076431
     0.5000000       0.16884434       0.00075030
     0.6000000       0.12438930       0.00076416
     0.7000000       0.09309310       0.00071381
     0.8000000       0.06991699       0.00071743
     0.9000000       0.05368294       0.00066498
     1.0000000       0.04202476       0.00065456
     1.1000000       0.03326717       0.00067163
     1.2000000       0.02651020       0.00066733
     1.3000000       0.02220978       0.00067845
     1.4000000       0.01850565       0.00063047
     1.5000000       0.01603911       0.00058189
     1.6000000       0.01361344       0.00057725
     1.7000000       0.01225337       0.00059245
     1.8000000       0.01113928       0.00061703
     1.9000000       0.01033302       0.00058519
     2.0000000       0.00920081       0.00058072
     2.1000000       0.00960309       0.00062572
     2.2000000       0.01015207       0.00064404
     2.3000000       0.01000646       0.00060002
     2.4000000       0.01020829       0.00061220
     2.5000000       0.01227071       0.00065433
     2.6000000       0.01410416       0.00067419
     2.7000000       0.01823464       0.00064580
     2.8000000       0.02330182       0.00070863
     2.9000000       0.03181424       0.00068753
     3.0000000       0.04484807       0.00075549
