     0.0000000       0.68804782       0.07505290
     0.1000000       0.57385658       0.07088109
     0.2000000       0.49280277       0.06897238
     0.3000000       0.43129807       0.06624198
     0.4000000       0.38103671       0.06151078
     0.5000000       0.34230395       0.05829296
     0.6000000       0.31107820       0.05488024
     0.7000000       0.28773474       0.05414681
     0.8000000       0.27108562       0.05613540
     0.9000000       0.25643139       0.05761783
     1.0000000       0.24312655       0.05809748
     1.1000000       0.22851214       0.05517545
     1.2000000       0.21352530       0.05043251
     1.3000000       0.20263002       0.04848257
     1.4000000       0.19050884       0.04474811
     1.5000000       0.17457153       0.03699076
     1.6000000       0.16158349       0.03092999
     1.7000000       0.14550052       0.02121180
     1.8000000       0.12297356       0.00601478
     1.9000000       0.11228917       0.00478700
     2.0000000       0.11354045       0.00604247
     2.1000000       0.11605316       0.01128290
     2.2000000       0.11348467       0.01249331
     2.3000000       0.10887805       0.01088386
     2.4000000       0.10951720       0.01303837
     2.5000000       0.11074586       0.01528223
     2.6000000       0.10917701       0.01465161
     2.7000000       0.10471889       0.01116548
     2.8000000       0.09895578       0.00681636
     2.9000000       0.09560945       0.00545361
     3.0000000       0.09194736       0.00540579
     3.1000000       0.08512125       0.00940986
     3.2000000       0.08147039       0.01175007
     3.3000000       0.07899117       0.01364234
     3.4000000       0.07584958       0.01680424
     3.5000000       0.07459412       0.01904315
     3.6000000       0.07560415       0.02014543
     3.7000000       0.07980311       0.01847099
     3.8000000       0.08351260       0.01746982
     3.9000000       0.08362399       0.02081160
     4.0000000       0.08608219       0.02295652
     4.1000000       0.09404231       0.02047269
     4.2000000       0.10213679       0.01758562
     4.3000000       0.10553261       0.01929041
     4.4000000       0.10696073       0.02306777
     4.5000000       0.11376635       0.02187692
     4.6000000       0.13036605       0.01289884
     4.7000000       0.14764344       0.00577368
     4.8000000       0.16056872       0.00443432
     4.9000000       0.16972134       0.00495881
     5.0000000       0.17664863       0.00820051
     5.1000000       0.18577636       0.01220323
     5.2000000       0.19971485       0.01489684
     5.3000000       0.22495933       0.01007795
     5.4000000       0.25773853       0.00543509
     5.5000000       0.29189250       0.01037105
     5.6000000       0.33765430       0.02166019
     5.7000000       0.39862159       0.03786865
     5.8000000       0.47451092       0.05434182
     5.9000000       0.57083394       0.06985860
     6.0000000       0.68804782       0.07505290
