     0.0000000       0.85672026       0.06721110
     0.1000000       0.68431830       0.05699157
     0.2000000       0.56092421       0.04788907
     0.3000000       0.46611756       0.03880208
     0.4000000       0.39034729       0.02940879
     0.5000000       0.33100899       0.02325151
     0.6000000       0.28471373       0.02022454
     0.7000000       0.24511200       0.01703816
     0.8000000       0.20672513       0.01021922
     0.9000000       0.17704309       0.00727836
     1.0000000       0.15828402       0.01021323
     1.1000000       0.14905503       0.01957360
     1.2000000       0.14681906       0.03315856
     1.3000000       0.14457758       0.04432630
     1.4000000       0.14411589       0.05548639
     1.5000000       0.14732670       0.06893431
     1.6000000       0.14672098       0.07723035
     1.7000000       0.14631536       0.08420563
     1.8000000       0.14648887       0.09093280
     1.9000000       0.13552065       0.08559453
     2.0000000       0.11700453       0.07165272
     2.1000000       0.10126514       0.06027115
     2.2000000       0.08453345       0.04753627
     2.3000000       0.06887195       0.03614609
     2.4000000       0.05633818       0.02756583
     2.5000000       0.04901247       0.02352584
     2.6000000       0.04935645       0.02669369
     2.7000000       0.05390359       0.03373195
     2.8000000       0.05578021       0.03812163
     2.9000000       0.05164420       0.03579499
     3.0000000       0.04692544       0.03145805
     3.1000000       0.04994873       0.03338102
     3.2000000       0.05118826       0.03298186
     3.3000000       0.05251022       0.03266599
     3.4000000       0.05554218       0.03410363
     3.5000000       0.05433185       0.03082697
     3.6000000       0.05437019       0.02862536
     3.7000000       0.05774790       0.02932778
     3.8000000       0.06749938       0.03539358
     3.9000000       0.07427987       0.03804914
     4.0000000       0.07548591       0.03472610
     4.1000000       0.08044058       0.03450352
     4.2000000       0.08555085       0.03366732
     4.3000000       0.09274724       0.03423762
     4.4000000       0.10215233       0.03643654
     4.5000000       0.11463803       0.04063880
     4.6000000       0.12876024       0.04409416
     4.7000000       0.13719230       0.03955645
     4.8000000       0.14923999       0.03649267
     4.9000000       0.17446996       0.04407394
     5.0000000       0.19609742       0.04627728
     5.1000000       0.20645398       0.03432563
     5.2000000       0.22002437       0.02192994
     5.3000000       0.24101034       0.01365279
     5.4000000       0.27566889       0.01347402
     5.5000000       0.32396610       0.01940683
     5.6000000       0.38560243       0.02810784
     5.7000000       0.46736233       0.04291412
     5.8000000       0.57155479       0.06121660
     5.9000000       0.69729828       0.07083338
     6.0000000       0.85672026       0.06721110
