     0.0000000       0.29133429       0.00461048
     0.1000000       0.21009747       0.00473912
     0.2000000       0.16325858       0.00477091
     0.3000000       0.13718895       0.00464458
     0.4000000       0.12383602       0.00454462
     0.5000000       0.11923819       0.00449559
     0.6000000       0.12279117       0.00448012
     0.7000000       0.13565287       0.00452422
     0.8000000       0.16195887       0.00457025
     0.9000000       0.20931533       0.00457496
     1.0000000       0.29133429       0.00461048
