     0.0000000       0.28480472       0.00836049
     0.1000000       0.17630319       0.00668865
     0.2000000       0.11480225       0.00637689
     0.3000000       0.07900800       0.00475658
     0.4000000       0.06118596       0.00391077
     0.5000000       0.04249575       0.00489434
     0.6000000       0.03434447       0.00537799
     0.7000000       0.02642563       0.00493505
     0.8000000       0.01909683       0.00338589
     0.9000000       0.01418200       0.00319554
     1.0000000       0.00713750       0.00609189
     1.1000000       0.00744561       0.00356521
     1.2000000       0.00391090       0.00705467
     1.3000000       0.01170642       0.00257945
     1.4000000       0.01627152       0.00419486
     1.5000000       0.01189979       0.00269247
     1.6000000       0.01533963       0.00397414
     1.7000000       0.01388645       0.00448967
     1.8000000       0.01063715       0.00267718
     1.9000000       0.00802701       0.00420604
     2.0000000       0.01139406       0.00484587
     2.1000000       0.01573687       0.00395557
     2.2000000       0.02340687       0.00314804
     2.3000000       0.02575451       0.00336483
     2.4000000       0.02561209       0.00418915
     2.5000000       0.03740014       0.00467447
     2.6000000       0.05719270       0.00453953
     2.7000000       0.07646928       0.00559008
     2.8000000       0.11324942       0.00687292
     2.9000000       0.18655623       0.00643302
     3.0000000       0.28480472       0.00836049
