     0.0000000       0.50000000       0.00000000
     0.1000000       0.41894464       0.00080578
     0.2000000       0.36616634       0.00100776
     0.3000000       0.33195072       0.00100886
     0.4000000       0.31241583       0.00111170
     0.5000000       0.30686513       0.00115953
     0.6000000       0.31373211       0.00106857
     0.7000000       0.33170581       0.00104883
     0.8000000       0.36696766       0.00094905
     0.9000000       0.41994182       0.00078547
     1.0000000       0.50000000       0.00000000
