     0.0000000       0.14757175       0.05202633
     0.1000000       0.10051792       0.02964414
     0.2000000       0.06530351       0.02444513
     0.3000000       0.06350405       0.00384844
     0.4000000       0.04067266       0.00623844
     0.5000000       0.00742689       0.02283824
     0.6000000       0.01669310       0.00671633
     0.7000000       0.01780473       0.00322040
     0.8000000       0.00146029       0.01276252
     0.9000000       0.01028633       0.00581979
     1.0000000       0.03116569       0.02461030
     1.1000000       0.03774074       0.03676924
     1.2000000       0.01107326       0.00570725
     1.3000000      -0.01079395       0.01381836
     1.4000000       0.00976966       0.01218479
     1.5000000      -0.05355941       0.05225967
     1.6000000      -0.03424060       0.03318667
     1.7000000      -0.02055781       0.01991512
     1.8000000      -0.01784529       0.01662876
     1.9000000       0.00897863       0.00993401
     2.0000000      -0.00464266       0.00757974
     2.1000000       0.01733238       0.01544771
     2.2000000      -0.00016318       0.00241192
     2.3000000       0.04420733       0.04642033
     2.4000000       0.03461827       0.03333623
     2.5000000       0.01416461       0.01210743
     2.6000000       0.03463376       0.03621900
     2.7000000       0.01581720       0.01932957
     2.8000000       0.01795321       0.02232504
     2.9000000       0.02330952       0.02471614
     3.0000000      -0.02181946       0.01895158
     3.1000000       0.00703601       0.01098849
     3.2000000      -0.00386799       0.00303287
     3.3000000      -0.01256207       0.01158541
     3.4000000      -0.01553917       0.01234261
     3.5000000      -0.01994300       0.01719947
     3.6000000      -0.02595135       0.02104862
     3.7000000      -0.02422068       0.01727696
     3.8000000      -0.03011994       0.02316513
     3.9000000      -0.02131915       0.01854411
     4.0000000      -0.01466796       0.01628534
     4.1000000      -0.01301203       0.01483787
     4.2000000       0.01035540       0.00993998
     4.3000000       0.01499891       0.01549113
     4.4000000      -0.01211971       0.01489936
     4.5000000       0.00838043       0.00542266
     4.6000000      -0.04408478       0.04612023
     4.7000000      -0.03000704       0.03161623
     4.8000000      -0.03329349       0.03471567
     4.9000000       0.01910409       0.01163269
     5.0000000       0.04387737       0.03275356
     5.1000000      -0.01257068       0.02563982
     5.2000000       0.00720622       0.00674275
     5.3000000       0.00426061       0.01489635
     5.4000000      -0.01206611       0.03763380
     5.5000000      -0.00659705       0.03699594
     5.6000000      -0.00175410       0.04557910
     5.7000000       0.02785229       0.03673833
     5.8000000       0.05587250       0.03127077
     5.9000000       0.10617865       0.02498853
     6.0000000       0.14757175       0.05202633
