     0.0000000       0.27358929       0.00728569
     0.1000000       0.19070182       0.00614081
     0.2000000       0.15462525       0.00678161
     0.3000000       0.12302242       0.00378566
     0.4000000       0.10340572       0.00338120
     0.5000000       0.09775934       0.00449362
     0.6000000       0.10369510       0.00223642
     0.7000000       0.11838053       0.00466128
     0.8000000       0.14349235       0.00293086
     0.9000000       0.18641322       0.00469183
     1.0000000       0.27358929       0.00728569
