     0.0000000       0.23374173       0.00505662
     0.1000000       0.17908430       0.00442714
     0.2000000       0.14848477       0.00347662
     0.3000000       0.12574791       0.00323905
     0.4000000       0.11292898       0.00334431
     0.5000000       0.10715354       0.00373112
     0.6000000       0.11666110       0.00325723
     0.7000000       0.12627974       0.00339469
     0.8000000       0.15085341       0.00347823
     0.9000000       0.18084405       0.00381870
     1.0000000       0.23374173       0.00505662
