     0.0000000       0.21015459       0.01155923
     0.1000000       0.13817231       0.00884540
     0.2000000       0.09771496       0.00725143
     0.3000000       0.07272434       0.00540998
     0.4000000       0.05750170       0.00352510
     0.5000000       0.04189179       0.00387446
     0.6000000       0.03573091       0.00507185
     0.7000000       0.02706392       0.00326665
     0.8000000       0.02024151       0.00455194
     0.9000000       0.02029280       0.00314074
     1.0000000       0.01090051       0.00589751
     1.1000000       0.01020328       0.00394377
     1.2000000       0.00693467       0.00723196
     1.3000000       0.01183641       0.00349995
     1.4000000       0.01568917       0.00252597
     1.5000000       0.01179298       0.00353690
     1.6000000       0.01634938       0.00388986
     1.7000000       0.01857950       0.00609656
     1.8000000       0.01188965       0.00323306
     1.9000000       0.01041353       0.00479192
     2.0000000       0.00945668       0.00762883
     2.1000000       0.01237904       0.00577000
     2.2000000       0.01988055       0.00367858
     2.3000000       0.02153821       0.00462479
     2.4000000       0.02321920       0.00583588
     2.5000000       0.03229147       0.00646593
     2.6000000       0.04958805       0.00498286
     2.7000000       0.06492232       0.00752830
     2.8000000       0.09405722       0.00879593
     2.9000000       0.14733499       0.00857714
     3.0000000       0.21015459       0.01155923
