     0.0000000       0.05076615       0.00142956
     0.1000000       0.03412702       0.00132444
     0.2000000       0.02123643       0.00153752
     0.3000000       0.01375782       0.00144577
     0.4000000       0.01118568       0.00132550
     0.5000000       0.00680675       0.00131632
     0.6000000       0.00366802       0.00114344
     0.7000000       0.00184130       0.00108631
     0.8000000       0.00034874       0.00118234
     0.9000000       0.00071659       0.00126626
     1.0000000       0.00130679       0.00120175
     1.1000000       0.00075115       0.00134647
     1.2000000       0.00290468       0.00119717
     1.3000000       0.00257250       0.00114937
     1.4000000       0.00133922       0.00126609
     1.5000000       0.00217324       0.00126852
     1.6000000       0.00183709       0.00136948
     1.7000000       0.00101105       0.00132654
     1.8000000       0.00103237       0.00122519
     1.9000000       0.00106323       0.00134493
     2.0000000       0.00139982       0.00143887
     2.1000000      -0.00057335       0.00130241
     2.2000000       0.00029357       0.00134104
     2.3000000       0.00071167       0.00121442
     2.4000000       0.00195584       0.00111509
     2.5000000       0.00303362       0.00119012
     2.6000000       0.00203672       0.00126287
     2.7000000       0.00151163       0.00107842
     2.8000000       0.00015227       0.00120266
     2.9000000       0.00023920       0.00123200
     3.0000000      -0.00024825       0.00118459
     3.1000000       0.00061718       0.00114737
     3.2000000       0.00087007       0.00117461
     3.3000000       0.00198567       0.00118335
     3.4000000       0.00130088       0.00124972
     3.5000000       0.00253110       0.00116801
     3.6000000       0.00132347       0.00117977
     3.7000000       0.00172484       0.00103951
     3.8000000       0.00295107       0.00117960
     3.9000000       0.00418936       0.00132551
     4.0000000       0.00516085       0.00128522
     4.1000000       0.00632991       0.00120148
     4.2000000       0.00880793       0.00128546
     4.3000000       0.00993515       0.00136150
     4.4000000       0.01378708       0.00142016
     4.5000000       0.01705477       0.00125210
     4.6000000       0.02238240       0.00125819
     4.7000000       0.02680848       0.00130391
     4.8000000       0.03342360       0.00136375
     4.9000000       0.04308220       0.00127585
     5.0000000       0.05457335       0.00122465
     5.1000000       0.07116564       0.00127856
     5.2000000       0.09228169       0.00135362
     5.3000000       0.12105790       0.00127312
     5.4000000       0.15899328       0.00135615
     5.5000000       0.21050788       0.00136703
     5.6000000       0.28090433       0.00138570
     5.7000000       0.37478324       0.00139601
     5.8000000       0.50757826       0.00145264
     5.9000000       0.69017815       0.00151601
     6.0000000       0.94923385       0.00142956
