     0.0000000       0.23207167       0.00724863
     0.1000000       0.17817838       0.00519807
     0.2000000       0.15359237       0.00726400
     0.3000000       0.12689003       0.00366437
     0.4000000       0.10891687       0.00411608
     0.5000000       0.10506236       0.00507726
     0.6000000       0.10876155       0.00288558
     0.7000000       0.12211266       0.00529297
     0.8000000       0.14143211       0.00330740
     0.9000000       0.17131747       0.00512951
     1.0000000       0.23207167       0.00724863
