     0.0000000       6.61794817       0.38709973
     0.1000000       6.40208229       0.38814203
     0.2000000       6.23456365       0.37555078
     0.3000000       6.12559441       0.37105038
     0.4000000       6.04824544       0.37164313
     0.5000000       5.99079693       0.38120466
     0.6000000       5.94585978       0.39414318
     0.7000000       5.90074041       0.40304016
     0.8000000       5.84985374       0.40603099
     0.9000000       5.79820117       0.40594500
     1.0000000       5.76404344       0.41519367
     1.1000000       5.75404804       0.43455728
     1.2000000       5.75370431       0.45851592
     1.3000000       5.74612200       0.47807342
     1.4000000       5.71205027       0.47710493
     1.5000000       5.63846615       0.44601515
     1.6000000       5.56097513       0.40257312
     1.7000000       5.49946756       0.36890813
     1.8000000       5.46066734       0.35162821
     1.9000000       5.45072100       0.35106123
     2.0000000       5.46065186       0.35823818
     2.1000000       5.47716921       0.36806239
     2.2000000       5.47874849       0.37444080
     2.3000000       5.46639531       0.37386487
     2.4000000       5.44529191       0.36605594
     2.5000000       5.42034127       0.35725197
     2.6000000       5.39167831       0.34666118
     2.7000000       5.36545186       0.33663341
     2.8000000       5.34512328       0.32783924
     2.9000000       5.33276489       0.32023101
     3.0000000       5.32861486       0.31453741
     3.1000000       5.33002269       0.31161157
     3.2000000       5.33299838       0.30988167
     3.3000000       5.33304771       0.30733506
     3.4000000       5.33853090       0.30645934
     3.5000000       5.33922778       0.30430789
     3.6000000       5.33073303       0.29918715
     3.7000000       5.32339156       0.29160488
     3.8000000       5.31486356       0.28278395
     3.9000000       5.32089491       0.27864203
     4.0000000       5.34131725       0.27910949
     4.1000000       5.35197714       0.27709604
     4.2000000       5.35948078       0.27691079
     4.3000000       5.37087562       0.27937303
     4.4000000       5.38770384       0.28124790
     4.5000000       5.41416632       0.28462864
     4.6000000       5.44374686       0.29092560
     4.7000000       5.48328131       0.30322052
     4.8000000       5.54041868       0.32061833
     4.9000000       5.60291955       0.34077520
     5.0000000       5.66766006       0.36691216
     5.1000000       5.73145854       0.39235678
     5.2000000       5.78553212       0.40630546
     5.3000000       5.83017942       0.40719123
     5.4000000       5.87614770       0.39776744
     5.5000000       5.92763075       0.38252906
     5.6000000       5.99044342       0.37151369
     5.7000000       6.07242397       0.36471754
     5.8000000       6.19317664       0.36718763
     5.9000000       6.36761144       0.37428825
     6.0000000       6.61794817       0.38709973
