     0.0000000       1.31802005       0.04809781
     0.1000000       1.11490949       0.05024525
     0.2000000       0.96305045       0.04353011
     0.3000000       0.84905263       0.03610158
     0.4000000       0.76025529       0.02855239
     0.5000000       0.68857822       0.02294395
     0.6000000       0.62978611       0.02035400
     0.7000000       0.58598698       0.02392978
     0.8000000       0.55137255       0.02994239
     0.9000000       0.51768854       0.03175500
     1.0000000       0.48584571       0.03044875
     1.1000000       0.45910830       0.02953704
     1.2000000       0.44368351       0.03698619
     1.3000000       0.43004868       0.04468584
     1.4000000       0.40463553       0.03897056
     1.5000000       0.37531456       0.02868895
     1.6000000       0.35348478       0.02328457
     1.7000000       0.33767838       0.01983402
     1.8000000       0.32554928       0.01768977
     1.9000000       0.31562171       0.01660443
     2.0000000       0.30850283       0.01765974
     2.1000000       0.30251806       0.01878107
     2.2000000       0.29732965       0.01878426
     2.3000000       0.29225922       0.01868904
     2.4000000       0.28606319       0.01815959
     2.5000000       0.28188902       0.01955897
     2.6000000       0.27998896       0.02218376
     2.7000000       0.27789534       0.02299751
     2.8000000       0.27388722       0.02103793
     2.9000000       0.26866127       0.01728974
     3.0000000       0.26660520       0.01496225
     3.1000000       0.26758300       0.01427917
     3.2000000       0.26655789       0.01295681
     3.3000000       0.26668829       0.01261660
     3.4000000       0.27161909       0.01422761
     3.5000000       0.27779902       0.01610256
     3.6000000       0.28422133       0.01822989
     3.7000000       0.29102740       0.01941360
     3.8000000       0.29811733       0.01925138
     3.9000000       0.30732417       0.01988863
     4.0000000       0.31777841       0.02079851
     4.1000000       0.32744252       0.02031835
     4.2000000       0.33844424       0.02055383
     4.3000000       0.35073969       0.02186125
     4.4000000       0.36450243       0.02320522
     4.5000000       0.37966295       0.02366391
     4.6000000       0.39762326       0.02455298
     4.7000000       0.41955713       0.02795537
     4.8000000       0.44365151       0.03108213
     4.9000000       0.46970480       0.03350396
     5.0000000       0.49870095       0.03678127
     5.1000000       0.53308200       0.04187145
     5.2000000       0.57048065       0.04624110
     5.3000000       0.60813378       0.04738180
     5.4000000       0.64916563       0.04452620
     5.5000000       0.69863391       0.03940255
     5.6000000       0.76059109       0.03508895
     5.7000000       0.84032514       0.03240780
     5.8000000       0.94969613       0.03511731
     5.9000000       1.10060269       0.04031230
     6.0000000       1.31802005       0.04809781
