     0.0000000       0.19429025       0.07289523
     0.1000000       0.10321032       0.06305816
     0.2000000       0.05376514       0.05545540
     0.3000000       0.02699786       0.04907218
     0.4000000       0.01222835       0.04406928
     0.5000000       0.00321112       0.04068477
     0.6000000      -0.00290321       0.03804367
     0.7000000      -0.00685102       0.03544603
     0.8000000      -0.00868986       0.03206157
     0.9000000      -0.01023414       0.03022886
     1.0000000      -0.01165674       0.03023102
     1.1000000      -0.01280425       0.03043429
     1.2000000      -0.01407134       0.03085410
     1.3000000      -0.01496914       0.03140729
     1.4000000      -0.01647678       0.03259503
     1.5000000      -0.01876182       0.03478451
     1.6000000      -0.02096320       0.03705519
     1.7000000      -0.02480764       0.04037885
     1.8000000      -0.03103756       0.04564454
     1.9000000      -0.03482476       0.04850078
     2.0000000      -0.03394365       0.04694697
     2.1000000      -0.03341552       0.04556599
     2.2000000      -0.03146420       0.04281481
     2.3000000      -0.02677803       0.03787102
     2.4000000      -0.02185593       0.03264570
     2.5000000      -0.01778185       0.02810591
     2.6000000      -0.01449890       0.02410790
     2.7000000      -0.01255384       0.02142507
     2.8000000      -0.01217730       0.02106909
     2.9000000      -0.01189651       0.02161653
     3.0000000      -0.01144012       0.02200337
     3.1000000      -0.01222825       0.02343707
     3.2000000      -0.01439883       0.02549052
     3.3000000      -0.01722477       0.02860589
     3.4000000      -0.01940012       0.03201779
     3.5000000      -0.02070901       0.03416561
     3.6000000      -0.02163219       0.03461997
     3.7000000      -0.02251739       0.03485068
     3.8000000      -0.02452464       0.03673447
     3.9000000      -0.02549642       0.03777734
     4.0000000      -0.02454277       0.03694687
     4.1000000      -0.02348194       0.03618390
     4.2000000      -0.02191967       0.03500943
     4.3000000      -0.02156367       0.03524247
     4.4000000      -0.02283197       0.03759765
     4.5000000      -0.02393678       0.04057058
     4.6000000      -0.02452421       0.04333026
     4.7000000      -0.02323584       0.04324856
     4.8000000      -0.02070625       0.04114734
     4.9000000      -0.02151356       0.04205666
     5.0000000      -0.02254321       0.04358716
     5.1000000      -0.01849863       0.04064959
     5.2000000      -0.01303639       0.03721451
     5.3000000      -0.00782159       0.03600657
     5.4000000      -0.00320529       0.03835654
     5.5000000       0.00341690       0.04153044
     5.6000000       0.01284370       0.04563638
     5.7000000       0.02331050       0.05572756
     5.8000000       0.04197816       0.06987260
     5.9000000       0.09033895       0.07718109
     6.0000000       0.19429025       0.07289523
