     0.0000000       0.49988045       0.00153405
     0.1000000       0.45120635       0.00172513
     0.2000000       0.41653169       0.00184795
     0.3000000       0.38958491       0.00186544
     0.4000000       0.36752593       0.00196033
     0.5000000       0.34940259       0.00198595
     0.6000000       0.33734450       0.00206197
     0.7000000       0.32627518       0.00202216
     0.8000000       0.31796767       0.00214570
     0.9000000       0.31090048       0.00215584
     1.0000000       0.30510233       0.00211523
     1.1000000       0.29844297       0.00219326
     1.2000000       0.29644799       0.00210774
     1.3000000       0.29518242       0.00210242
     1.4000000       0.29288079       0.00223514
     1.5000000       0.29187005       0.00215552
     1.6000000       0.29025879       0.00217736
     1.7000000       0.29249719       0.00224425
     1.8000000       0.29656521       0.00231695
     1.9000000       0.30058256       0.00225165
     2.0000000       0.30358623       0.00222250
     2.1000000       0.31109242       0.00215216
     2.2000000       0.31707417       0.00207319
     2.3000000       0.32612936       0.00203374
     2.4000000       0.33796318       0.00205097
     2.5000000       0.35046596       0.00198940
     2.6000000       0.36735966       0.00180435
     2.7000000       0.39138507       0.00170150
     2.8000000       0.41679078       0.00165593
     2.9000000       0.45333609       0.00162245
     3.0000000       0.50011955       0.00153405
