     0.0000000       0.68260062       0.00714535
     0.1000000       0.57546411       0.00730001
     0.2000000       0.49880729       0.00726917
     0.3000000       0.44274475       0.00714125
     0.4000000       0.40134578       0.00706514
     0.5000000       0.36985366       0.00698684
     0.6000000       0.34515562       0.00684139
     0.7000000       0.32583173       0.00674160
     0.8000000       0.31085350       0.00676013
     0.9000000       0.29938007       0.00682907
     1.0000000       0.29061245       0.00669310
     1.1000000       0.28342804       0.00629789
     1.2000000       0.27774002       0.00601488
     1.3000000       0.27384495       0.00589349
     1.4000000       0.27206888       0.00587955
     1.5000000       0.27189477       0.00584159
     1.6000000       0.27294791       0.00580943
     1.7000000       0.27535500       0.00586457
     1.8000000       0.27897307       0.00598329
     1.9000000       0.28385495       0.00605119
     2.0000000       0.28940285       0.00587977
     2.1000000       0.29580916       0.00550329
     2.2000000       0.30530085       0.00524353
     2.3000000       0.31864907       0.00518161
     2.4000000       0.33664146       0.00532001
     2.5000000       0.36111922       0.00561371
     2.6000000       0.39393926       0.00603877
     2.7000000       0.43704784       0.00646710
     2.8000000       0.49409594       0.00677109
     2.9000000       0.57240143       0.00695450
     3.0000000       0.68260062       0.00714535
