     0.0000000       0.21500530       0.00819005
     0.1000000       0.14333740       0.00664077
     0.2000000       0.10431820       0.00412068
     0.3000000       0.07760634       0.00317916
     0.4000000       0.05832855       0.00337430
     0.5000000       0.03943878       0.00465878
     0.6000000       0.03106665       0.00413515
     0.7000000       0.02140126       0.00570302
     0.8000000       0.02513270       0.00306206
     0.9000000       0.02197720       0.00292472
     1.0000000       0.01915787       0.00292032
     1.1000000       0.01590094       0.00318546
     1.2000000       0.01355055       0.00371995
     1.3000000       0.01277328       0.00582754
     1.4000000       0.01516002       0.00385831
     1.5000000       0.01389108       0.00519485
     1.6000000       0.01758257       0.00376685
     1.7000000       0.01638029       0.00314009
     1.8000000       0.01895969       0.00374328
     1.9000000       0.01669611       0.00276352
     2.0000000       0.01900910       0.00324765
     2.1000000       0.01897119       0.00329852
     2.2000000       0.02506268       0.00348810
     2.3000000       0.02839107       0.00406377
     2.4000000       0.02863469       0.00518431
     2.5000000       0.04153879       0.00371198
     2.6000000       0.05736348       0.00337913
     2.7000000       0.07317414       0.00484878
     2.8000000       0.10181947       0.00568245
     2.9000000       0.15419949       0.00545733
     3.0000000       0.21500530       0.00819005
