     0.0000000       0.28059550       0.01297518
     0.1000000       0.17550263       0.01359741
     0.2000000       0.11293826       0.01301789
     0.3000000       0.07309424       0.01251318
     0.4000000       0.04665649       0.01267725
     0.5000000       0.02745172       0.01354735
     0.6000000       0.01417716       0.01413032
     0.7000000       0.00394544       0.01509898
     0.8000000      -0.00262646       0.01516596
     0.9000000      -0.00451526       0.01405126
     1.0000000      -0.00545553       0.01332012
     1.1000000      -0.00967198       0.01445743
     1.2000000      -0.01501750       0.01718970
     1.3000000      -0.01640034       0.01805892
     1.4000000      -0.01435703       0.01598986
     1.5000000      -0.01089997       0.01351648
     1.6000000      -0.00749811       0.01152605
     1.7000000      -0.00530949       0.00953431
     1.8000000      -0.00517601       0.00840128
     1.9000000      -0.00525189       0.00777694
     2.0000000      -0.00540782       0.00756409
     2.1000000      -0.00782373       0.00835945
     2.2000000      -0.00954007       0.00899550
     2.3000000      -0.01022452       0.00943054
     2.4000000      -0.01141957       0.01005028
     2.5000000      -0.01347345       0.01028550
     2.6000000      -0.01583953       0.01003506
     2.7000000      -0.01696762       0.00950979
     2.8000000      -0.01803468       0.00907922
     2.9000000      -0.01647814       0.00830745
     3.0000000      -0.01296583       0.00736132
     3.1000000      -0.01086184       0.00686918
     3.2000000      -0.00873187       0.00673836
     3.3000000      -0.00584645       0.00661719
     3.4000000      -0.00294972       0.00617750
     3.5000000      -0.00116067       0.00589436
     3.6000000      -0.00095754       0.00593573
     3.7000000      -0.00068584       0.00593327
     3.8000000      -0.00057928       0.00587722
     3.9000000      -0.00215771       0.00596852
     4.0000000      -0.00470459       0.00615050
     4.1000000      -0.00619580       0.00597718
     4.2000000      -0.00459967       0.00548299
     4.3000000      -0.00185787       0.00521378
     4.4000000      -0.00137035       0.00524999
     4.5000000      -0.00202652       0.00555490
     4.6000000      -0.00200090       0.00630487
     4.7000000      -0.00167343       0.00723816
     4.8000000      -0.00188344       0.00850006
     4.9000000      -0.00188888       0.00939175
     5.0000000      -0.00229607       0.00987695
     5.1000000      -0.00186874       0.01068517
     5.2000000       0.00357038       0.01091580
     5.3000000       0.01079288       0.01150169
     5.4000000       0.01881207       0.01133092
     5.5000000       0.03053917       0.01024995
     5.6000000       0.04704924       0.01001063
     5.7000000       0.07110503       0.00999240
     5.8000000       0.10902611       0.01048919
     5.9000000       0.17310022       0.01147905
     6.0000000       0.28059550       0.01297518
