     0.0000000       1.07231402       0.01583207
     0.1000000       0.90717249       0.01781938
     0.2000000       0.80550889       0.01757261
     0.3000000       0.74207613       0.01501718
     0.4000000       0.70824330       0.01327992
     0.5000000       0.69791071       0.01234133
     0.6000000       0.70799400       0.01200813
     0.7000000       0.74041708       0.01211783
     0.8000000       0.80156106       0.01288417
     0.9000000       0.90397787       0.01427725
     1.0000000       1.07231402       0.01583207
