     0.0000000       0.65655882       0.00687463
     0.1000000       0.54302322       0.00616499
     0.2000000       0.45901221       0.00554526
     0.3000000       0.39550792       0.00503968
     0.4000000       0.34684800       0.00466450
     0.5000000       0.30888282       0.00442007
     0.6000000       0.27914654       0.00429819
     0.7000000       0.25582742       0.00432463
     0.8000000       0.23685689       0.00430288
     0.9000000       0.22124180       0.00408086
     1.0000000       0.20888639       0.00391497
     1.1000000       0.19927137       0.00370443
     1.2000000       0.19164064       0.00334309
     1.3000000       0.18604046       0.00298874
     1.4000000       0.18302924       0.00282360
     1.5000000       0.18223659       0.00279522
     1.6000000       0.18317763       0.00272511
     1.7000000       0.18624396       0.00277403
     1.8000000       0.19142452       0.00299772
     1.9000000       0.19868315       0.00327979
     2.0000000       0.20844141       0.00372890
     2.1000000       0.22087846       0.00410228
     2.2000000       0.23662237       0.00445177
     2.3000000       0.25706166       0.00527639
     2.4000000       0.28286745       0.00640971
     2.5000000       0.31502833       0.00778223
     2.6000000       0.35389296       0.00864793
     2.7000000       0.40156552       0.00855607
     2.8000000       0.46308869       0.00816640
     2.9000000       0.54484370       0.00757944
     3.0000000       0.65655882       0.00687463
