     0.0000000       0.50646469       0.00517621
     0.1000000       0.44298272       0.00528441
     0.2000000       0.39128182       0.00533492
     0.3000000       0.35292555       0.00545917
     0.4000000       0.31801320       0.00535429
     0.5000000       0.28735738       0.00534632
     0.6000000       0.26186195       0.00534625
     0.7000000       0.24336226       0.00498296
     0.8000000       0.22019670       0.00519748
     0.9000000       0.20079959       0.00669457
     1.0000000       0.17865810       0.00633492
     1.1000000       0.16050150       0.00723744
     1.2000000       0.14415905       0.00683128
     1.3000000       0.13946560       0.00556295
     1.4000000       0.12779280       0.00658061
     1.5000000       0.12370035       0.00530900
     1.6000000       0.12212959       0.00499861
     1.7000000       0.11633706       0.00613282
     1.8000000       0.10629865       0.00638078
     1.9000000       0.09920160       0.00503137
     2.0000000       0.09651218       0.00501106
     2.1000000       0.09442406       0.00501920
     2.2000000       0.09300777       0.00512406
     2.3000000       0.08720045       0.00493978
     2.4000000       0.08109755       0.00493308
     2.5000000       0.08270416       0.00491340
     2.6000000       0.07747295       0.00511457
     2.7000000       0.06620543       0.00547114
     2.8000000       0.06991059       0.00528058
     2.9000000       0.07221844       0.00548639
     3.0000000       0.07178552       0.00583605
     3.1000000       0.07170547       0.00565261
     3.2000000       0.06841036       0.00572639
     3.3000000       0.06524145       0.00584893
     3.4000000       0.06740708       0.00565838
     3.5000000       0.07036917       0.00581875
     3.6000000       0.07325619       0.00623022
     3.7000000       0.07639321       0.00593630
     3.8000000       0.07537879       0.00669855
     3.9000000       0.07972894       0.00602819
     4.0000000       0.08284640       0.00593963
     4.1000000       0.08508359       0.00652048
     4.2000000       0.09339613       0.00730184
     4.3000000       0.10534629       0.00630222
     4.4000000       0.11070340       0.00740382
     4.5000000       0.11906297       0.00791114
     4.6000000       0.13081637       0.00684762
     4.7000000       0.14354266       0.00592098
     4.8000000       0.15347762       0.00606343
     4.9000000       0.16924163       0.00580446
     5.0000000       0.18346234       0.00593505
     5.1000000       0.19867599       0.00658108
     5.2000000       0.21222454       0.00599420
     5.3000000       0.22744175       0.00661729
     5.4000000       0.24887489       0.00650177
     5.5000000       0.28116180       0.00594167
     5.6000000       0.31486025       0.00599779
     5.7000000       0.34639883       0.00603114
     5.8000000       0.38885167       0.00574736
     5.9000000       0.43749017       0.00536441
     6.0000000       0.49353531       0.00517621
