     0.0000000       0.13435041       0.00988182
     0.1000000       0.13435041       0.00988182
     0.2000000       0.13435041       0.00988182
     0.3000000       0.13435041       0.00988182
     0.4000000       0.13435041       0.00988182
     0.5000000       0.13435041       0.00988182
     0.6000000       0.13435041       0.00988182
     0.7000000       0.13435041       0.00988182
     0.8000000       0.13435041       0.00988182
     0.9000000       0.13435041       0.00988182
     1.0000000       0.13435041       0.00988182
