     0.0000000       0.16496450       0.07786137
     0.1000000       0.07217683       0.06722008
     0.2000000       0.02264581       0.05783355
     0.3000000      -0.00399724       0.05165756
     0.4000000      -0.02080005       0.05007605
     0.5000000      -0.03029720       0.04879219
     0.6000000      -0.03229499       0.04460117
     0.7000000      -0.03112133       0.03932545
     0.8000000      -0.02761899       0.03287115
     0.9000000      -0.02469789       0.02878428
     1.0000000      -0.02261396       0.02676914
     1.1000000      -0.01688438       0.02174889
     1.2000000      -0.00991232       0.01618831
     1.3000000      -0.00274751       0.01080820
     1.4000000       0.00359212       0.00688377
     1.5000000       0.01119630       0.00955498
     1.6000000       0.01975959       0.01686991
     1.7000000       0.02171242       0.01842685
     1.8000000       0.01163776       0.01055070
     1.9000000      -0.00497293       0.00798612
     2.0000000      -0.01498953       0.01494499
     2.1000000      -0.02058710       0.01896617
     2.2000000      -0.02713695       0.02404324
     2.3000000      -0.02629474       0.02303628
     2.4000000      -0.01769530       0.01461027
     2.5000000      -0.00560554       0.00591651
     2.6000000       0.00996690       0.01501177
     2.7000000       0.01779634       0.02224734
     2.8000000       0.01716243       0.02068904
     2.9000000       0.01203218       0.01324292
     3.0000000       0.00429809       0.00593007
     3.1000000      -0.00200948       0.00710687
     3.2000000      -0.01291767       0.01615874
     3.3000000      -0.02642577       0.02967464
     3.4000000      -0.03495679       0.03914855
     3.5000000      -0.04114708       0.04584987
     3.6000000      -0.04171752       0.04680078
     3.7000000      -0.03572275       0.04122512
     3.8000000      -0.02928487       0.03644781
     3.9000000      -0.02918299       0.03712032
     4.0000000      -0.03218384       0.03827877
     4.1000000      -0.03017126       0.03482967
     4.2000000      -0.02816041       0.03236837
     4.3000000      -0.03292263       0.03764022
     4.4000000      -0.03715819       0.04389166
     4.5000000      -0.03686981       0.04491937
     4.6000000      -0.03713596       0.04521290
     4.7000000      -0.03551945       0.04372911
     4.8000000      -0.02900226       0.03788704
     4.9000000      -0.02178763       0.03213158
     5.0000000      -0.02195348       0.03262147
     5.1000000      -0.02258935       0.03195970
     5.2000000      -0.01412548       0.02444828
     5.3000000      -0.00661246       0.02059496
     5.4000000      -0.00914739       0.02802257
     5.5000000      -0.01062363       0.03643412
     5.6000000      -0.00818541       0.04483898
     5.7000000      -0.00498560       0.06059783
     5.8000000       0.00989436       0.07750122
     5.9000000       0.05981263       0.08363500
     6.0000000       0.16496450       0.07786137
