     0.0000000       0.62491747       0.00501417
     0.1000000       0.56738815       0.00537140
     0.2000000       0.52797196       0.00526529
     0.3000000       0.50182948       0.00471432
     0.4000000       0.48714796       0.00436520
     0.5000000       0.48254357       0.00424608
     0.6000000       0.48722777       0.00423382
     0.7000000       0.50163062       0.00426845
     0.8000000       0.52727395       0.00440979
     0.9000000       0.56688012       0.00469608
     1.0000000       0.62491747       0.00501417
