     0.0000000       0.08352217       0.01445195
     0.1000000       0.07163354       0.00434312
     0.2000000       0.05222935       0.00477165
     0.3000000       0.04471470       0.00485361
     0.4000000       0.02499228       0.00616057
     0.5000000       0.02165356       0.00456282
     0.6000000       0.00395187       0.01225783
     0.7000000       0.01072537       0.00865952
     0.8000000       0.02142923       0.00692031
     0.9000000       0.02694142       0.01173180
     1.0000000       0.02092279       0.00909969
     1.1000000       0.01565459       0.00604373
     1.2000000       0.01453217       0.00484096
     1.3000000       0.02164841       0.00736733
     1.4000000       0.01357643       0.00537862
     1.5000000       0.00982374       0.00397139
     1.6000000       0.00670312       0.00299580
     1.7000000       0.00713850       0.00302278
     1.8000000       0.00509091       0.00430221
     1.9000000      -0.00186454       0.00382655
     2.0000000       0.00776575       0.00483152
     2.1000000       0.00334211       0.00413537
     2.2000000       0.00054721       0.00688902
     2.3000000       0.01034272       0.00577279
     2.4000000       0.00107093       0.00440841
     2.5000000       0.01258589       0.00420293
     2.6000000       0.00493204       0.00321311
     2.7000000       0.00082770       0.00568400
     2.8000000      -0.00042233       0.00491669
     2.9000000       0.00284822       0.00383320
     3.0000000       0.00304093       0.00414620
     3.1000000       0.00729755       0.00446280
     3.2000000       0.00820086       0.00456858
     3.3000000       0.00574722       0.00480644
     3.4000000       0.00126455       0.00544295
     3.5000000      -0.00048950       0.00331172
     3.6000000      -0.00351228       0.00678299
     3.7000000      -0.00145230       0.00481576
     3.8000000       0.00669051       0.00523215
     3.9000000       0.00235456       0.00321017
     4.0000000       0.00546450       0.00316994
     4.1000000       0.00514323       0.00349090
     4.2000000       0.00346884       0.00572713
     4.3000000      -0.00265128       0.00862303
     4.4000000      -0.00519770       0.00862983
     4.5000000       0.00277507       0.00640147
     4.6000000       0.00284206       0.00746735
     4.7000000       0.01251689       0.00268886
     4.8000000       0.00886630       0.00405267
     4.9000000       0.00488180       0.00688539
     5.0000000       0.00305853       0.01233478
     5.1000000       0.00500463       0.01198918
     5.2000000       0.00466706       0.01002994
     5.3000000       0.01209338       0.00613903
     5.4000000       0.01745051       0.00737477
     5.5000000       0.01710225       0.00754423
     5.6000000       0.01849563       0.01066524
     5.7000000       0.02803016       0.00636807
     5.8000000       0.03655001       0.00995933
     5.9000000       0.05698837       0.01138398
     6.0000000       0.08352217       0.01445195
