     0.0000000       0.12027871       0.00056136
     0.1000000       0.12092700       0.00051065
     0.2000000       0.13023976       0.00048962
     0.3000000       0.14826028       0.00047393
     0.4000000       0.17601918       0.00050755
     0.5000000       0.21665011       0.00050574
     0.6000000       0.27446889       0.00052960
     0.7000000       0.35671417       0.00058236
     0.8000000       0.47202591       0.00061055
     0.9000000       0.63870649       0.00061075
     1.0000000       0.87972129       0.00056136
