     0.0000000       0.37104548       0.00760997
     0.1000000       0.22242984       0.00684909
     0.2000000       0.15755702       0.00532126
     0.3000000       0.11374984       0.00288918
     0.4000000       0.08963249       0.00327509
     0.5000000       0.08280891       0.00435438
     0.6000000       0.09112262       0.00216423
     0.7000000       0.11028243       0.00473485
     0.8000000       0.14909847       0.00275721
     0.9000000       0.22077585       0.00448730
     1.0000000       0.37104548       0.00760997
