     0.0000000       0.26163726       0.01013736
     0.1000000       0.16434059       0.00688465
     0.2000000       0.11125159       0.00666389
     0.3000000       0.07555856       0.00557737
     0.4000000       0.06400891       0.00406123
     0.5000000       0.04571117       0.00571633
     0.6000000       0.03872545       0.00851534
     0.7000000       0.02692221       0.00631531
     0.8000000       0.02117708       0.00286760
     0.9000000       0.01324791       0.00251847
     1.0000000       0.00207339       0.00757525
     1.1000000       0.00508524       0.00353379
     1.2000000      -0.00395064       0.00862905
     1.3000000       0.00554518       0.00232763
     1.4000000       0.01395288       0.00502636
     1.5000000       0.00919182       0.00268755
     1.6000000       0.01573344       0.00705167
     1.7000000       0.01510618       0.00755520
     1.8000000       0.00976137       0.00195304
     1.9000000       0.00547580       0.00457693
     2.0000000       0.00763750       0.00731570
     2.1000000       0.01165178       0.00486006
     2.2000000       0.02063930       0.00270912
     2.3000000       0.02239963       0.00371213
     2.4000000       0.02419658       0.00438116
     2.5000000       0.03654722       0.00547492
     2.6000000       0.05828759       0.00789514
     2.7000000       0.07239753       0.00538095
     2.8000000       0.10583398       0.00858704
     2.9000000       0.18044736       0.00670540
     3.0000000       0.26163726       0.01013736
