     0.0000000       0.17896136       0.00621734
     0.1000000       0.15415716       0.00511754
     0.2000000       0.14446596       0.00536276
     0.3000000       0.13003585       0.00335675
     0.4000000       0.11930685       0.00342183
     0.5000000       0.11619279       0.00415928
     0.6000000       0.11842678       0.00303411
     0.7000000       0.12574601       0.00428554
     0.8000000       0.13485691       0.00368762
     0.9000000       0.14932467       0.00491545
     1.0000000       0.17896136       0.00621734
