     0.0000000       0.12931677       0.00144172
     0.1000000       0.10712322       0.00138959
     0.2000000       0.09308159       0.00133777
     0.3000000       0.08453423       0.00117668
     0.4000000       0.07976394       0.00114961
     0.5000000       0.07651388       0.00109216
     0.6000000       0.07583828       0.00116490
     0.7000000       0.07731387       0.00108808
     0.8000000       0.07928959       0.00118573
     0.9000000       0.08169486       0.00124428
     1.0000000       0.08561847       0.00115207
     1.1000000       0.08945456       0.00113037
     1.2000000       0.09554458       0.00118003
     1.3000000       0.10185820       0.00116425
     1.4000000       0.11026818       0.00117878
     1.5000000       0.12104018       0.00124629
     1.6000000       0.13104525       0.00128917
     1.7000000       0.14536037       0.00127388
     1.8000000       0.16132734       0.00131881
     1.9000000       0.17996836       0.00131373
     2.0000000       0.20012231       0.00132097
     2.1000000       0.22600178       0.00133406
     2.2000000       0.25384621       0.00138581
     2.3000000       0.28890614       0.00141541
     2.4000000       0.33178250       0.00142080
     2.5000000       0.38104899       0.00155605
     2.6000000       0.44248924       0.00154481
     2.7000000       0.51687959       0.00155322
     2.8000000       0.60553371       0.00167295
     2.9000000       0.72244845       0.00172177
     3.0000000       0.87068323       0.00144172
