     0.0000000       0.50375099       0.00344435
     0.1000000       0.49021708       0.00350491
     0.2000000       0.48036879       0.00349513
     0.3000000       0.47355396       0.00341223
     0.4000000       0.46958701       0.00335028
     0.5000000       0.46830651       0.00332518
     0.6000000       0.46959366       0.00331977
     0.7000000       0.47349886       0.00332125
     0.8000000       0.48022153       0.00334053
     0.9000000       0.49012205       0.00338798
     1.0000000       0.50375099       0.00344435
