     0.0000000       0.28022829       0.00627421
     0.1000000       0.17891072       0.00386253
     0.2000000       0.11568790       0.00400461
     0.3000000       0.08154236       0.00331347
     0.4000000       0.05756638       0.00328543
     0.5000000       0.03851244       0.00309923
     0.6000000       0.03280443       0.00304968
     0.7000000       0.02349018       0.00354054
     0.8000000       0.02220835       0.00331859
     0.9000000       0.01640601       0.00317039
     1.0000000       0.01537625       0.00324877
     1.1000000       0.01319360       0.00316426
     1.2000000       0.01360558       0.00368558
     1.3000000       0.01472051       0.00290239
     1.4000000       0.01278879       0.00313853
     1.5000000       0.01531757       0.00326940
     1.6000000       0.01306406       0.00346587
     1.7000000       0.01362349       0.00421535
     1.8000000       0.01390401       0.00432799
     1.9000000       0.01863899       0.00285287
     2.0000000       0.01498672       0.00315020
     2.1000000       0.01685372       0.00335229
     2.2000000       0.02347512       0.00346484
     2.3000000       0.02490691       0.00362061
     2.4000000       0.02697199       0.00407474
     2.5000000       0.03523687       0.00401563
     2.6000000       0.04596769       0.00443362
     2.7000000       0.07042901       0.00413303
     2.8000000       0.11337037       0.00404794
     2.9000000       0.17039090       0.00504009
     3.0000000       0.28022829       0.00627421
