     0.0000000       0.36099720       0.00810865
     0.1000000       0.20883623       0.00487010
     0.2000000       0.12669943       0.00387378
     0.3000000       0.07791190       0.00431323
     0.4000000       0.04825977       0.00390012
     0.5000000       0.02918370       0.00410227
     0.6000000       0.02429820       0.00293353
     0.7000000       0.01170798       0.00454705
     0.8000000       0.00799694       0.00351714
     0.9000000       0.00688081       0.00316360
     1.0000000       0.00480292       0.00399958
     1.1000000       0.00721165       0.00284794
     1.2000000       0.00383431       0.00265654
     1.3000000       0.00864249       0.00342585
     1.4000000       0.00560974       0.00317509
     1.5000000       0.00974696       0.00339023
     1.6000000       0.00668931       0.00274116
     1.7000000       0.00317319       0.00321138
     1.8000000       0.00179088       0.00267348
     1.9000000       0.00257147       0.00260429
     2.0000000       0.00453425       0.00333641
     2.1000000       0.00335964       0.00337390
     2.2000000       0.01162005       0.00385650
     2.3000000       0.01709994       0.00324787
     2.4000000       0.02195825       0.00340991
     2.5000000       0.03321375       0.00411228
     2.6000000       0.04223993       0.00437485
     2.7000000       0.07023159       0.00315934
     2.8000000       0.12156522       0.00528850
     2.9000000       0.20182537       0.00548623
     3.0000000       0.36099720       0.00810865
