     0.0000000       0.46499073       0.00324732
     0.1000000       0.46499073       0.00324732
     0.2000000       0.46499073       0.00324732
     0.3000000       0.46499073       0.00324732
     0.4000000       0.46499073       0.00324732
     0.5000000       0.46499073       0.00324732
     0.6000000       0.46499073       0.00324732
     0.7000000       0.46499073       0.00324732
     0.8000000       0.46499073       0.00324732
     0.9000000       0.46499073       0.00324732
     1.0000000       0.46499073       0.00324732
