     0.0000000       0.33302751       0.00744065
     0.1000000       0.21101762       0.00611432
     0.2000000       0.15516610       0.00557424
     0.3000000       0.11471984       0.00285295
     0.4000000       0.09137971       0.00378227
     0.5000000       0.08624093       0.00446197
     0.6000000       0.09276571       0.00229051
     0.7000000       0.11184414       0.00473344
     0.8000000       0.14647687       0.00285680
     0.9000000       0.20738039       0.00475332
     1.0000000       0.33302751       0.00744065
