     0.0000000       1.00281810       0.01376440
     0.1000000       0.84891718       0.01547912
     0.2000000       0.75352087       0.01526307
     0.3000000       0.69386179       0.01302797
     0.4000000       0.66197593       0.01152914
     0.5000000       0.65220766       0.01073797
     0.6000000       0.66175610       0.01044899
     0.7000000       0.69244732       0.01055918
     0.8000000       0.75006998       0.01122664
     0.9000000       0.84609945       0.01242061
     1.0000000       1.00281810       0.01376440
