     0.0000000       0.37583523       0.01490466
     0.1000000       0.20777039       0.00748929
     0.2000000       0.13164253       0.00357978
     0.3000000       0.08190787       0.00375631
     0.4000000       0.05422796       0.00318894
     0.5000000       0.04196952       0.00544711
     0.6000000       0.03061638       0.00515716
     0.7000000       0.02453692       0.00478346
     0.8000000       0.02054098       0.00352877
     0.9000000       0.01088179       0.00389609
     1.0000000       0.01377555       0.00317468
     1.1000000       0.00703501       0.00465700
     1.2000000       0.00596350       0.00467632
     1.3000000       0.01273426       0.00358402
     1.4000000       0.01259747       0.00290334
     1.5000000       0.01552388       0.00467421
     1.6000000       0.01894779       0.00399043
     1.7000000       0.01346218       0.00385413
     1.8000000       0.00650308       0.00609797
     1.9000000       0.00571214       0.00478702
     2.0000000       0.01554636       0.00263585
     2.1000000       0.01619292       0.00447470
     2.2000000       0.01806698       0.00422664
     2.3000000       0.01946659       0.00467322
     2.4000000       0.01904375       0.00653597
     2.5000000       0.03902974       0.00658287
     2.6000000       0.06298195       0.00840293
     2.7000000       0.08017525       0.00458620
     2.8000000       0.12723922       0.00383414
     2.9000000       0.22226099       0.00761729
     3.0000000       0.37583523       0.01490466
