     0.0000000       0.25360569       0.03182435
     0.1000000       0.14350486       0.03375043
     0.2000000       0.08311621       0.03041673
     0.3000000       0.04653957       0.02588326
     0.4000000       0.02493820       0.02114030
     0.5000000       0.01412024       0.01650868
     0.6000000       0.00690834       0.01363029
     0.7000000      -0.00045189       0.01414852
     0.8000000      -0.00693165       0.01599738
     0.9000000      -0.01302556       0.01739526
     1.0000000      -0.01919456       0.01935048
     1.1000000      -0.02546866       0.02247928
     1.2000000      -0.03322113       0.02851550
     1.3000000      -0.03728466       0.03336665
     1.4000000      -0.03149433       0.02956667
     1.5000000      -0.02281763       0.02173977
     1.6000000      -0.01762192       0.01651319
     1.7000000      -0.01458714       0.01334452
     1.8000000      -0.01526711       0.01200621
     1.9000000      -0.01609089       0.01116305
     2.0000000      -0.01384784       0.00987708
     2.1000000      -0.01201406       0.00907018
     2.2000000      -0.01060812       0.00881272
     2.3000000      -0.00798721       0.00872844
     2.4000000      -0.00537947       0.00873532
     2.5000000      -0.00460600       0.00881470
     2.6000000      -0.00622709       0.00965187
     2.7000000      -0.00791112       0.01075209
     2.8000000      -0.00797863       0.01055332
     2.9000000      -0.00753492       0.00969976
     3.0000000      -0.00775934       0.00920263
     3.1000000      -0.01040223       0.00856254
     3.2000000      -0.01372057       0.00822872
     3.3000000      -0.01567664       0.00879686
     3.4000000      -0.01684944       0.00998922
     3.5000000      -0.01654252       0.01059537
     3.6000000      -0.01530802       0.01071344
     3.7000000      -0.01288647       0.00984059
     3.8000000      -0.00935169       0.00821578
     3.9000000      -0.00650594       0.00716927
     4.0000000      -0.00388414       0.00648144
     4.1000000      -0.00029595       0.00582859
     4.2000000       0.00262576       0.00564254
     4.3000000       0.00334695       0.00565843
     4.4000000       0.00456093       0.00568540
     4.5000000       0.00659512       0.00585819
     4.6000000       0.00787055       0.00593716
     4.7000000       0.00795158       0.00594373
     4.8000000       0.00742300       0.00614012
     4.9000000       0.00907666       0.00613613
     5.0000000       0.01153903       0.00587040
     5.1000000       0.01305038       0.00589608
     5.2000000       0.01800297       0.00583079
     5.3000000       0.02485517       0.00602263
     5.4000000       0.03110416       0.00768070
     5.5000000       0.03782690       0.01143913
     5.6000000       0.04712705       0.01568047
     5.7000000       0.06549536       0.01937536
     5.8000000       0.09843328       0.02355286
     5.9000000       0.15516251       0.02744917
     6.0000000       0.25360569       0.03182435
