     0.0000000       0.28551541       0.00734561
     0.1000000       0.17344218       0.00526470
     0.2000000       0.11619062       0.00372345
     0.3000000       0.07532908       0.00350835
     0.4000000       0.06058284       0.00395341
     0.5000000       0.04485826       0.00496404
     0.6000000       0.03538206       0.00554154
     0.7000000       0.02539075       0.00404807
     0.8000000       0.01897110       0.00330987
     0.9000000       0.01224689       0.00267988
     1.0000000       0.00894623       0.00330860
     1.1000000       0.00790906       0.00320978
     1.2000000       0.00228538       0.00423913
     1.3000000       0.00991891       0.00253103
     1.4000000       0.01451516       0.00326961
     1.5000000       0.01335946       0.00336744
     1.6000000       0.01541365       0.00470387
     1.7000000       0.01591574       0.00521964
     1.8000000       0.00753277       0.00230639
     1.9000000       0.00649480       0.00335308
     2.0000000       0.01151493       0.00446606
     2.1000000       0.01095877       0.00557231
     2.2000000       0.01868467       0.00303272
     2.3000000       0.02150659       0.00355003
     2.4000000       0.02598773       0.00367492
     2.5000000       0.03766804       0.00431052
     2.6000000       0.06051903       0.00705306
     2.7000000       0.07455475       0.00426583
     2.8000000       0.11056497       0.00688913
     2.9000000       0.18710813       0.00641227
     3.0000000       0.28551541       0.00734561
