     0.0000000       0.39000507       0.05007180
     0.1000000       0.23463889       0.01111750
     0.2000000       0.14303872       0.00811320
     0.3000000       0.09141982       0.00918301
     0.4000000       0.05144083       0.00888948
     0.5000000       0.02793606       0.01426307
     0.6000000       0.01012642       0.01939167
     0.7000000       0.00779207       0.01253257
     0.8000000      -0.00099730       0.01934848
     0.9000000      -0.00329423       0.02167820
     1.0000000      -0.01538623       0.02991969
     1.1000000       0.00179745       0.01163227
     1.2000000      -0.01904844       0.03043324
     1.3000000      -0.02128324       0.03808102
     1.4000000      -0.01215468       0.02854505
     1.5000000      -0.00822079       0.02401526
     1.6000000       0.01267251       0.00585725
     1.7000000       0.01124328       0.00648554
     1.8000000       0.00426696       0.00705807
     1.9000000       0.01238179       0.00557685
     2.0000000       0.00405896       0.00849701
     2.1000000       0.01275267       0.00573297
     2.2000000       0.00248167       0.00926251
     2.3000000      -0.00272214       0.01279238
     2.4000000       0.00028601       0.00783494
     2.5000000      -0.00493475       0.01527985
     2.6000000      -0.00599955       0.01550420
     2.7000000      -0.00449616       0.01387018
     2.8000000       0.00361725       0.00946785
     2.9000000       0.01058607       0.00518000
     3.0000000      -0.00223828       0.00919579
     3.1000000      -0.00259577       0.01364840
     3.2000000       0.00514622       0.00819206
     3.3000000       0.01278622       0.00578011
     3.4000000       0.00965832       0.00619539
     3.5000000      -0.00019773       0.01081393
     3.6000000      -0.00728162       0.01742578
     3.7000000       0.00150005       0.00885099
     3.8000000       0.00096542       0.00944189
     3.9000000      -0.00597210       0.01465230
     4.0000000       0.00739944       0.00519561
     4.1000000       0.00513937       0.00793357
     4.2000000       0.00316739       0.01172583
     4.3000000       0.00638536       0.00938537
     4.4000000       0.00711992       0.00918802
     4.5000000       0.01173227       0.00796981
     4.6000000       0.00052568       0.01686010
     4.7000000      -0.00868227       0.02681251
     4.8000000       0.00159690       0.01884691
     4.9000000       0.01305294       0.01315083
     5.0000000       0.01015372       0.01563681
     5.1000000       0.00218529       0.02352356
     5.2000000       0.00148976       0.02519952
     5.3000000       0.01531290       0.01814978
     5.4000000       0.01348610       0.02532850
     5.5000000       0.02055909       0.02684193
     5.6000000       0.03921949       0.02313924
     5.7000000       0.08561242       0.00991511
     5.8000000       0.12416516       0.02495702
     5.9000000       0.22849135       0.02275828
     6.0000000       0.39000507       0.05007180
