     0.0000000       1.00255339       0.01371924
     0.1000000       0.84864893       0.01547528
     0.2000000       0.75325360       0.01523284
     0.3000000       0.69360341       0.01297006
     0.4000000       0.66168517       0.01143586
     0.5000000       0.65185893       0.01060769
     0.6000000       0.66136107       0.01031016
     0.7000000       0.69198018       0.01039321
     0.8000000       0.74961814       0.01105537
     0.9000000       0.84576434       0.01230743
     1.0000000       1.00255339       0.01371924
