     0.0000000       0.19076451       0.00102605
     0.1000000       0.19013128       0.00095755
     0.2000000       0.19948418       0.00101248
     0.3000000       0.21821067       0.00099920
     0.4000000       0.24524469       0.00119033
     0.5000000       0.28397553       0.00132716
     0.6000000       0.33742932       0.00134527
     0.7000000       0.40787575       0.00136950
     0.8000000       0.50494751       0.00135606
     0.9000000       0.63372186       0.00127374
     1.0000000       0.80923549       0.00102605
