     0.0000000       0.32228953       0.01959502
     0.1000000       0.20002482       0.00868154
     0.2000000       0.11692841       0.00583877
     0.3000000       0.06729041       0.00365320
     0.4000000       0.03011592       0.00429098
     0.5000000       0.00873507       0.01029298
     0.6000000       0.01688844       0.00581628
     0.7000000       0.02125485       0.01108411
     0.8000000       0.00988465       0.00519448
     0.9000000       0.01390556       0.01234672
     1.0000000       0.00326790       0.00463046
     1.1000000      -0.00047288       0.00607618
     1.2000000      -0.00793232       0.00717538
     1.3000000      -0.00687590       0.00672057
     1.4000000      -0.00247484       0.00364554
     1.5000000      -0.01470938       0.01066976
     1.6000000      -0.00592582       0.00476373
     1.7000000       0.00138994       0.00738491
     1.8000000      -0.00683655       0.00583028
     1.9000000      -0.00607426       0.00498125
     2.0000000      -0.00018253       0.00380174
     2.1000000       0.00306529       0.00534049
     2.2000000       0.00015008       0.00599956
     2.3000000       0.00365569       0.00353097
     2.4000000      -0.00337201       0.00440418
     2.5000000      -0.00413564       0.00346708
     2.6000000      -0.00497054       0.00437713
     2.7000000      -0.00511429       0.00378549
     2.8000000      -0.00567168       0.00464103
     2.9000000       0.00189375       0.00234195
     3.0000000      -0.01052869       0.01193630
     3.1000000      -0.00677096       0.00797151
     3.2000000      -0.00261094       0.00522731
     3.3000000       0.00398278       0.00528170
     3.4000000       0.00480640       0.00646637
     3.5000000      -0.00204144       0.00408404
     3.6000000      -0.00640512       0.01144531
     3.7000000       0.00248935       0.00413499
     3.8000000       0.00681965       0.00515802
     3.9000000      -0.00265196       0.00505777
     4.0000000       0.00535979       0.00373628
     4.1000000       0.00545155       0.00347364
     4.2000000      -0.00239370       0.00575564
     4.3000000       0.00407112       0.00330168
     4.4000000       0.00182436       0.00349776
     4.5000000       0.01209201       0.00954785
     4.6000000      -0.00442143       0.00760645
     4.7000000      -0.00771955       0.00572820
     4.8000000      -0.00536628       0.00495150
     4.9000000      -0.00178370       0.00508813
     5.0000000       0.00147305       0.00443136
     5.1000000      -0.00157764       0.00772132
     5.2000000       0.00481106       0.00510148
     5.3000000       0.01081349       0.00334237
     5.4000000       0.01281441       0.00391092
     5.5000000       0.01969338       0.00761589
     5.6000000       0.03221646       0.00579213
     5.7000000       0.06582585       0.00425496
     5.8000000       0.09849833       0.00928750
     5.9000000       0.18702901       0.01030858
     6.0000000       0.32228953       0.01959502
