     0.0000000       0.96136320       0.00123823
     0.1000000       0.66139010       0.00115714
     0.2000000       0.45864114       0.00115899
     0.3000000       0.32095515       0.00118413
     0.4000000       0.22603349       0.00126235
     0.5000000       0.15947846       0.00123450
     0.6000000       0.11405736       0.00124870
     0.7000000       0.08288944       0.00112966
     0.8000000       0.06002388       0.00117477
     0.9000000       0.04509176       0.00122024
     1.0000000       0.03177494       0.00126133
     1.1000000       0.02552338       0.00119688
     1.2000000       0.01950097       0.00118768
     1.3000000       0.01537527       0.00103357
     1.4000000       0.01159359       0.00112451
     1.5000000       0.00923146       0.00105695
     1.6000000       0.00724048       0.00100446
     1.7000000       0.00604641       0.00103817
     1.8000000       0.00591711       0.00094591
     1.9000000       0.00490123       0.00110195
     2.0000000       0.00279747       0.00109532
     2.1000000       0.00189458       0.00111469
     2.2000000       0.00179133       0.00101669
     2.3000000       0.00112339       0.00095896
     2.4000000       0.00044535       0.00101259
     2.5000000       0.00021921       0.00097766
     2.6000000      -0.00089058       0.00122440
     2.7000000      -0.00121541       0.00121272
     2.8000000      -0.00086717       0.00115572
     2.9000000      -0.00076112       0.00114646
     3.0000000      -0.00027697       0.00111144
     3.1000000      -0.00088926       0.00107289
     3.2000000       0.00005908       0.00109407
     3.3000000      -0.00042309       0.00112580
     3.4000000      -0.00019555       0.00098249
     3.5000000       0.00000866       0.00095355
     3.6000000       0.00035377       0.00117815
     3.7000000       0.00019809       0.00103842
     3.8000000      -0.00088549       0.00102696
     3.9000000      -0.00019787       0.00090534
     4.0000000       0.00006237       0.00098771
     4.1000000       0.00029810       0.00101963
     4.2000000       0.00058482       0.00102726
     4.3000000       0.00137746       0.00113299
     4.4000000       0.00207487       0.00103080
     4.5000000       0.00139230       0.00109949
     4.6000000       0.00092415       0.00099635
     4.7000000      -0.00000042       0.00100071
     4.8000000       0.00065384       0.00091882
     4.9000000       0.00084708       0.00102975
     5.0000000       0.00257476       0.00108237
     5.1000000       0.00208924       0.00106554
     5.2000000       0.00184743       0.00106347
     5.3000000       0.00287038       0.00093395
     5.4000000       0.00376271       0.00102120
     5.5000000       0.00422048       0.00102429
     5.6000000       0.00658279       0.00108594
     5.7000000       0.00924457       0.00108454
     5.8000000       0.01456110       0.00108367
     5.9000000       0.02427018       0.00102954
     6.0000000       0.03863680       0.00123823
