     0.0000000       0.01562500       0.00000000
     0.1000000       0.01562500       0.00000000
     0.2000000       0.01562500       0.00000000
     0.3000000       0.01562500       0.00000000
     0.4000000       0.01562500       0.00000000
     0.5000000       0.01562500       0.00000000
     0.6000000       0.01562500       0.00000000
     0.7000000       0.01562500       0.00000000
     0.8000000       0.01562500       0.00000000
     0.9000000       0.01562500       0.00000000
     1.0000000       0.01562500       0.00000000
     1.1000000       0.01562500       0.00000000
     1.2000000       0.01562500       0.00000000
     1.3000000       0.01562500       0.00000000
     1.4000000       0.01562500       0.00000000
     1.5000000       0.01562500       0.00000000
     1.6000000       0.01562500       0.00000000
     1.7000000       0.01562500       0.00000000
     1.8000000       0.01562500       0.00000000
     1.9000000       0.01562500       0.00000000
     2.0000000       0.01562500       0.00000000
     2.1000000       0.01562500       0.00000000
     2.2000000       0.01562500       0.00000000
     2.3000000       0.01562500       0.00000000
     2.4000000       0.01562500       0.00000000
     2.5000000       0.01562500       0.00000000
     2.6000000       0.01562500       0.00000000
     2.7000000       0.01562500       0.00000000
     2.8000000       0.01562500       0.00000000
     2.9000000       0.01562500       0.00000000
     3.0000000       0.01562500       0.00000000
