     0.0000000       0.23947515       0.10468018
     0.1000000       0.13772332       0.05835798
     0.2000000       0.04017459       0.07109520
     0.3000000       0.03062290       0.03361777
     0.4000000       0.03025732       0.01089998
     0.5000000      -0.04276381       0.05883025
     0.6000000      -0.01766512       0.03063301
     0.7000000      -0.00565271       0.02130821
     0.8000000      -0.01140694       0.02187931
     0.9000000      -0.01282248       0.01903793
     1.0000000       0.04015561       0.04101582
     1.1000000       0.05270472       0.05640576
     1.2000000       0.02741720       0.02819284
     1.3000000       0.00206229       0.00559629
     1.4000000       0.01433683       0.01375725
     1.5000000       0.03783533       0.03448945
     1.6000000      -0.00580379       0.00644562
     1.7000000      -0.01551252       0.01875906
     1.8000000      -0.05739217       0.05582243
     1.9000000      -0.08284282       0.08407010
     2.0000000      -0.05096169       0.05160240
     2.1000000       0.05478367       0.05472693
     2.2000000       0.04104103       0.03872104
     2.3000000       0.04766135       0.04951908
     2.4000000      -0.02371892       0.02319399
     2.5000000       0.00587840       0.00553323
     2.6000000       0.04274772       0.04252224
     2.7000000       0.01718117       0.02378921
     2.8000000      -0.00160255       0.00469279
     2.9000000       0.01177332       0.01137418
     3.0000000       0.01078748       0.01446379
     3.1000000       0.05177192       0.05323074
     3.2000000       0.05114654       0.04845108
     3.3000000       0.05097543       0.04834662
     3.4000000       0.03722202       0.03577568
     3.5000000       0.04805596       0.04448898
     3.6000000       0.02169712       0.02124713
     3.7000000       0.03800262       0.04102015
     3.8000000       0.01133446       0.01470736
     3.9000000      -0.02005388       0.02057544
     4.0000000      -0.00863867       0.00870865
     4.1000000      -0.01108895       0.01194685
     4.2000000       0.00947716       0.00904768
     4.3000000       0.06409370       0.06001187
     4.4000000      -0.00630591       0.01272212
     4.5000000      -0.01818750       0.02840702
     4.6000000      -0.01742341       0.02589302
     4.7000000       0.00217203       0.00398800
     4.8000000      -0.03524715       0.03497741
     4.9000000      -0.00184629       0.00467036
     5.0000000      -0.01045937       0.01678546
     5.1000000       0.02702146       0.01428339
     5.2000000      -0.00961867       0.02355445
     5.3000000       0.02130611       0.00805909
     5.4000000       0.03177156       0.01588532
     5.5000000       0.02740341       0.00923705
     5.6000000       0.03598628       0.00458566
     5.7000000       0.07518752       0.02048644
     5.8000000       0.15302871       0.05240994
     5.9000000       0.13263777       0.05278439
     6.0000000       0.23947515       0.10468018
