     0.0000000       0.31510139       0.03028226
     0.1000000       0.19352102       0.00619687
     0.2000000       0.12243509       0.00712626
     0.3000000       0.07256457       0.00441788
     0.4000000       0.04456343       0.00640687
     0.5000000       0.02912847       0.00590162
     0.6000000       0.02896528       0.00852750
     0.7000000       0.02021847       0.00878249
     0.8000000       0.01380333       0.00478697
     0.9000000      -0.00000113       0.00827302
     1.0000000      -0.00614329       0.01081763
     1.1000000       0.00315939       0.00348610
     1.2000000       0.00871172       0.00428275
     1.3000000      -0.00013059       0.00636520
     1.4000000      -0.01214542       0.01830962
     1.5000000      -0.00080188       0.00885272
     1.6000000       0.00979707       0.00540869
     1.7000000       0.00110166       0.00354662
     1.8000000      -0.00123219       0.00449132
     1.9000000       0.00056491       0.00396806
     2.0000000       0.00169225       0.00377979
     2.1000000       0.01338074       0.00897995
     2.2000000       0.00535107       0.00701612
     2.3000000       0.00337657       0.00880152
     2.4000000       0.00054806       0.00417066
     2.5000000       0.00753278       0.00467543
     2.6000000       0.00275526       0.00393844
     2.7000000       0.00246646       0.00402902
     2.8000000       0.00123920       0.00307091
     2.9000000       0.00200655       0.00420947
     3.0000000      -0.00088319       0.00472802
     3.1000000      -0.00303306       0.00399600
     3.2000000       0.01011098       0.00829217
     3.3000000       0.00645837       0.00876741
     3.4000000       0.00403206       0.00788314
     3.5000000       0.00114289       0.00335975
     3.6000000       0.00496892       0.00439655
     3.7000000       0.00664450       0.00626113
     3.8000000       0.00065704       0.00327814
     3.9000000      -0.00473689       0.00401695
     4.0000000       0.00711482       0.00599057
     4.1000000       0.00332884       0.00447008
     4.2000000       0.00182602       0.00354712
     4.3000000      -0.00149642       0.00406197
     4.4000000      -0.00311761       0.00606752
     4.5000000      -0.00075664       0.00370516
     4.6000000      -0.00196460       0.00655671
     4.7000000      -0.00456405       0.00918962
     4.8000000      -0.00388851       0.00778365
     4.9000000      -0.00787288       0.01166162
     5.0000000      -0.00457531       0.01030041
     5.1000000      -0.00842555       0.01657605
     5.2000000      -0.00572139       0.01559458
     5.3000000       0.01551056       0.00450281
     5.4000000       0.01133131       0.01031067
     5.5000000       0.01304107       0.01587304
     5.6000000       0.02642734       0.01361742
     5.7000000       0.05754968       0.00848543
     5.8000000       0.09535393       0.01501223
     5.9000000       0.17636475       0.02210642
     6.0000000       0.31510139       0.03028226
