     0.0000000       0.48571636       0.07346943
     0.1000000       0.28766921       0.07367310
     0.2000000       0.18901583       0.07130617
     0.3000000       0.14329755       0.06890074
     0.4000000       0.11268969       0.06985193
     0.5000000       0.08208902       0.07196532
     0.6000000       0.06012964       0.07345563
     0.7000000       0.04788257       0.07627707
     0.8000000       0.04535972       0.07797099
     0.9000000       0.05940958       0.07342074
     1.0000000       0.07207229       0.06873110
     1.1000000       0.07567250       0.06704240
     1.2000000       0.07409658       0.06590768
     1.3000000       0.07038823       0.06550718
     1.4000000       0.06581761       0.06629412
     1.5000000       0.05890536       0.06769574
     1.6000000       0.05356911       0.06855920
     1.7000000       0.03822890       0.07122940
     1.8000000       0.02425383       0.07237744
     1.9000000       0.02528385       0.06940097
     2.0000000       0.03183642       0.06696804
     2.1000000       0.03861736       0.06568472
     2.2000000       0.04630228       0.06504627
     2.3000000       0.05633524       0.06621738
     2.4000000       0.06710724       0.06829091
     2.5000000       0.07799963       0.07034814
     2.6000000       0.08915116       0.07315137
     2.7000000       0.11298971       0.07558215
     2.8000000       0.17337666       0.07503438
     2.9000000       0.28697172       0.07364263
     3.0000000       0.48571636       0.07346943
