     0.0000000       0.39534726       0.03681292
     0.1000000       0.23196227       0.01205216
     0.2000000       0.14002533       0.01253113
     0.3000000       0.08857498       0.00942847
     0.4000000       0.04951808       0.01277073
     0.5000000       0.02224402       0.01936610
     0.6000000       0.03104202       0.00824332
     0.7000000       0.04228542       0.01931802
     0.8000000       0.02656803       0.00692136
     0.9000000       0.01862218       0.00808462
     1.0000000      -0.00092662       0.01716725
     1.1000000       0.02587460       0.00735254
     1.2000000       0.01780800       0.00777034
     1.3000000      -0.00230987       0.01782194
     1.4000000       0.01405153       0.00597396
     1.5000000       0.03601820       0.01509827
     1.6000000       0.03317208       0.01840107
     1.7000000       0.02543926       0.01599808
     1.8000000       0.01198795       0.00545334
     1.9000000       0.01654035       0.00863104
     2.0000000       0.00112070       0.01010151
     2.1000000       0.01341366       0.00700215
     2.2000000       0.01184698       0.00585967
     2.3000000       0.01711343       0.00622693
     2.4000000       0.01675732       0.00614715
     2.5000000       0.00459001       0.00914335
     2.6000000       0.00293991       0.01008658
     2.7000000       0.00358190       0.00761462
     2.8000000       0.00872482       0.00678414
     2.9000000       0.00380831       0.01001273
     3.0000000       0.00214326       0.00817317
     3.1000000       0.00369851       0.00988312
     3.2000000       0.00783487       0.00750725
     3.3000000       0.00720839       0.00770118
     3.4000000       0.01230873       0.00647934
     3.5000000      -0.00122163       0.01367696
     3.6000000      -0.00231322       0.01415322
     3.7000000       0.00945107       0.00643488
     3.8000000       0.00827776       0.00720731
     3.9000000       0.00215980       0.01078747
     4.0000000       0.00737844       0.00885089
     4.1000000       0.00545440       0.01112386
     4.2000000       0.00337265       0.01211430
     4.3000000       0.00698658       0.01214075
     4.4000000       0.00477459       0.00812154
     4.5000000       0.00440362       0.00863474
     4.6000000      -0.00285599       0.01492898
     4.7000000      -0.01250829       0.02396647
     4.8000000      -0.00388946       0.01545235
     4.9000000       0.00664763       0.01205539
     5.0000000       0.01331100       0.00945135
     5.1000000       0.00136530       0.02126224
     5.2000000      -0.00068659       0.02224045
     5.3000000       0.02400382       0.00806081
     5.4000000       0.01921792       0.01707055
     5.5000000       0.02085521       0.02321175
     5.6000000       0.04099729       0.02070606
     5.7000000       0.07411730       0.01650543
     5.8000000       0.12161214       0.02048086
     5.9000000       0.21917574       0.02133276
     6.0000000       0.39534726       0.03681292
