     0.0000000       0.26227474       0.01476302
     0.1000000       0.15340762       0.01500059
     0.2000000       0.08859119       0.01555049
     0.3000000       0.04885595       0.01639344
     0.4000000       0.02467263       0.01681233
     0.5000000       0.00985100       0.01796260
     0.6000000       0.00304729       0.01872395
     0.7000000       0.00154884       0.01895115
     0.8000000       0.00285906       0.01787248
     0.9000000       0.00255549       0.01502706
     1.0000000      -0.00006868       0.01206756
     1.1000000      -0.00215755       0.01060713
     1.2000000      -0.00306392       0.01152382
     1.3000000      -0.00157873       0.01358582
     1.4000000      -0.00049556       0.01442761
     1.5000000      -0.00234678       0.01377859
     1.6000000      -0.00559233       0.01339933
     1.7000000      -0.00946024       0.01383997
     1.8000000      -0.01419541       0.01513136
     1.9000000      -0.01639892       0.01730740
     2.0000000      -0.01510960       0.01843815
     2.1000000      -0.01308722       0.01757446
     2.2000000      -0.01140996       0.01488009
     2.3000000      -0.01194511       0.01272012
     2.4000000      -0.01316004       0.01053227
     2.5000000      -0.01256232       0.00846798
     2.6000000      -0.01287609       0.00805035
     2.7000000      -0.01372785       0.00777278
     2.8000000      -0.01304351       0.00774951
     2.9000000      -0.00869798       0.00787238
     3.0000000      -0.00457906       0.00832440
     3.1000000      -0.00187506       0.00967126
     3.2000000      -0.00120819       0.01106666
     3.3000000      -0.00068343       0.01084418
     3.4000000       0.00108946       0.01013615
     3.5000000      -0.00000195       0.00922687
     3.6000000      -0.00138269       0.00837704
     3.7000000      -0.00155689       0.00834377
     3.8000000      -0.00310543       0.00904671
     3.9000000      -0.00526133       0.01003424
     4.0000000      -0.00487020       0.01011393
     4.1000000      -0.00177230       0.00940120
     4.2000000       0.00223150       0.00858830
     4.3000000       0.00321794       0.00821272
     4.4000000       0.00283909       0.00822220
     4.5000000       0.00085140       0.00844721
     4.6000000      -0.00424287       0.00871397
     4.7000000      -0.00660189       0.00903336
     4.8000000      -0.00555102       0.00978445
     4.9000000      -0.00239971       0.00973355
     5.0000000       0.00015561       0.00938839
     5.1000000       0.00039784       0.00968494
     5.2000000       0.00116213       0.00998063
     5.3000000       0.00261538       0.01040934
     5.4000000       0.00605686       0.01035866
     5.5000000       0.01593945       0.01006054
     5.6000000       0.03409999       0.01009064
     5.7000000       0.05998025       0.01044464
     5.8000000       0.09807126       0.01164524
     5.9000000       0.15903198       0.01332014
     6.0000000       0.26227474       0.01476302
