     0.0000000       0.28099097       0.00723582
     0.1000000       0.19329125       0.00758810
     0.2000000       0.15590847       0.00773919
     0.3000000       0.12116223       0.00525929
     0.4000000       0.10059753       0.00332306
     0.5000000       0.09070688       0.00379207
     0.6000000       0.09968287       0.00270462
     0.7000000       0.11408035       0.00379788
     0.8000000       0.14329516       0.00270821
     0.9000000       0.19173085       0.00406142
     1.0000000       0.28099097       0.00723582
