     0.0000000       0.21466760       0.00733113
     0.1000000       0.16990867       0.00692596
     0.2000000       0.15393596       0.00780727
     0.3000000       0.13130471       0.00508473
     0.4000000       0.11545736       0.00343166
     0.5000000       0.10909494       0.00435737
     0.6000000       0.11442256       0.00226821
     0.7000000       0.12476245       0.00457133
     0.8000000       0.14030739       0.00301160
     0.9000000       0.16538394       0.00490311
     1.0000000       0.21466760       0.00733113
