#    rx       ry   	         trace over n_orb         
 -3.00000  -3.00000	 7.8432855221e-02  7.3263624108e-04
 -3.00000  -2.00000	-8.1572000455e-02  7.8351859582e-04
 -3.00000  -1.00000	 8.1170823527e-02  7.6815646109e-04
 -3.00000   0.00000	-8.1425770616e-02  7.1411169139e-04
 -3.00000   1.00000	 8.0806339688e-02  7.1138684387e-04
 -3.00000   2.00000	-8.1299699943e-02  7.2378968037e-04
 -3.00000   3.00000	 7.8287072609e-02  7.3251024565e-04
 -3.00000   4.00000	-7.8255931274e-02  7.0337931286e-04
 -2.00000  -3.00000	-8.1363897139e-02  7.1337915007e-04
 -2.00000  -2.00000	 8.5459592481e-02  7.8594903442e-04
 -2.00000  -1.00000	-9.8691099192e-02  7.9965211823e-04
 -2.00000   0.00000	 9.2869383143e-02  7.7275694770e-04
 -2.00000   1.00000	-9.8527334116e-02  7.4619800565e-04
 -2.00000   2.00000	 8.5133810886e-02  7.1236380860e-04
 -2.00000   3.00000	-8.1299903922e-02  7.3299814770e-04
 -2.00000   4.00000	 7.8218103427e-02  7.6094979700e-04
 -1.00000  -3.00000	 8.0817329304e-02  7.2175007835e-04
 -1.00000  -2.00000	-9.8390168376e-02  7.5396433521e-04
 -1.00000  -1.00000	 1.0776746269e-01  8.3924248828e-04
 -1.00000   0.00000	-2.1875304976e-01  1.0375663888e-03
 -1.00000   1.00000	 1.0800334047e-01  8.0866606294e-04
 -1.00000   2.00000	-9.8656349116e-02  7.5949388380e-04
 -1.00000   3.00000	 8.1015099216e-02  7.5609080767e-04
 -1.00000   4.00000	-7.8427405867e-02  7.7291653450e-04
  0.00000  -3.00000	-8.1384561230e-02  7.4263823261e-04
  0.00000  -2.00000	 9.2841538794e-02  7.3462463679e-04
  0.00000  -1.00000	-2.1916499161e-01  9.2628761265e-04
  0.00000   0.00000	 7.3906986362e-01  1.6710853911e-03
  0.00000   1.00000	-2.1916499161e-01  9.2628761265e-04
  0.00000   2.00000	 9.2841538794e-02  7.3462463679e-04
  0.00000   3.00000	-8.1384561230e-02  7.4263823261e-04
  0.00000   4.00000	 7.8138361142e-02  7.6418723928e-04
  1.00000  -3.00000	 8.1015099216e-02  7.5609080767e-04
  1.00000  -2.00000	-9.8656349116e-02  7.5949388380e-04
  1.00000  -1.00000	 1.0800334047e-01  8.0866606294e-04
  1.00000   0.00000	-2.1875304976e-01  1.0375663888e-03
  1.00000   1.00000	 1.0776746269e-01  8.3924248828e-04
  1.00000   2.00000	-9.8390168376e-02  7.5396433521e-04
  1.00000   3.00000	 8.0817329304e-02  7.2175007835e-04
  1.00000   4.00000	-7.8427405867e-02  7.7291653450e-04
  2.00000  -3.00000	-8.1299903922e-02  7.3299814770e-04
  2.00000  -2.00000	 8.5133810886e-02  7.1236380860e-04
  2.00000  -1.00000	-9.8527334116e-02  7.4619800565e-04
  2.00000   0.00000	 9.2869383143e-02  7.7275694770e-04
  2.00000   1.00000	-9.8691099192e-02  7.9965211823e-04
  2.00000   2.00000	 8.5459592481e-02  7.8594903442e-04
  2.00000   3.00000	-8.1363897139e-02  7.1337915007e-04
  2.00000   4.00000	 7.8218103427e-02  7.6094979700e-04
  3.00000  -3.00000	 7.8287072609e-02  7.3251024565e-04
  3.00000  -2.00000	-8.1299699943e-02  7.2378968037e-04
  3.00000  -1.00000	 8.0806339688e-02  7.1138684387e-04
  3.00000   0.00000	-8.1425770616e-02  7.1411169139e-04
  3.00000   1.00000	 8.1170823527e-02  7.6815646109e-04
  3.00000   2.00000	-8.1572000455e-02  7.8351859582e-04
  3.00000   3.00000	 7.8432855221e-02  7.3263624108e-04
  3.00000   4.00000	-7.8255931274e-02  7.0337931286e-04
  4.00000  -3.00000	-7.8336735767e-02  7.6253103895e-04
  4.00000  -2.00000	 7.8101824190e-02  7.4294844244e-04
  4.00000  -1.00000	-7.8354202010e-02  7.3422970981e-04
  4.00000   0.00000	 7.8304695128e-02  7.1755040076e-04
  4.00000   1.00000	-7.8354202010e-02  7.3422970981e-04
  4.00000   2.00000	 7.8101824190e-02  7.4294844244e-04
  4.00000   3.00000	-7.8336735767e-02  7.6253103895e-04
  4.00000   4.00000	 7.8433905661e-02  7.5806224158e-04
