#    kx       ky   	              (0, 0)              	         trace over n_orb         
-2.35619 -2.35619	 1.0974767680e+00  2.7095681686e-03	 1.0974767680e+00  2.7095681686e-03
-2.35619 -1.57080	 7.7665736599e-01  1.6310647534e-03	 7.7665736599e-01  1.6310647534e-03
-2.35619 -0.78540	 6.1178242067e-01  1.4581753444e-03	 6.1178242067e-01  1.4581753444e-03
-2.35619  0.00000	 5.6170905224e-01  1.2628997204e-03	 5.6170905224e-01  1.2628997204e-03
-2.35619  0.78540	 6.1125942021e-01  1.0547875847e-03	 6.1125942021e-01  1.0547875847e-03
-2.35619  1.57080	 7.7756724858e-01  2.7640228703e-03	 7.7756724858e-01  2.7640228703e-03
-2.35619  2.35619	 1.0995946390e+00  3.0939116508e-03	 1.0995946390e+00  3.0939116508e-03
-2.35619  3.14159	 1.3037552385e+00  3.0839324357e-03	 1.3037552385e+00  3.0839324357e-03
-1.57080 -2.35619	 7.7991961591e-01  1.9451002622e-03	 7.7991961591e-01  1.9451002622e-03
-1.57080 -1.57080	 6.3158555137e-01  1.3205651792e-03	 6.3158555137e-01  1.3205651792e-03
-1.57080 -0.78540	 4.8574964148e-01  1.2158196948e-03	 4.8574964148e-01  1.2158196948e-03
-1.57080  0.00000	 4.3775525915e-01  8.8138720939e-04	 4.3775525915e-01  8.8138720939e-04
-1.57080  0.78540	 4.8523377412e-01  1.1280587960e-03	 4.8523377412e-01  1.1280587960e-03
-1.57080  1.57080	 6.3055831499e-01  1.3687004749e-03	 6.3055831499e-01  1.3687004749e-03
-1.57080  2.35619	 7.7509589854e-01  1.2912151954e-03	 7.7509589854e-01  1.2912151954e-03
-1.57080  3.14159	 8.2718828415e-01  1.6448064849e-03	 8.2718828415e-01  1.6448064849e-03
-0.78540 -2.35619	 6.1412661572e-01  1.4826214718e-03	 6.1412661572e-01  1.4826214718e-03
-0.78540 -1.57080	 4.8481222838e-01  9.3140791612e-04	 4.8481222838e-01  9.3140791612e-04
-0.78540 -0.78540	 3.2055057260e-01  7.7704288769e-04	 3.2055057260e-01  7.7704288769e-04
-0.78540  0.00000	 2.4275459386e-01  6.5710460210e-04	 2.4275459386e-01  6.5710460210e-04
-0.78540  0.78540	 3.2134542943e-01  9.4321906504e-04	 3.2134542943e-01  9.4321906504e-04
-0.78540  1.57080	 4.8492393610e-01  8.5082900233e-04	 4.8492393610e-01  8.5082900233e-04
-0.78540  2.35619	 6.1234983845e-01  1.0634109473e-03	 6.1234983845e-01  1.0634109473e-03
-0.78540  3.14159	 6.5157732816e-01  9.4928546319e-04	 6.5157732816e-01  9.4928546319e-04
 0.00000 -2.35619	 5.6314193422e-01  9.3161981455e-04	 5.6314193422e-01  9.3161981455e-04
 0.00000 -1.57080	 4.3916038673e-01  1.1371792626e-03	 4.3916038673e-01  1.1371792626e-03
 0.00000 -0.78540	 2.4308583558e-01  5.9705324880e-04	 2.4308583558e-01  5.9705324880e-04
 0.00000  0.00000	 1.2398977603e-01  7.2419668849e-04	 1.2398977603e-01  7.2419668849e-04
 0.00000  0.78540	 2.4308583558e-01  5.9705324880e-04	 2.4308583558e-01  5.9705324880e-04
 0.00000  1.57080	 4.3916038673e-01  1.1371792626e-03	 4.3916038673e-01  1.1371792626e-03
 0.00000  2.35619	 5.6314193422e-01  9.3161981455e-04	 5.6314193422e-01  9.3161981455e-04
 0.00000  3.14159	 6.0727938511e-01  1.1076115201e-03	 6.0727938511e-01  1.1076115201e-03
 0.78540 -2.35619	 6.1234983845e-01  1.0634109473e-03	 6.1234983845e-01  1.0634109473e-03
 0.78540 -1.57080	 4.8492393610e-01  8.5082900233e-04	 4.8492393610e-01  8.5082900233e-04
 0.78540 -0.78540	 3.2134542943e-01  9.4321906504e-04	 3.2134542943e-01  9.4321906504e-04
 0.78540  0.00000	 2.4275459386e-01  6.5710460210e-04	 2.4275459386e-01  6.5710460210e-04
 0.78540  0.78540	 3.2055057260e-01  7.7704288769e-04	 3.2055057260e-01  7.7704288769e-04
 0.78540  1.57080	 4.8481222838e-01  9.3140791612e-04	 4.8481222838e-01  9.3140791612e-04
 0.78540  2.35619	 6.1412661572e-01  1.4826214718e-03	 6.1412661572e-01  1.4826214718e-03
 0.78540  3.14159	 6.5157732816e-01  9.4928546319e-04	 6.5157732816e-01  9.4928546319e-04
 1.57080 -2.35619	 7.7509589854e-01  1.2912151954e-03	 7.7509589854e-01  1.2912151954e-03
 1.57080 -1.57080	 6.3055831499e-01  1.3687004749e-03	 6.3055831499e-01  1.3687004749e-03
 1.57080 -0.78540	 4.8523377412e-01  1.1280587960e-03	 4.8523377412e-01  1.1280587960e-03
 1.57080  0.00000	 4.3775525915e-01  8.8138720939e-04	 4.3775525915e-01  8.8138720939e-04
 1.57080  0.78540	 4.8574964148e-01  1.2158196948e-03	 4.8574964148e-01  1.2158196948e-03
 1.57080  1.57080	 6.3158555137e-01  1.3205651792e-03	 6.3158555137e-01  1.3205651792e-03
 1.57080  2.35619	 7.7991961591e-01  1.9451002622e-03	 7.7991961591e-01  1.9451002622e-03
 1.57080  3.14159	 8.2718828415e-01  1.6448064849e-03	 8.2718828415e-01  1.6448064849e-03
 2.35619 -2.35619	 1.0995946390e+00  3.0939116508e-03	 1.0995946390e+00  3.0939116508e-03
 2.35619 -1.57080	 7.7756724858e-01  2.7640228703e-03	 7.7756724858e-01  2.7640228703e-03
 2.35619 -0.78540	 6.1125942021e-01  1.0547875847e-03	 6.1125942021e-01  1.0547875847e-03
 2.35619  0.00000	 5.6170905224e-01  1.2628997204e-03	 5.6170905224e-01  1.2628997204e-03
 2.35619  0.78540	 6.1178242067e-01  1.4581753444e-03	 6.1178242067e-01  1.4581753444e-03
 2.35619  1.57080	 7.7665736599e-01  1.6310647534e-03	 7.7665736599e-01  1.6310647534e-03
 2.35619  2.35619	 1.0974767680e+00  2.7095681686e-03	 1.0974767680e+00  2.7095681686e-03
 2.35619  3.14159	 1.3037552385e+00  3.0839324357e-03	 1.3037552385e+00  3.0839324357e-03
 3.14159 -2.35619	 1.3045543362e+00  2.9963781969e-03	 1.3045543362e+00  2.9963781969e-03
 3.14159 -1.57080	 8.2693614525e-01  2.1350469336e-03	 8.2693614525e-01  2.1350469336e-03
 3.14159 -0.78540	 6.4963729949e-01  1.2051472761e-03	 6.4963729949e-01  1.2051472761e-03
 3.14159  0.00000	 6.0590998680e-01  1.4954821803e-03	 6.0590998680e-01  1.4954821803e-03
 3.14159  0.78540	 6.4963729949e-01  1.2051472761e-03	 6.4963729949e-01  1.2051472761e-03
 3.14159  1.57080	 8.2693614525e-01  2.1350469336e-03	 8.2693614525e-01  2.1350469336e-03
 3.14159  2.35619	 1.3045543362e+00  2.9963781969e-03	 1.3045543362e+00  2.9963781969e-03
 3.14159  3.14159	 6.6596021776e+00  4.8880496420e-02	 6.6596021776e+00  4.8880496420e-02
