#    kx       ky   	         trace over n_orb         
-2.35619 -2.35619	 9.7180724665e-02  3.6389220231e-04
-2.35619 -1.57080	 2.1172446206e-01  8.1951498179e-04
-2.35619 -0.78540	 1.0005507747e+00  1.8339032273e-03
-2.35619  0.00000	 1.5047213693e+00  1.6391880879e-03
-2.35619  0.78540	 1.0015630753e+00  1.6746656800e-03
-2.35619  1.57080	 2.1379526111e-01  8.3226217021e-04
-2.35619  2.35619	 9.7408054990e-02  3.5116369238e-04
-2.35619  3.14159	 7.8049464476e-02  2.9739460511e-04
-1.57080 -2.35619	 2.1101346323e-01  8.3619982329e-04
-1.57080 -1.57080	 1.0000000000e+00  2.3477739064e-14
-1.57080 -0.78540	 1.7889865368e+00  8.3619982329e-04
-1.57080  0.00000	 1.8549935024e+00  5.8655727786e-04
-1.57080  0.78540	 1.7880895497e+00  8.0342330230e-04
-1.57080  1.57080	 1.0000000000e+00  3.2874039337e-14
-1.57080  2.35619	 2.1191045033e-01  8.0342330230e-04
-1.57080  3.14159	 1.4500649764e-01  5.8655727786e-04
-0.78540 -2.35619	 9.9944922533e-01  1.8339032273e-03
-0.78540 -1.57080	 1.7882755379e+00  8.1951498179e-04
-0.78540 -0.78540	 1.9028192753e+00  3.6389220231e-04
-0.78540  0.00000	 1.9219505355e+00  2.9739460511e-04
-0.78540  0.78540	 1.9025919450e+00  3.5116369238e-04
-0.78540  1.57080	 1.7862047389e+00  8.3226217021e-04
-0.78540  2.35619	 9.9843692467e-01  1.6746656800e-03
-0.78540  3.14159	 4.9527863069e-01  1.6391880879e-03
 0.00000 -2.35619	 1.5017118181e+00  1.6365011950e-03
 0.00000 -1.57080	 1.8534837340e+00  5.5465910071e-04
 0.00000 -0.78540	 1.9217926748e+00  3.0906997216e-04
 0.00000  0.00000	 1.9360777272e+00  2.9343536642e-04
 0.00000  0.78540	 1.9217926748e+00  3.0906997216e-04
 0.00000  1.57080	 1.8534837340e+00  5.5465910071e-04
 0.00000  2.35619	 1.5017118181e+00  1.6365011950e-03
 0.00000  3.14159	 9.9935940340e-01  2.6732790300e-03
 0.78540 -2.35619	 9.9843692467e-01  1.6746656800e-03
 0.78540 -1.57080	 1.7862047389e+00  8.3226217021e-04
 0.78540 -0.78540	 1.9025919450e+00  3.5116369238e-04
 0.78540  0.00000	 1.9219505355e+00  2.9739460511e-04
 0.78540  0.78540	 1.9028192753e+00  3.6389220231e-04
 0.78540  1.57080	 1.7882755379e+00  8.1951498179e-04
 0.78540  2.35619	 9.9944922533e-01  1.8339032273e-03
 0.78540  3.14159	 4.9527863069e-01  1.6391880879e-03
 1.57080 -2.35619	 2.1191045033e-01  8.0342330230e-04
 1.57080 -1.57080	 1.0000000000e+00  3.2874039337e-14
 1.57080 -0.78540	 1.7880895497e+00  8.0342330230e-04
 1.57080  0.00000	 1.8549935024e+00  5.8655727786e-04
 1.57080  0.78540	 1.7889865368e+00  8.3619982329e-04
 1.57080  1.57080	 1.0000000000e+00  2.3477739064e-14
 1.57080  2.35619	 2.1101346323e-01  8.3619982329e-04
 1.57080  3.14159	 1.4500649764e-01  5.8655727786e-04
 2.35619 -2.35619	 9.7408054990e-02  3.5116369238e-04
 2.35619 -1.57080	 2.1379526111e-01  8.3226217021e-04
 2.35619 -0.78540	 1.0015630753e+00  1.6746656800e-03
 2.35619  0.00000	 1.5047213693e+00  1.6391880879e-03
 2.35619  0.78540	 1.0005507747e+00  1.8339032273e-03
 2.35619  1.57080	 2.1172446206e-01  8.1951498179e-04
 2.35619  2.35619	 9.7180724665e-02  3.6389220231e-04
 2.35619  3.14159	 7.8049464476e-02  2.9739460511e-04
 3.14159 -2.35619	 7.8207325235e-02  3.0906997215e-04
 3.14159 -1.57080	 1.4651626605e-01  5.5465910071e-04
 3.14159 -0.78540	 4.9828818189e-01  1.6365011950e-03
 3.14159  0.00000	 1.0006405966e+00  2.6732790300e-03
 3.14159  0.78540	 4.9828818189e-01  1.6365011950e-03
 3.14159  1.57080	 1.4651626605e-01  5.5465910071e-04
 3.14159  2.35619	 7.8207325235e-02  3.0906997215e-04
 3.14159  3.14159	 6.3922272847e-02  2.9343536641e-04
