#    rx       ry   	              (0, 0)              	         trace over n_orb         
 -3.00000  -3.00000	-6.7209098899e-05  1.2494515124e-04	-6.7209098899e-05  1.2494515124e-04
 -3.00000  -2.00000	 2.7124186507e-02  1.6380428416e-04	 2.7124186507e-02  1.6380428416e-04
 -3.00000  -1.00000	 6.9398664360e-05  1.2783999351e-04	 6.9398664360e-05  1.2783999351e-04
 -3.00000   0.00000	 3.8269837318e-03  1.5989253054e-04	 3.8269837318e-03  1.5989253054e-04
 -3.00000   1.00000	-1.5921369172e-04  1.3453235395e-04	-1.5921369172e-04  1.3453235395e-04
 -3.00000   2.00000	 2.6942680890e-02  1.5531666212e-04	 2.6942680890e-02  1.5531666212e-04
 -3.00000   3.00000	-7.3489954704e-05  1.0968103458e-04	-7.3489954704e-05  1.0968103458e-04
 -3.00000   4.00000	-1.4720602994e-02  1.5715646305e-04	-1.4720602994e-02  1.5715646305e-04
 -2.00000  -3.00000	 2.7042442492e-02  1.5471048785e-04	 2.7042442492e-02  1.5471048785e-04
 -2.00000  -2.00000	 6.9393059625e-05  1.2737082820e-04	 6.9393059625e-05  1.2737082820e-04
 -2.00000  -1.00000	-7.5481303987e-02  2.0001333188e-04	-7.5481303987e-02  2.0001333188e-04
 -2.00000   0.00000	 5.4187558025e-05  1.6978763199e-04	 5.4187558025e-05  1.6978763199e-04
 -2.00000   1.00000	-7.5112885172e-02  1.9715259518e-04	-7.5112885172e-02  1.9715259518e-04
 -2.00000   2.00000	 2.6032275045e-05  1.2250011214e-04	 2.6032275045e-05  1.2250011214e-04
 -2.00000   3.00000	 2.6893161546e-02  1.6565043701e-04	 2.6893161546e-02  1.6565043701e-04
 -2.00000   4.00000	 1.5247106858e-04  1.5055126631e-04	 1.5247106858e-04  1.5055126631e-04
 -1.00000  -3.00000	-1.2866609213e-04  1.1868536386e-04	-1.2866609213e-04  1.1868536386e-04
 -1.00000  -2.00000	-7.5275450361e-02  2.0230699223e-04	-7.5275450361e-02  2.0230699223e-04
 -1.00000  -1.00000	-9.0794085656e-05  1.3448190959e-04	-9.0794085656e-05  1.3448190959e-04
 -1.00000   0.00000	 3.3926136528e-01  2.9455321781e-04	 3.3926136528e-01  2.9455321781e-04
 -1.00000   1.00000	-1.0686511822e-04  1.6200227562e-04	-1.0686511822e-04  1.6200227562e-04
 -1.00000   2.00000	-7.5232709205e-02  2.1548211908e-04	-7.5232709205e-02  2.1548211908e-04
 -1.00000   3.00000	 2.6040256643e-05  1.2207259070e-04	 2.6040256643e-05  1.2207259070e-04
 -1.00000   4.00000	 1.9328287883e-03  1.5377349924e-04	 1.9328287883e-03  1.5377349924e-04
  0.00000  -3.00000	 3.7317573192e-03  1.6039547523e-04	 3.7317573192e-03  1.6039547523e-04
  0.00000  -2.00000	 2.5276782350e-04  1.4740706632e-04	 2.5276782350e-04  1.4740706632e-04
  0.00000  -1.00000	 3.4002131381e-01  3.0015309651e-04	 3.4002131381e-01  3.0015309651e-04
  0.00000   0.00000	 1.0000000000e+00  2.6875653784e-15	 1.0000000000e+00  2.6875653784e-15
  0.00000   1.00000	 3.4002131381e-01  3.0015309651e-04	 3.4002131381e-01  3.0015309651e-04
  0.00000   2.00000	-2.5276782351e-04  1.4740706632e-04	-2.5276782351e-04  1.4740706632e-04
  0.00000   3.00000	 3.7317573192e-03  1.6039547523e-04	 3.7317573192e-03  1.6039547523e-04
  0.00000   4.00000	-1.2523254261e-15  1.7690991807e-16	-1.2523254261e-15  1.7690991807e-16
  1.00000  -3.00000	-2.6040256646e-05  1.2207259070e-04	-2.6040256646e-05  1.2207259070e-04
  1.00000  -2.00000	-7.5232709205e-02  2.1548211908e-04	-7.5232709205e-02  2.1548211908e-04
  1.00000  -1.00000	 1.0686511822e-04  1.6200227562e-04	 1.0686511822e-04  1.6200227562e-04
  1.00000   0.00000	 3.3926136528e-01  2.9455321781e-04	 3.3926136528e-01  2.9455321781e-04
  1.00000   1.00000	 9.0794085655e-05  1.3448190959e-04	 9.0794085655e-05  1.3448190959e-04
  1.00000   2.00000	-7.5275450361e-02  2.0230699223e-04	-7.5275450361e-02  2.0230699223e-04
  1.00000   3.00000	 1.2866609213e-04  1.1868536386e-04	 1.2866609213e-04  1.1868536386e-04
  1.00000   4.00000	 1.9328287883e-03  1.5377349924e-04	 1.9328287883e-03  1.5377349924e-04
  2.00000  -3.00000	 2.6893161546e-02  1.6565043701e-04	 2.6893161546e-02  1.6565043701e-04
  2.00000  -2.00000	-2.6032275046e-05  1.2250011214e-04	-2.6032275046e-05  1.2250011214e-04
  2.00000  -1.00000	-7.5112885172e-02  1.9715259518e-04	-7.5112885172e-02  1.9715259518e-04
  2.00000   0.00000	-5.4187558029e-05  1.6978763199e-04	-5.4187558029e-05  1.6978763199e-04
  2.00000   1.00000	-7.5481303987e-02  2.0001333188e-04	-7.5481303987e-02  2.0001333188e-04
  2.00000   2.00000	-6.9393059627e-05  1.2737082820e-04	-6.9393059627e-05  1.2737082820e-04
  2.00000   3.00000	 2.7042442492e-02  1.5471048785e-04	 2.7042442492e-02  1.5471048785e-04
  2.00000   4.00000	-1.5247106858e-04  1.5055126631e-04	-1.5247106858e-04  1.5055126631e-04
  3.00000  -3.00000	 7.3489954704e-05  1.0968103458e-04	 7.3489954704e-05  1.0968103458e-04
  3.00000  -2.00000	 2.6942680890e-02  1.5531666212e-04	 2.6942680890e-02  1.5531666212e-04
  3.00000  -1.00000	 1.5921369172e-04  1.3453235395e-04	 1.5921369172e-04  1.3453235395e-04
  3.00000   0.00000	 3.8269837318e-03  1.5989253054e-04	 3.8269837318e-03  1.5989253054e-04
  3.00000   1.00000	-6.9398664362e-05  1.2783999351e-04	-6.9398664362e-05  1.2783999351e-04
  3.00000   2.00000	 2.7124186507e-02  1.6380428416e-04	 2.7124186507e-02  1.6380428416e-04
  3.00000   3.00000	 6.7209098899e-05  1.2494515124e-04	 6.7209098899e-05  1.2494515124e-04
  3.00000   4.00000	-1.4720602994e-02  1.5715646305e-04	-1.4720602994e-02  1.5715646305e-04
  4.00000  -3.00000	-1.4838076485e-02  1.5355266091e-04	-1.4838076485e-02  1.5355266091e-04
  4.00000  -2.00000	-1.3758673184e-04  1.3576377331e-04	-1.3758673184e-04  1.3576377331e-04
  4.00000  -1.00000	 1.9231714098e-03  1.5341180194e-04	 1.9231714098e-03  1.5341180194e-04
  4.00000   0.00000	-2.8727870690e-16  3.5594427363e-16	-2.8727870690e-16  3.5594427363e-16
  4.00000   1.00000	 1.9231714098e-03  1.5341180194e-04	 1.9231714098e-03  1.5341180194e-04
  4.00000   2.00000	 1.3758673184e-04  1.3576377331e-04	 1.3758673184e-04  1.3576377331e-04
  4.00000   3.00000	-1.4838076485e-02  1.5355266091e-04	-1.4838076485e-02  1.5355266091e-04
  4.00000   4.00000	-2.9475599707e-15  1.8643640835e-16	-2.9475599707e-15  1.8643640835e-16
