#    kx       ky   	         trace over n_orb         
-2.35619 -2.35619	 1.6108428623e-01  5.9563239217e-04
-2.35619 -1.57080	 2.4369740059e-01  7.9046754827e-04
-2.35619 -0.78540	 3.0881926542e-01  1.3424121617e-03
-2.35619  0.00000	 3.2670959392e-01  7.4077875795e-04
-2.35619  0.78540	 3.0650095871e-01  6.3897713676e-04
-2.35619  1.57080	 2.4359524499e-01  6.4362179122e-04
-2.35619  2.35619	 1.6163143891e-01  7.8262915122e-04
-2.35619  3.14159	 1.2144576866e-01  4.2920953024e-04
-1.57080 -2.35619	 2.4257861342e-01  5.5417751315e-04
-1.57080 -1.57080	 3.1717630577e-01  1.0815225295e-03
-1.57080 -0.78540	 3.9041373862e-01  1.3339194310e-03
-1.57080  0.00000	 4.1443795386e-01  1.2064701707e-03
-1.57080  0.78540	 3.8873953684e-01  1.0456871376e-03
-1.57080  1.57080	 3.1646099055e-01  1.1098348758e-03
-1.57080  2.35619	 2.4313230214e-01  8.7410245634e-04
-1.57080  3.14159	 2.1937213956e-01  7.2098525953e-04
-0.78540 -2.35619	 3.0571829324e-01  7.5244277199e-04
-0.78540 -1.57080	 3.8773662846e-01  8.7754775663e-04
-0.78540 -0.78540	 5.5017311958e-01  2.3472571042e-03
-0.78540  0.00000	 6.5323079156e-01  1.8858647479e-03
-0.78540  0.78540	 5.5206951817e-01  1.6642606270e-03
-0.78540  1.57080	 3.8763920600e-01  9.4592590161e-04
-0.78540  2.35619	 3.0540418593e-01  7.5111083503e-04
-0.78540  3.14159	 2.8053710069e-01  7.9168312828e-04
 0.00000 -2.35619	 3.2463741767e-01  9.1621546391e-04
 0.00000 -1.57080	 4.1329501414e-01  1.3527972548e-03
 0.00000 -0.78540	 6.5193672044e-01  1.7549106455e-03
 0.00000  0.00000	 3.3290089183e+00  3.2469477909e-02
 0.00000  0.78540	 6.5193672044e-01  1.7549106455e-03
 0.00000  1.57080	 4.1329501414e-01  1.3527972548e-03
 0.00000  2.35619	 3.2463741767e-01  9.1621546391e-04
 0.00000  3.14159	 3.0201446265e-01  8.3771798239e-04
 0.78540 -2.35619	 3.0540418593e-01  7.5111083503e-04
 0.78540 -1.57080	 3.8763920600e-01  9.4592590161e-04
 0.78540 -0.78540	 5.5206951817e-01  1.6642606270e-03
 0.78540  0.00000	 6.5323079156e-01  1.8858647479e-03
 0.78540  0.78540	 5.5017311958e-01  2.3472571042e-03
 0.78540  1.57080	 3.8773662846e-01  8.7754775663e-04
 0.78540  2.35619	 3.0571829324e-01  7.5244277199e-04
 0.78540  3.14159	 2.8053710069e-01  7.9168312828e-04
 1.57080 -2.35619	 2.4313230214e-01  8.7410245634e-04
 1.57080 -1.57080	 3.1646099055e-01  1.1098348758e-03
 1.57080 -0.78540	 3.8873953684e-01  1.0456871376e-03
 1.57080  0.00000	 4.1443795386e-01  1.2064701707e-03
 1.57080  0.78540	 3.9041373862e-01  1.3339194310e-03
 1.57080  1.57080	 3.1717630577e-01  1.0815225295e-03
 1.57080  2.35619	 2.4257861342e-01  5.5417751315e-04
 1.57080  3.14159	 2.1937213956e-01  7.2098525953e-04
 2.35619 -2.35619	 1.6163143891e-01  7.8262915122e-04
 2.35619 -1.57080	 2.4359524499e-01  6.4362179122e-04
 2.35619 -0.78540	 3.0650095871e-01  6.3897713676e-04
 2.35619  0.00000	 3.2670959392e-01  7.4077875795e-04
 2.35619  0.78540	 3.0881926542e-01  1.3424121617e-03
 2.35619  1.57080	 2.4369740059e-01  7.9046754827e-04
 2.35619  2.35619	 1.6108428623e-01  5.9563239217e-04
 2.35619  3.14159	 1.2144576866e-01  4.2920953024e-04
 3.14159 -2.35619	 1.2180688945e-01  3.8853232997e-04
 3.14159 -1.57080	 2.2083485408e-01  9.6822312440e-04
 3.14159 -0.78540	 2.8236067420e-01  7.0185093613e-04
 3.14159  0.00000	 3.0357556478e-01  7.0570279748e-04
 3.14159  0.78540	 2.8236067420e-01  7.0185093613e-04
 3.14159  1.57080	 2.2083485408e-01  9.6822312440e-04
 3.14159  2.35619	 1.2180688945e-01  3.8853232997e-04
 3.14159  3.14159	 6.2288199435e-02  5.1651472843e-04
