#    rx       ry   	              (0, 0)              	         trace over n_orb         
 -3.00000  -3.00000	 3.9248043559e-02  4.8889330894e-04	 3.9248043559e-02  4.8889330894e-04
 -3.00000  -2.00000	 4.0694065012e-02  4.8705273214e-04	 4.0694065012e-02  4.8705273214e-04
 -3.00000  -1.00000	 4.0449496618e-02  4.8226193975e-04	 4.0449496618e-02  4.8226193975e-04
 -3.00000   0.00000	 4.0691266926e-02  4.9478054777e-04	 4.0691266926e-02  4.9478054777e-04
 -3.00000   1.00000	 4.0369991416e-02  4.9728427055e-04	 4.0369991416e-02  4.9728427055e-04
 -3.00000   2.00000	 4.0583766985e-02  5.0525291275e-04	 4.0583766985e-02  5.0525291275e-04
 -3.00000   3.00000	 3.9240312384e-02  5.3485843118e-04	 3.9240312384e-02  5.3485843118e-04
 -3.00000   4.00000	 3.9180888028e-02  4.8839581776e-04	 3.9180888028e-02  4.8839581776e-04
 -2.00000  -3.00000	 4.0749139473e-02  4.9677574408e-04	 4.0749139473e-02  4.9677574408e-04
 -2.00000  -2.00000	 4.2788027267e-02  5.2475459736e-04	 4.2788027267e-02  5.2475459736e-04
 -2.00000  -1.00000	 4.9341256785e-02  5.1512439816e-04	 4.9341256785e-02  5.1512439816e-04
 -2.00000   0.00000	 4.6281361306e-02  4.8781721253e-04	 4.6281361306e-02  4.8781721253e-04
 -2.00000   1.00000	 4.9192758218e-02  4.9123921855e-04	 4.9192758218e-02  4.9123921855e-04
 -2.00000   2.00000	 4.2470779436e-02  4.7779089956e-04	 4.2470779436e-02  4.7779089956e-04
 -2.00000   3.00000	 4.0601232549e-02  5.0363868847e-04	 4.0601232549e-02  5.0363868847e-04
 -2.00000   4.00000	 3.9039016885e-02  4.9250507021e-04	 3.9039016885e-02  4.9250507021e-04
 -1.00000  -3.00000	 4.0439040832e-02  5.0390792979e-04	 4.0439040832e-02  5.0390792979e-04
 -1.00000  -2.00000	 4.9284467879e-02  5.0476286459e-04	 4.9284467879e-02  5.0476286459e-04
 -1.00000  -1.00000	 5.3958308214e-02  5.3211936092e-04	 5.3958308214e-02  5.3211936092e-04
 -1.00000   0.00000	 1.0914914200e-01  6.1768979491e-04	 1.0914914200e-01  6.1768979491e-04
 -1.00000   1.00000	 5.4067257712e-02  5.3107852094e-04	 5.4067257712e-02  5.3107852094e-04
 -1.00000   2.00000	 4.9452656163e-02  5.5665257152e-04	 4.9452656163e-02  5.5665257152e-04
 -1.00000   3.00000	 4.0440935553e-02  5.0594343763e-04	 4.0440935553e-02  5.0594343763e-04
 -1.00000   4.00000	 3.9108699094e-02  4.9611197534e-04	 3.9108699094e-02  4.9611197534e-04
  0.00000  -3.00000	 4.0641497250e-02  4.8936376541e-04	 4.0641497250e-02  4.8936376541e-04
  0.00000  -2.00000	 4.6366914883e-02  4.9048805128e-04	 4.6366914883e-02  4.9048805128e-04
  0.00000  -1.00000	 1.0980626781e-01  6.1281114596e-04	 1.0980626781e-01  6.1281114596e-04
  0.00000   0.00000	 3.7005061014e-01  1.0599434437e-03	 3.7005061014e-01  1.0599434437e-03
  0.00000   1.00000	 1.0980626781e-01  6.1281114596e-04	 1.0980626781e-01  6.1281114596e-04
  0.00000   2.00000	 4.6366914883e-02  4.9048805128e-04	 4.6366914883e-02  4.9048805128e-04
  0.00000   3.00000	 4.0641497250e-02  4.8936376541e-04	 4.0641497250e-02  4.8936376541e-04
  0.00000   4.00000	 3.8987675201e-02  5.0972012310e-04	 3.8987675201e-02  5.0972012310e-04
  1.00000  -3.00000	 4.0440935553e-02  5.0594343763e-04	 4.0440935553e-02  5.0594343763e-04
  1.00000  -2.00000	 4.9452656163e-02  5.5665257152e-04	 4.9452656163e-02  5.5665257152e-04
  1.00000  -1.00000	 5.4067257712e-02  5.3107852094e-04	 5.4067257712e-02  5.3107852094e-04
  1.00000   0.00000	 1.0914914200e-01  6.1768979491e-04	 1.0914914200e-01  6.1768979491e-04
  1.00000   1.00000	 5.3958308214e-02  5.3211936092e-04	 5.3958308214e-02  5.3211936092e-04
  1.00000   2.00000	 4.9284467879e-02  5.0476286459e-04	 4.9284467879e-02  5.0476286459e-04
  1.00000   3.00000	 4.0439040832e-02  5.0390792979e-04	 4.0439040832e-02  5.0390792979e-04
  1.00000   4.00000	 3.9108699094e-02  4.9611197534e-04	 3.9108699094e-02  4.9611197534e-04
  2.00000  -3.00000	 4.0601232549e-02  5.0363868847e-04	 4.0601232549e-02  5.0363868847e-04
  2.00000  -2.00000	 4.2470779436e-02  4.7779089956e-04	 4.2470779436e-02  4.7779089956e-04
  2.00000  -1.00000	 4.9192758218e-02  4.9123921855e-04	 4.9192758218e-02  4.9123921855e-04
  2.00000   0.00000	 4.6281361306e-02  4.8781721253e-04	 4.6281361306e-02  4.8781721253e-04
  2.00000   1.00000	 4.9341256785e-02  5.1512439816e-04	 4.9341256785e-02  5.1512439816e-04
  2.00000   2.00000	 4.2788027267e-02  5.2475459736e-04	 4.2788027267e-02  5.2475459736e-04
  2.00000   3.00000	 4.0749139473e-02  4.9677574408e-04	 4.0749139473e-02  4.9677574408e-04
  2.00000   4.00000	 3.9039016885e-02  4.9250507021e-04	 3.9039016885e-02  4.9250507021e-04
  3.00000  -3.00000	 3.9240312384e-02  5.3485843118e-04	 3.9240312384e-02  5.3485843118e-04
  3.00000  -2.00000	 4.0583766985e-02  5.0525291275e-04	 4.0583766985e-02  5.0525291275e-04
  3.00000  -1.00000	 4.0369991416e-02  4.9728427055e-04	 4.0369991416e-02  4.9728427055e-04
  3.00000   0.00000	 4.0691266926e-02  4.9478054777e-04	 4.0691266926e-02  4.9478054777e-04
  3.00000   1.00000	 4.0449496618e-02  4.8226193975e-04	 4.0449496618e-02  4.8226193975e-04
  3.00000   2.00000	 4.0694065012e-02  4.8705273214e-04	 4.0694065012e-02  4.8705273214e-04
  3.00000   3.00000	 3.9248043559e-02  4.8889330894e-04	 3.9248043559e-02  4.8889330894e-04
  3.00000   4.00000	 3.9180888028e-02  4.8839581776e-04	 3.9180888028e-02  4.8839581776e-04
  4.00000  -3.00000	 3.9155216239e-02  5.2864733804e-04	 3.9155216239e-02  5.2864733804e-04
  4.00000  -2.00000	 3.8913491459e-02  4.7668468124e-04	 3.8913491459e-02  4.7668468124e-04
  4.00000  -1.00000	 3.9047859303e-02  4.7637694167e-04	 3.9047859303e-02  4.7637694167e-04
  4.00000   0.00000	 3.9051060071e-02  5.0479264337e-04	 3.9051060071e-02  5.0479264337e-04
  4.00000   1.00000	 3.9047859303e-02  4.7637694167e-04	 3.9047859303e-02  4.7637694167e-04
  4.00000   2.00000	 3.8913491459e-02  4.7668468124e-04	 3.8913491459e-02  4.7668468124e-04
  4.00000   3.00000	 3.9155216239e-02  5.2864733804e-04	 3.9155216239e-02  5.2864733804e-04
  4.00000   4.00000	 3.9413258409e-02  5.6645064040e-04	 3.9413258409e-02  5.6645064040e-04
