#    rx       ry   	              (0, 0)              	         trace over n_orb         
 -3.00000  -3.00000	-3.6572450747e-04  1.3011765688e-04	-3.6572450747e-04  1.3011765688e-04
 -3.00000  -2.00000	-5.3143251991e-04  1.3774436404e-04	-5.3143251991e-04  1.3774436404e-04
 -3.00000  -1.00000	-3.4985970609e-04  1.7823341268e-04	-3.4985970609e-04  1.7823341268e-04
 -3.00000   0.00000	-3.0420620108e-04  1.1679456741e-04	-3.0420620108e-04  1.1679456741e-04
 -3.00000   1.00000	-4.5000299251e-04  1.2641588128e-04	-4.5000299251e-04  1.2641588128e-04
 -3.00000   2.00000	-2.2874705887e-04  1.1386817556e-04	-2.2874705887e-04  1.1386817556e-04
 -3.00000   3.00000	-1.7240125327e-04  9.7901026426e-05	-1.7240125327e-04  9.7901026426e-05
 -3.00000   4.00000	-2.2787737442e-04  1.4870815880e-04	-2.2787737442e-04  1.4870815880e-04
 -2.00000  -3.00000	-5.1753204737e-04  1.4784638964e-04	-5.1753204737e-04  1.4784638964e-04
 -2.00000  -2.00000	-9.4460083293e-04  1.2419032313e-04	-9.4460083293e-04  1.2419032313e-04
 -2.00000  -1.00000	-2.1478878170e-03  1.8085430696e-04	-2.1478878170e-03  1.8085430696e-04
 -2.00000   0.00000	-1.6889969889e-03  1.1757296289e-04	-1.6889969889e-03  1.1757296289e-04
 -2.00000   1.00000	-2.4213087992e-03  1.3761361209e-04	-2.4213087992e-03  1.3761361209e-04
 -2.00000   2.00000	-1.3345754107e-03  1.0450222724e-04	-1.3345754107e-03  1.0450222724e-04
 -2.00000   3.00000	-5.6153035248e-04  1.1018083864e-04	-5.6153035248e-04  1.1018083864e-04
 -2.00000   4.00000	-2.4336084424e-04  1.2858905625e-04	-2.4336084424e-04  1.2858905625e-04
 -1.00000  -3.00000	-3.6196952292e-04  1.0838378236e-04	-3.6196952292e-04  1.0838378236e-04
 -1.00000  -2.00000	-2.1741797674e-03  1.3193696504e-04	-2.1741797674e-03  1.3193696504e-04
 -1.00000  -1.00000	-6.1586944389e-03  1.5255716441e-04	-6.1586944389e-03  1.5255716441e-04
 -1.00000   0.00000	-4.6560017037e-02  2.8046681858e-04	-4.6560017037e-02  2.8046681858e-04
 -1.00000   1.00000	-6.2650665636e-03  1.7167459067e-04	-6.2650665636e-03  1.7167459067e-04
 -1.00000   2.00000	-2.3226022331e-03  1.3078286657e-04	-2.3226022331e-03  1.3078286657e-04
 -1.00000   3.00000	-7.2674582931e-04  1.9179448857e-04	-7.2674582931e-04  1.9179448857e-04
 -1.00000   4.00000	-1.3847582562e-04  1.6766279705e-04	-1.3847582562e-04  1.6766279705e-04
  0.00000  -3.00000	-4.1519053418e-04  1.6174487644e-04	-4.1519053418e-04  1.6174487644e-04
  0.00000  -2.00000	-1.4538404413e-03  1.2176426481e-04	-1.4538404413e-03  1.2176426481e-04
  0.00000  -1.00000	-4.6200972319e-02  2.4405952494e-04	-4.6200972319e-02  2.4405952494e-04
  0.00000   0.00000	 2.6093013638e-01  1.6710853911e-03	 2.6093013638e-01  1.6710853911e-03
  0.00000   1.00000	-4.6200972319e-02  2.4405952494e-04	-4.6200972319e-02  2.4405952494e-04
  0.00000   2.00000	-1.4538404413e-03  1.2176426481e-04	-1.4538404413e-03  1.2176426481e-04
  0.00000   3.00000	-4.1519053418e-04  1.6174487644e-04	-4.1519053418e-04  1.6174487644e-04
  0.00000   4.00000	 5.6843010677e-05  2.0387082766e-04	 5.6843010677e-05  2.0387082766e-04
  1.00000  -3.00000	-7.2674582931e-04  1.9179448857e-04	-7.2674582931e-04  1.9179448857e-04
  1.00000  -2.00000	-2.3226022331e-03  1.3078286657e-04	-2.3226022331e-03  1.3078286657e-04
  1.00000  -1.00000	-6.2650665636e-03  1.7167459067e-04	-6.2650665636e-03  1.7167459067e-04
  1.00000   0.00000	-4.6560017037e-02  2.8046681858e-04	-4.6560017037e-02  2.8046681858e-04
  1.00000   1.00000	-6.1586944389e-03  1.5255716441e-04	-6.1586944389e-03  1.5255716441e-04
  1.00000   2.00000	-2.1741797674e-03  1.3193696504e-04	-2.1741797674e-03  1.3193696504e-04
  1.00000   3.00000	-3.6196952292e-04  1.0838378236e-04	-3.6196952292e-04  1.0838378236e-04
  1.00000   4.00000	-1.3847582562e-04  1.6766279705e-04	-1.3847582562e-04  1.6766279705e-04
  2.00000  -3.00000	-5.6153035248e-04  1.1018083864e-04	-5.6153035248e-04  1.1018083864e-04
  2.00000  -2.00000	-1.3345754107e-03  1.0450222724e-04	-1.3345754107e-03  1.0450222724e-04
  2.00000  -1.00000	-2.4213087992e-03  1.3761361209e-04	-2.4213087992e-03  1.3761361209e-04
  2.00000   0.00000	-1.6889969889e-03  1.1757296289e-04	-1.6889969889e-03  1.1757296289e-04
  2.00000   1.00000	-2.1478878170e-03  1.8085430696e-04	-2.1478878170e-03  1.8085430696e-04
  2.00000   2.00000	-9.4460083293e-04  1.2419032313e-04	-9.4460083293e-04  1.2419032313e-04
  2.00000   3.00000	-5.1753204737e-04  1.4784638964e-04	-5.1753204737e-04  1.4784638964e-04
  2.00000   4.00000	-2.4336084424e-04  1.2858905625e-04	-2.4336084424e-04  1.2858905625e-04
  3.00000  -3.00000	-1.7240125327e-04  9.7901026426e-05	-1.7240125327e-04  9.7901026426e-05
  3.00000  -2.00000	-2.2874705887e-04  1.1386817556e-04	-2.2874705887e-04  1.1386817556e-04
  3.00000  -1.00000	-4.5000299251e-04  1.2641588128e-04	-4.5000299251e-04  1.2641588128e-04
  3.00000   0.00000	-3.0420620108e-04  1.1679456741e-04	-3.0420620108e-04  1.1679456741e-04
  3.00000   1.00000	-3.4985970609e-04  1.7823341268e-04	-3.4985970609e-04  1.7823341268e-04
  3.00000   2.00000	-5.3143251991e-04  1.3774436404e-04	-5.3143251991e-04  1.3774436404e-04
  3.00000   3.00000	-3.6572450747e-04  1.3011765688e-04	-3.6572450747e-04  1.3011765688e-04
  3.00000   4.00000	-2.2787737442e-04  1.4870815880e-04	-2.2787737442e-04  1.4870815880e-04
  4.00000  -3.00000	-3.1784630480e-04  1.2170363851e-04	-3.1784630480e-04  1.2170363851e-04
  4.00000  -2.00000	-4.1334649696e-04  1.3104216064e-04	-4.1334649696e-04  1.3104216064e-04
  4.00000  -1.00000	-9.2747563437e-05  1.4783772226e-04	-9.2747563437e-05  1.4783772226e-04
  4.00000   0.00000	-2.4143726836e-04  1.7431041044e-04	-2.4143726836e-04  1.7431041044e-04
  4.00000   1.00000	-9.2747563437e-05  1.4783772226e-04	-9.2747563437e-05  1.4783772226e-04
  4.00000   2.00000	-4.1334649696e-04  1.3104216064e-04	-4.1334649696e-04  1.3104216064e-04
  4.00000   3.00000	-3.1784630480e-04  1.2170363851e-04	-3.1784630480e-04  1.2170363851e-04
  4.00000   4.00000	-4.6753820217e-04  2.4080086841e-04	-4.6753820217e-04  2.4080086841e-04
