#    kx       ky   	         trace over n_orb         
-2.35619 -2.35619	 3.8433227125e-01  2.8049201196e-03
-2.35619 -1.57080	 3.2081329964e-01  1.9333459522e-03
-2.35619 -0.78540	 2.7056731836e-01  1.7533895536e-03
-2.35619  0.00000	 2.5028694440e-01  1.3912110712e-03
-2.35619  0.78540	 2.7238997673e-01  1.2590936527e-03
-2.35619  1.57080	 3.2236968190e-01  2.8359094213e-03
-2.35619  2.35619	 3.7930003773e-01  3.5022044968e-03
-2.35619  3.14159	 4.0899367273e-01  3.5712337499e-03
-1.57080 -2.35619	 3.2100031141e-01  2.1906605777e-03
-1.57080 -1.57080	 2.6229519592e-01  1.4946676588e-03
-1.57080 -0.78540	 2.0222240365e-01  1.3923891304e-03
-1.57080  0.00000	 1.7940024679e-01  1.2022229830e-03
-1.57080  0.78540	 2.0219612316e-01  1.4150530314e-03
-1.57080  1.57080	 2.6188054208e-01  1.7689212465e-03
-1.57080  2.35619	 3.2438214342e-01  1.6948576813e-03
-1.57080  3.14159	 3.4803721777e-01  2.1800570551e-03
-0.78540 -2.35619	 2.7093143143e-01  1.5955069766e-03
-0.78540 -1.57080	 2.0290740301e-01  1.1291087619e-03
-0.78540 -0.78540	 1.1597626147e-01  9.6935888348e-04
-0.78540  0.00000	 7.5712570501e-02  8.0385894432e-04
-0.78540  0.78540	 1.1475890588e-01  1.1635815042e-03
-0.78540  1.57080	 2.0321754000e-01  1.1797716556e-03
-0.78540  2.35619	 2.7074147440e-01  1.4109705095e-03
-0.78540  3.14159	 2.9708004658e-01  1.2739360401e-03
 0.00000 -2.35619	 2.5133189846e-01  1.2672820908e-03
 0.00000 -1.57080	 1.7722359404e-01  1.3364147588e-03
 0.00000 -0.78540	 7.5573719691e-02  8.4390089270e-04
 0.00000  0.00000	 6.9435136146e-03  8.4271376625e-04
 0.00000  0.78540	 7.5573719691e-02  8.4390089270e-04
 0.00000  1.57080	 1.7722359404e-01  1.3364147588e-03
 0.00000  2.35619	 2.5133189846e-01  1.2672820908e-03
 0.00000  3.14159	 2.7620270006e-01  1.6310321297e-03
 0.78540 -2.35619	 2.7074147440e-01  1.4109705095e-03
 0.78540 -1.57080	 2.0321754000e-01  1.1797716556e-03
 0.78540 -0.78540	 1.1475890588e-01  1.1635815042e-03
 0.78540  0.00000	 7.5712570501e-02  8.0385894432e-04
 0.78540  0.78540	 1.1597626147e-01  9.6935888348e-04
 0.78540  1.57080	 2.0290740301e-01  1.1291087619e-03
 0.78540  2.35619	 2.7093143143e-01  1.5955069766e-03
 0.78540  3.14159	 2.9708004658e-01  1.2739360401e-03
 1.57080 -2.35619	 3.2438214342e-01  1.6948576813e-03
 1.57080 -1.57080	 2.6188054208e-01  1.7689212465e-03
 1.57080 -0.78540	 2.0219612316e-01  1.4150530314e-03
 1.57080  0.00000	 1.7940024679e-01  1.2022229830e-03
 1.57080  0.78540	 2.0222240365e-01  1.3923891304e-03
 1.57080  1.57080	 2.6229519592e-01  1.4946676588e-03
 1.57080  2.35619	 3.2100031141e-01  2.1906605777e-03
 1.57080  3.14159	 3.4803721777e-01  2.1800570551e-03
 2.35619 -2.35619	 3.7930003773e-01  3.5022044968e-03
 2.35619 -1.57080	 3.2236968190e-01  2.8359094213e-03
 2.35619 -0.78540	 2.7238997673e-01  1.2590936527e-03
 2.35619  0.00000	 2.5028694440e-01  1.3912110712e-03
 2.35619  0.78540	 2.7056731836e-01  1.7533895536e-03
 2.35619  1.57080	 3.2081329964e-01  1.9333459522e-03
 2.35619  2.35619	 3.8433227125e-01  2.8049201196e-03
 2.35619  3.14159	 4.0899367273e-01  3.5712337499e-03
 3.14159 -2.35619	 4.0811764328e-01  3.6700621888e-03
 3.14159 -1.57080	 3.4735556249e-01  2.3424502451e-03
 3.14159 -0.78540	 2.9689474052e-01  1.3853704884e-03
 3.14159  0.00000	 2.7379703807e-01  1.9265947751e-03
 3.14159  0.78540	 2.9689474052e-01  1.3853704884e-03
 3.14159  1.57080	 3.4735556249e-01  2.3424502451e-03
 3.14159  2.35619	 4.0811764328e-01  3.6700621888e-03
 3.14159  3.14159	 5.0600983578e-01  4.0541751176e-02
