#    rx       ry   	         trace over n_orb         
 -3.00000  -3.00000	 6.2096734049e-04  6.2874632231e-04
 -3.00000  -2.00000	-1.1161665031e-03  6.9959676943e-04
 -3.00000  -1.00000	 6.9799941979e-04  6.5113303432e-04
 -3.00000   0.00000	-1.5200852240e-03  6.0159645949e-04
 -3.00000   1.00000	 8.8216784807e-04  5.8791174185e-04
 -3.00000   2.00000	-1.5867147878e-03  5.8885539603e-04
 -3.00000   3.00000	 1.0219460521e-03  6.1386002368e-04
 -3.00000   4.00000	-1.4961238005e-03  5.9568802601e-04
 -2.00000  -3.00000	-1.4699794518e-03  5.6973803999e-04
 -2.00000  -2.00000	-1.3270718028e-04  6.6308481634e-04
 -2.00000  -1.00000	-3.5815598627e-03  6.5947327622e-04
 -2.00000   0.00000	-4.2001506077e-04  6.4000984274e-04
 -2.00000   1.00000	-3.5833190374e-03  6.1417190233e-04
 -2.00000   2.00000	 3.5993597251e-04  5.7964813467e-04
 -2.00000   3.00000	-1.6275192855e-03  5.9909053846e-04
 -2.00000   4.00000	 6.9767116924e-04  6.4639364767e-04
 -1.00000  -3.00000	 8.4664919838e-04  5.7432232317e-04
 -1.00000  -2.00000	-3.5136898457e-03  6.3913882680e-04
 -1.00000  -1.00000	-4.7695707402e-03  7.3022554013e-04
 -1.00000   0.00000	-4.8265481288e-02  8.6878427137e-04
 -1.00000   1.00000	-4.8301622353e-03  6.8821367322e-04
 -1.00000   2.00000	-3.5582240680e-03  6.4177846287e-04
 -1.00000   3.00000	 8.9920452504e-04  6.3341645209e-04
 -1.00000   4.00000	-1.0260970054e-03  6.4567084540e-04
  0.00000  -3.00000	-1.5695840293e-03  6.0550972661e-04
  0.00000  -2.00000	-2.2111176759e-04  6.1462436644e-04
  0.00000  -1.00000	-4.8395863936e-02  8.2712566297e-04
  0.00000   0.00000	 2.6093021008e-01  1.6710893482e-03
  0.00000   1.00000	-4.8395863936e-02  8.2712566297e-04
  0.00000   2.00000	-2.2111176759e-04  6.1462436644e-04
  0.00000   3.00000	-1.5695840293e-03  6.0550972661e-04
  0.00000   4.00000	 8.8541877396e-04  6.5328287084e-04
  1.00000  -3.00000	 8.9920452504e-04  6.3341645209e-04
  1.00000  -2.00000	-3.5582240680e-03  6.4177846287e-04
  1.00000  -1.00000	-4.8301622353e-03  6.8821367322e-04
  1.00000   0.00000	-4.8265481288e-02  8.6878427137e-04
  1.00000   1.00000	-4.7695707402e-03  7.3022554013e-04
  1.00000   2.00000	-3.5136898457e-03  6.3913882680e-04
  1.00000   3.00000	 8.4664919838e-04  5.7432232317e-04
  1.00000   4.00000	-1.0260970054e-03  6.4567084540e-04
  2.00000  -3.00000	-1.6275192855e-03  5.9909053846e-04
  2.00000  -2.00000	 3.5993597251e-04  5.7964813467e-04
  2.00000  -1.00000	-3.5833190374e-03  6.1417190233e-04
  2.00000   0.00000	-4.2001506077e-04  6.4000984274e-04
  2.00000   1.00000	-3.5815598627e-03  6.5947327622e-04
  2.00000   2.00000	-1.3270718028e-04  6.6308481634e-04
  2.00000   3.00000	-1.4699794518e-03  5.6973803999e-04
  2.00000   4.00000	 6.9767116924e-04  6.4639364767e-04
  3.00000  -3.00000	 1.0219460521e-03  6.1386002368e-04
  3.00000  -2.00000	-1.5867147878e-03  5.8885539603e-04
  3.00000  -1.00000	 8.8216784807e-04  5.8791174185e-04
  3.00000   0.00000	-1.5200852240e-03  6.0159645949e-04
  3.00000   1.00000	 6.9799941979e-04  6.5113303432e-04
  3.00000   2.00000	-1.1161665031e-03  6.9959676943e-04
  3.00000   3.00000	 6.2096734049e-04  6.2874632231e-04
  3.00000   4.00000	-1.4961238005e-03  5.9568802601e-04
  4.00000  -3.00000	-1.3091326398e-03  6.5592235847e-04
  4.00000  -2.00000	 8.5605637947e-04  6.5055406555e-04
  4.00000  -1.00000	-1.1470397763e-03  6.3783108405e-04
  4.00000   0.00000	 9.0653282571e-04  6.2671887110e-04
  4.00000   1.00000	-1.1470397763e-03  6.3783108405e-04
  4.00000   2.00000	 8.5605637947e-04  6.5055406555e-04
  4.00000   3.00000	-1.3091326398e-03  6.5592235847e-04
  4.00000   4.00000	 7.3645117905e-04  6.5594096853e-04
