#    kx       ky   	              (0, 0)              	         trace over n_orb         
-2.35619 -2.35619	 3.8094938582e-01  2.0757791495e-03	 3.8094938582e-01  2.0757791495e-03
-2.35619 -1.57080	 3.2306510705e-01  1.7366789814e-03	 3.2306510705e-01  1.7366789814e-03
-2.35619 -0.78540	 2.7236401143e-01  1.4685600706e-03	 2.7236401143e-01  1.4685600706e-03
-2.35619  0.00000	 2.5342542871e-01  1.2595530573e-03	 2.5342542871e-01  1.2595530573e-03
-2.35619  0.78540	 2.7154617732e-01  1.4404304834e-03	 2.7154617732e-01  1.4404304834e-03
-2.35619  1.57080	 3.2303822155e-01  2.1825942426e-03	 3.2303822155e-01  2.1825942426e-03
-2.35619  2.35619	 3.8050821435e-01  2.0673243126e-03	 3.8050821435e-01  2.0673243126e-03
-2.35619  3.14159	 4.0658608758e-01  2.1875883441e-03	 4.0658608758e-01  2.1875883441e-03
-1.57080 -2.35619	 3.2272779867e-01  2.0963977588e-03	 3.2272779867e-01  2.0963977588e-03
-1.57080 -1.57080	 2.6371338692e-01  1.3217494027e-03	 2.6371338692e-01  1.3217494027e-03
-1.57080 -0.78540	 2.0260322064e-01  1.6323806195e-03	 2.0260322064e-01  1.6323806195e-03
-1.57080  0.00000	 1.8127321745e-01  1.3296370339e-03	 1.8127321745e-01  1.3296370339e-03
-1.57080  0.78540	 2.0486152278e-01  1.4291279496e-03	 2.0486152278e-01  1.4291279496e-03
-1.57080  1.57080	 2.6210351371e-01  1.9444828414e-03	 2.6210351371e-01  1.9444828414e-03
-1.57080  2.35619	 3.2371622937e-01  1.7891363160e-03	 3.2371622937e-01  1.7891363160e-03
-1.57080  3.14159	 3.4782820166e-01  1.8617670502e-03	 3.4782820166e-01  1.8617670502e-03
-0.78540 -2.35619	 2.7096554762e-01  2.0630028299e-03	 2.7096554762e-01  2.0630028299e-03
-0.78540 -1.57080	 2.0314493661e-01  1.6923340258e-03	 2.0314493661e-01  1.6923340258e-03
-0.78540 -0.78540	 1.1704141322e-01  2.1689997327e-03	 1.1704141322e-01  2.1689997327e-03
-0.78540  0.00000	 7.8179514930e-02  1.6239223253e-03	 7.8179514930e-02  1.6239223253e-03
-0.78540  0.78540	 1.1848716864e-01  1.4967808354e-03	 1.1848716864e-01  1.4967808354e-03
-0.78540  1.57080	 2.0392622363e-01  1.4973012647e-03	 2.0392622363e-01  1.4973012647e-03
-0.78540  2.35619	 2.7125566699e-01  1.6236401661e-03	 2.7125566699e-01  1.6236401661e-03
-0.78540  3.14159	 2.9813995878e-01  1.4925840845e-03	 2.9813995878e-01  1.4925840845e-03
 0.00000 -2.35619	 2.5109799293e-01  2.4426467977e-03	 2.5109799293e-01  2.4426467977e-03
 0.00000 -1.57080	 1.7958038795e-01  1.7750780232e-03	 1.7958038795e-01  1.7750780232e-03
 0.00000 -0.78540	 7.8153722369e-02  1.4448471811e-03	 7.8153722369e-02  1.4448471811e-03
 0.00000  0.00000	 7.7108543734e-03  1.9160559272e-03	 7.7108543734e-03  1.9160559272e-03
 0.00000  0.78540	 7.8153722369e-02  1.4448471811e-03	 7.8153722369e-02  1.4448471811e-03
 0.00000  1.57080	 1.7958038795e-01  1.7750780232e-03	 1.7958038795e-01  1.7750780232e-03
 0.00000  2.35619	 2.5109799293e-01  2.4426467977e-03	 2.5109799293e-01  2.4426467977e-03
 0.00000  3.14159	 2.7753186466e-01  1.7201936267e-03	 2.7753186466e-01  1.7201936267e-03
 0.78540 -2.35619	 2.7125566699e-01  1.6236401661e-03	 2.7125566699e-01  1.6236401661e-03
 0.78540 -1.57080	 2.0392622363e-01  1.4973012647e-03	 2.0392622363e-01  1.4973012647e-03
 0.78540 -0.78540	 1.1848716864e-01  1.4967808354e-03	 1.1848716864e-01  1.4967808354e-03
 0.78540  0.00000	 7.8179514930e-02  1.6239223253e-03	 7.8179514930e-02  1.6239223253e-03
 0.78540  0.78540	 1.1704141322e-01  2.1689997327e-03	 1.1704141322e-01  2.1689997327e-03
 0.78540  1.57080	 2.0314493661e-01  1.6923340258e-03	 2.0314493661e-01  1.6923340258e-03
 0.78540  2.35619	 2.7096554762e-01  2.0630028299e-03	 2.7096554762e-01  2.0630028299e-03
 0.78540  3.14159	 2.9813995878e-01  1.4925840845e-03	 2.9813995878e-01  1.4925840845e-03
 1.57080 -2.35619	 3.2371622937e-01  1.7891363160e-03	 3.2371622937e-01  1.7891363160e-03
 1.57080 -1.57080	 2.6210351371e-01  1.9444828414e-03	 2.6210351371e-01  1.9444828414e-03
 1.57080 -0.78540	 2.0486152278e-01  1.4291279496e-03	 2.0486152278e-01  1.4291279496e-03
 1.57080  0.00000	 1.8127321745e-01  1.3296370339e-03	 1.8127321745e-01  1.3296370339e-03
 1.57080  0.78540	 2.0260322064e-01  1.6323806195e-03	 2.0260322064e-01  1.6323806195e-03
 1.57080  1.57080	 2.6371338692e-01  1.3217494027e-03	 2.6371338692e-01  1.3217494027e-03
 1.57080  2.35619	 3.2272779867e-01  2.0963977588e-03	 3.2272779867e-01  2.0963977588e-03
 1.57080  3.14159	 3.4782820166e-01  1.8617670502e-03	 3.4782820166e-01  1.8617670502e-03
 2.35619 -2.35619	 3.8050821435e-01  2.0673243126e-03	 3.8050821435e-01  2.0673243126e-03
 2.35619 -1.57080	 3.2303822155e-01  2.1825942426e-03	 3.2303822155e-01  2.1825942426e-03
 2.35619 -0.78540	 2.7154617732e-01  1.4404304834e-03	 2.7154617732e-01  1.4404304834e-03
 2.35619  0.00000	 2.5342542871e-01  1.2595530573e-03	 2.5342542871e-01  1.2595530573e-03
 2.35619  0.78540	 2.7236401143e-01  1.4685600706e-03	 2.7236401143e-01  1.4685600706e-03
 2.35619  1.57080	 3.2306510705e-01  1.7366789814e-03	 3.2306510705e-01  1.7366789814e-03
 2.35619  2.35619	 3.8094938582e-01  2.0757791495e-03	 3.8094938582e-01  2.0757791495e-03
 2.35619  3.14159	 4.0658608758e-01  2.1875883441e-03	 4.0658608758e-01  2.1875883441e-03
 3.14159 -2.35619	 4.0548712502e-01  2.2596237413e-03	 4.0548712502e-01  2.2596237413e-03
 3.14159 -1.57080	 3.4822068372e-01  1.6675221843e-03	 3.4822068372e-01  1.6675221843e-03
 3.14159 -0.78540	 2.9778881903e-01  1.2882175608e-03	 2.9778881903e-01  1.2882175608e-03
 3.14159  0.00000	 2.7623003674e-01  1.4373988299e-03	 2.7623003674e-01  1.4373988299e-03
 3.14159  0.78540	 2.9778881903e-01  1.2882175608e-03	 2.9778881903e-01  1.2882175608e-03
 3.14159  1.57080	 3.4822068372e-01  1.6675221843e-03	 3.4822068372e-01  1.6675221843e-03
 3.14159  2.35619	 4.0548712502e-01  2.2596237413e-03	 4.0548712502e-01  2.2596237413e-03
 3.14159  3.14159	 4.5449977177e-01  1.4419142949e-02	 4.5449977177e-01  1.4419142949e-02
