#    rx       ry   	         trace over n_orb         
 -3.00000  -3.00000	-3.6827224820e-05  2.5199337085e-04
 -3.00000  -2.00000	-7.2634384764e-04  2.5290222936e-04
 -3.00000  -1.00000	-5.7333079911e-07  2.0089732275e-04
 -3.00000   0.00000	-7.0949920872e-04  2.0616314905e-04
 -3.00000   1.00000	-5.9460456491e-06  2.2335835254e-04
 -3.00000   2.00000	-6.8140296851e-04  2.2327023446e-04
 -3.00000   3.00000	 2.2571451518e-04  2.1246171056e-04
 -3.00000   4.00000	-6.5062618313e-04  2.1747692248e-04
 -2.00000  -3.00000	-8.3501451550e-04  1.9734535416e-04
 -2.00000  -2.00000	-6.7396961538e-04  2.1648854521e-04
 -2.00000  -1.00000	-2.6257784989e-03  2.8052425571e-04
 -2.00000   0.00000	-1.2660030128e-03  2.2559185655e-04
 -2.00000   1.00000	-2.8086455453e-03  1.9714280600e-04
 -2.00000   2.00000	-7.6973828294e-04  2.2677503827e-04
 -2.00000   3.00000	-9.1685999681e-04  1.8097076579e-04
 -2.00000   4.00000	 7.0316493588e-05  2.2135102312e-04
 -1.00000  -3.00000	 4.0903384182e-05  1.9622895214e-04
 -1.00000  -2.00000	-2.6206831268e-03  2.1220038131e-04
 -1.00000  -1.00000	-5.6956532060e-03  2.7585606014e-04
 -1.00000   0.00000	-4.7128505120e-02  2.5391515505e-04
 -1.00000   1.00000	-5.7867651209e-03  2.7852964406e-04
 -1.00000   2.00000	-2.7344761781e-03  2.2615554227e-04
 -1.00000   3.00000	-1.8476237786e-04  2.9899930589e-04
 -1.00000   4.00000	-4.3434955220e-04  2.6364018068e-04
  0.00000  -3.00000	-7.9998836590e-04  2.0690305181e-04
  0.00000  -2.00000	-1.0429308834e-03  2.0563565222e-04
  0.00000  -1.00000	-4.6932602858e-02  3.6134377827e-04
  0.00000   0.00000	 2.6093016095e-01  1.6710867090e-03
  0.00000   1.00000	-4.6932602858e-02  3.6134377827e-04
  0.00000   2.00000	-1.0429308834e-03  2.0563565222e-04
  0.00000   3.00000	-7.9998836590e-04  2.0690305181e-04
  0.00000   4.00000	 3.3303493177e-04  2.0894002933e-04
  1.00000  -3.00000	-1.8476237786e-04  2.9899930589e-04
  1.00000  -2.00000	-2.7344761781e-03  2.2615554227e-04
  1.00000  -1.00000	-5.7867651209e-03  2.7852964406e-04
  1.00000   0.00000	-4.7128505120e-02  2.5391515505e-04
  1.00000   1.00000	-5.6956532060e-03  2.7585606014e-04
  1.00000   2.00000	-2.6206831268e-03  2.1220038131e-04
  1.00000   3.00000	 4.0903384182e-05  1.9622895214e-04
  1.00000   4.00000	-4.3434955220e-04  2.6364018068e-04
  2.00000  -3.00000	-9.1685999681e-04  1.8097076579e-04
  2.00000  -2.00000	-7.6973828294e-04  2.2677503827e-04
  2.00000  -1.00000	-2.8086455453e-03  1.9714280600e-04
  2.00000   0.00000	-1.2660030128e-03  2.2559185655e-04
  2.00000   1.00000	-2.6257784989e-03  2.8052425571e-04
  2.00000   2.00000	-6.7396961538e-04  2.1648854521e-04
  2.00000   3.00000	-8.3501451550e-04  1.9734535416e-04
  2.00000   4.00000	 7.0316493588e-05  2.2135102312e-04
  3.00000  -3.00000	 2.2571451518e-04  2.1246171056e-04
  3.00000  -2.00000	-6.8140296851e-04  2.2327023446e-04
  3.00000  -1.00000	-5.9460456491e-06  2.2335835254e-04
  3.00000   0.00000	-7.0949920872e-04  2.0616314905e-04
  3.00000   1.00000	-5.7333079911e-07  2.0089732275e-04
  3.00000   2.00000	-7.2634384764e-04  2.5290222936e-04
  3.00000   3.00000	-3.6827224820e-05  2.5199337085e-04
  3.00000   4.00000	-6.5062618313e-04  2.1747692248e-04
  4.00000  -3.00000	-6.4827508312e-04  1.9531704474e-04
  4.00000  -2.00000	 9.7877951848e-06  2.4970250621e-04
  4.00000  -1.00000	-4.4417830107e-04  2.5974545837e-04
  4.00000   0.00000	 1.4121942967e-04  2.3302339367e-04
  4.00000   1.00000	-4.4417830107e-04  2.5974545837e-04
  4.00000   2.00000	 9.7877951848e-06  2.4970250621e-04
  4.00000   3.00000	-6.4827508312e-04  1.9531704474e-04
  4.00000   4.00000	-6.6208408434e-05  2.8169046480e-04
