#    kx       ky   	              (0, 0)              	         trace over n_orb         
-2.35619 -2.35619	 3.7925794311e-01  2.1991365110e-03	 3.7925794311e-01  2.1991365110e-03
-2.35619 -1.57080	 3.2419101076e-01  1.9676427148e-03	 3.2419101076e-01  1.9676427148e-03
-2.35619 -0.78540	 2.7326235797e-01  1.5684358550e-03	 2.7326235797e-01  1.5684358550e-03
-2.35619  0.00000	 2.5499467086e-01  1.4177257519e-03	 2.5499467086e-01  1.4177257519e-03
-2.35619  0.78540	 2.7112427762e-01  1.8264269356e-03	 2.7112427762e-01  1.8264269356e-03
-2.35619  1.57080	 3.2337249138e-01  2.1875694531e-03	 3.2337249138e-01  2.1875694531e-03
-2.35619  2.35619	 3.8111230266e-01  1.7474444981e-03	 3.8111230266e-01  1.7474444981e-03
-2.35619  3.14159	 4.0538229501e-01  2.0036210697e-03	 4.0538229501e-01  2.0036210697e-03
-1.57080 -2.35619	 3.2359154230e-01  2.2977234484e-03	 3.2359154230e-01  2.2977234484e-03
-1.57080 -1.57080	 2.6442248242e-01  1.4760779353e-03	 2.6442248242e-01  1.4760779353e-03
-1.57080 -0.78540	 2.0279362914e-01  1.9601108372e-03	 2.0279362914e-01  1.9601108372e-03
-1.57080  0.00000	 1.8220970279e-01  1.6091010115e-03	 1.8220970279e-01  1.6091010115e-03
-1.57080  0.78540	 2.0619422259e-01  1.6599332643e-03	 2.0619422259e-01  1.6599332643e-03
-1.57080  1.57080	 2.6221499953e-01  2.3485566062e-03	 2.6221499953e-01  2.3485566062e-03
-1.57080  2.35619	 3.2338327234e-01  2.1944070760e-03	 3.2338327234e-01  2.1944070760e-03
-1.57080  3.14159	 3.4772369361e-01  1.9857180076e-03	 3.4772369361e-01  1.9857180076e-03
-0.78540 -2.35619	 2.7098260571e-01  2.5960471915e-03	 2.7098260571e-01  2.5960471915e-03
-0.78540 -1.57080	 2.0326370342e-01  2.2286753911e-03	 2.0326370342e-01  2.2286753911e-03
-0.78540 -0.78540	 1.1757398910e-01  2.9845456089e-03	 1.1757398910e-01  2.9845456089e-03
-0.78540  0.00000	 7.9412987144e-02  2.1893332735e-03	 7.9412987144e-02  2.1893332735e-03
-0.78540  0.78540	 1.2035130002e-01  1.9022071443e-03	 1.2035130002e-01  1.9022071443e-03
-0.78540  1.57080	 2.0428056545e-01  1.8656461451e-03	 2.0428056545e-01  1.8656461451e-03
-0.78540  2.35619	 2.7151276329e-01  1.9571916162e-03	 2.7151276329e-01  1.9571916162e-03
-0.78540  3.14159	 2.9866991488e-01  1.9063495111e-03	 2.9866991488e-01  1.9063495111e-03
 0.00000 -2.35619	 2.5098104017e-01  3.3572909062e-03	 2.5098104017e-01  3.3572909062e-03
 0.00000 -1.57080	 1.8075878490e-01  2.1562805411e-03	 1.8075878490e-01  2.1562805411e-03
 0.00000 -0.78540	 7.9443723708e-02  1.9375756698e-03	 7.9443723708e-02  1.9375756698e-03
 0.00000  0.00000	 8.0945247528e-03  2.7273283888e-03	 8.0945247528e-03  2.7273283888e-03
 0.00000  0.78540	 7.9443723708e-02  1.9375756698e-03	 7.9443723708e-02  1.9375756698e-03
 0.00000  1.57080	 1.8075878490e-01  2.1562805411e-03	 1.8075878490e-01  2.1562805411e-03
 0.00000  2.35619	 2.5098104017e-01  3.3572909062e-03	 2.5098104017e-01  3.3572909062e-03
 0.00000  3.14159	 2.7819644696e-01  2.0615332605e-03	 2.7819644696e-01  2.0615332605e-03
 0.78540 -2.35619	 2.7151276329e-01  1.9571916162e-03	 2.7151276329e-01  1.9571916162e-03
 0.78540 -1.57080	 2.0428056545e-01  1.8656461451e-03	 2.0428056545e-01  1.8656461451e-03
 0.78540 -0.78540	 1.2035130002e-01  1.9022071443e-03	 1.2035130002e-01  1.9022071443e-03
 0.78540  0.00000	 7.9412987144e-02  2.1893332735e-03	 7.9412987144e-02  2.1893332735e-03
 0.78540  0.78540	 1.1757398910e-01  2.9845456089e-03	 1.1757398910e-01  2.9845456089e-03
 0.78540  1.57080	 2.0326370342e-01  2.2286753911e-03	 2.0326370342e-01  2.2286753911e-03
 0.78540  2.35619	 2.7098260571e-01  2.5960471915e-03	 2.7098260571e-01  2.5960471915e-03
 0.78540  3.14159	 2.9866991488e-01  1.9063495111e-03	 2.9866991488e-01  1.9063495111e-03
 1.57080 -2.35619	 3.2338327234e-01  2.1944070760e-03	 3.2338327234e-01  2.1944070760e-03
 1.57080 -1.57080	 2.6221499953e-01  2.3485566062e-03	 2.6221499953e-01  2.3485566062e-03
 1.57080 -0.78540	 2.0619422259e-01  1.6599332643e-03	 2.0619422259e-01  1.6599332643e-03
 1.57080  0.00000	 1.8220970279e-01  1.6091010115e-03	 1.8220970279e-01  1.6091010115e-03
 1.57080  0.78540	 2.0279362914e-01  1.9601108372e-03	 2.0279362914e-01  1.9601108372e-03
 1.57080  1.57080	 2.6442248242e-01  1.4760779353e-03	 2.6442248242e-01  1.4760779353e-03
 1.57080  2.35619	 3.2359154230e-01  2.2977234484e-03	 3.2359154230e-01  2.2977234484e-03
 1.57080  3.14159	 3.4772369361e-01  1.9857180076e-03	 3.4772369361e-01  1.9857180076e-03
 2.35619 -2.35619	 3.8111230266e-01  1.7474444981e-03	 3.8111230266e-01  1.7474444981e-03
 2.35619 -1.57080	 3.2337249138e-01  2.1875694531e-03	 3.2337249138e-01  2.1875694531e-03
 2.35619 -0.78540	 2.7112427762e-01  1.8264269356e-03	 2.7112427762e-01  1.8264269356e-03
 2.35619  0.00000	 2.5499467086e-01  1.4177257519e-03	 2.5499467086e-01  1.4177257519e-03
 2.35619  0.78540	 2.7326235797e-01  1.5684358550e-03	 2.7326235797e-01  1.5684358550e-03
 2.35619  1.57080	 3.2419101076e-01  1.9676427148e-03	 3.2419101076e-01  1.9676427148e-03
 2.35619  2.35619	 3.7925794311e-01  2.1991365110e-03	 3.7925794311e-01  2.1991365110e-03
 2.35619  3.14159	 4.0538229501e-01  2.0036210697e-03	 4.0538229501e-01  2.0036210697e-03
 3.14159 -2.35619	 4.0417186589e-01  1.9805961193e-03	 4.0417186589e-01  1.9805961193e-03
 3.14159 -1.57080	 3.4865324433e-01  1.7016344223e-03	 3.4865324433e-01  1.7016344223e-03
 3.14159 -0.78540	 2.9823585829e-01  1.5512925214e-03	 2.9823585829e-01  1.5512925214e-03
 3.14159  0.00000	 2.7744653608e-01  1.5609601331e-03	 2.7744653608e-01  1.5609601331e-03
 3.14159  0.78540	 2.9823585829e-01  1.5512925214e-03	 2.9823585829e-01  1.5512925214e-03
 3.14159  1.57080	 3.4865324433e-01  1.7016344223e-03	 3.4865324433e-01  1.7016344223e-03
 3.14159  2.35619	 4.0417186589e-01  1.9805961193e-03	 4.0417186589e-01  1.9805961193e-03
 3.14159  3.14159	 4.2874473977e-01  1.9491840439e-03	 4.2874473977e-01  1.9491840439e-03
