     0.0000000       0.16777886       0.01583600
     0.1000000       0.11210631       0.01650536
     0.2000000       0.07785422       0.01506319
     0.3000000       0.05588002       0.01276552
     0.4000000       0.04162330       0.01082975
     0.5000000       0.03198227       0.00953533
     0.6000000       0.02441298       0.00875786
     0.7000000       0.01848518       0.00900709
     0.8000000       0.01404610       0.01043698
     0.9000000       0.01080441       0.01240603
     1.0000000       0.00798558       0.01442753
     1.1000000       0.00604046       0.01577898
     1.2000000       0.00398382       0.01671882
     1.3000000       0.00112665       0.01731148
     1.4000000       0.00022898       0.01572464
     1.5000000       0.00125867       0.01298558
     1.6000000       0.00177564       0.01101294
     1.7000000       0.00187014       0.00949353
     1.8000000       0.00186696       0.00873866
     1.9000000       0.00276829       0.00783932
     2.0000000       0.00385227       0.00686123
     2.1000000       0.00428687       0.00646776
     2.2000000       0.00420253       0.00649870
     2.3000000       0.00433876       0.00679233
     2.4000000       0.00512441       0.00672694
     2.5000000       0.00557315       0.00641728
     2.6000000       0.00557516       0.00618068
     2.7000000       0.00516372       0.00611748
     2.8000000       0.00468196       0.00608690
     2.9000000       0.00389342       0.00576411
     3.0000000       0.00291890       0.00548419
     3.1000000       0.00225713       0.00548506
     3.2000000       0.00226396       0.00570424
     3.3000000       0.00380344       0.00578297
     3.4000000       0.00586241       0.00584520
     3.5000000       0.00652440       0.00582931
     3.6000000       0.00635233       0.00569410
     3.7000000       0.00646324       0.00561637
     3.8000000       0.00662897       0.00543955
     3.9000000       0.00585371       0.00512735
     4.0000000       0.00585872       0.00501803
     4.1000000       0.00657304       0.00489099
     4.2000000       0.00636920       0.00463116
     4.3000000       0.00634886       0.00448678
     4.4000000       0.00645097       0.00445425
     4.5000000       0.00591103       0.00453253
     4.6000000       0.00576127       0.00472737
     4.7000000       0.00540719       0.00505903
     4.8000000       0.00368951       0.00574969
     4.9000000       0.00226301       0.00671053
     5.0000000       0.00187933       0.00741761
     5.1000000       0.00376440       0.00770718
     5.2000000       0.00802260       0.00758511
     5.3000000       0.01383060       0.00736587
     5.4000000       0.02061225       0.00783013
     5.5000000       0.02896351       0.00902043
     5.6000000       0.04050430       0.01021343
     5.7000000       0.05583624       0.01181238
     5.8000000       0.07819481       0.01357141
     5.9000000       0.11322659       0.01462679
     6.0000000       0.16777886       0.01583600
