     0.0000000       0.37334492       0.02402530
     0.1000000       0.20674480       0.02337834
     0.2000000       0.11821302       0.02238978
     0.3000000       0.07114354       0.02085709
     0.4000000       0.04739829       0.01906204
     0.5000000       0.03496574       0.01754227
     0.6000000       0.02783628       0.01642667
     0.7000000       0.02164081       0.01578442
     0.8000000       0.01671196       0.01534222
     0.9000000       0.01197115       0.01504158
     1.0000000       0.00590111       0.01514302
     1.1000000       0.00040734       0.01540991
     1.2000000      -0.00410875       0.01611133
     1.3000000      -0.00372668       0.01707186
     1.4000000      -0.00119844       0.01770328
     1.5000000      -0.00038346       0.01813495
     1.6000000      -0.00117892       0.01827826
     1.7000000      -0.00167640       0.01816153
     1.8000000      -0.00178437       0.01796675
     1.9000000      -0.00550335       0.01801022
     2.0000000      -0.00723439       0.01825984
     2.1000000      -0.00581148       0.01825146
     2.2000000      -0.00149096       0.01847262
     2.3000000       0.00437673       0.01925267
     2.4000000       0.00904601       0.02050141
     2.5000000       0.01675473       0.02228253
     2.6000000       0.03496746       0.02414395
     2.7000000       0.06537589       0.02505270
     2.8000000       0.11285108       0.02525309
     2.9000000       0.20303509       0.02488247
     3.0000000       0.37334492       0.02402530
