     0.0000000       0.16038364       0.00769693
     0.1000000       0.15002553       0.00543534
     0.2000000       0.15172784       0.00836364
     0.3000000       0.14011069       0.00473134
     0.4000000       0.12908742       0.00422790
     0.5000000       0.12712870       0.00540689
     0.6000000       0.12850238       0.00324170
     0.7000000       0.13472310       0.00555780
     0.8000000       0.13733113       0.00375344
     0.9000000       0.14176847       0.00560155
     1.0000000       0.16038364       0.00769693
