     0.0000000       0.29800140       0.01077887
     0.1000000       0.18064082       0.00688492
     0.2000000       0.12092642       0.00417630
     0.3000000       0.07749247       0.00351388
     0.4000000       0.05175610       0.00316264
     0.5000000       0.03313673       0.00370485
     0.6000000       0.02256054       0.00377015
     0.7000000       0.01584123       0.00322921
     0.8000000       0.01145457       0.00327567
     0.9000000       0.01098610       0.00363201
     1.0000000       0.00765067       0.00379391
     1.1000000       0.00301582       0.00387225
     1.2000000       0.00356243       0.00373263
     1.3000000       0.00308147       0.00322729
     1.4000000       0.00737012       0.00256281
     1.5000000       0.00525710       0.00265671
     1.6000000       0.00791951       0.00281762
     1.7000000       0.00716649       0.00377165
     1.8000000       0.00545522       0.00365694
     1.9000000       0.00944603       0.00371753
     2.0000000       0.00922625       0.00289512
     2.1000000       0.00774603       0.00315946
     2.2000000       0.01338752       0.00456378
     2.3000000       0.01650799       0.00457918
     2.4000000       0.01463961       0.00748286
     2.5000000       0.03059891       0.00443999
     2.6000000       0.04774417       0.00376128
     2.7000000       0.06907757       0.00938827
     2.8000000       0.11323139       0.00863192
     2.9000000       0.18531985       0.00975277
     3.0000000       0.29800140       0.01077887
