     0.0000000       0.08522682       0.00110487
     0.1000000       0.06606853       0.00104468
     0.2000000       0.05364474       0.00104467
     0.3000000       0.04670089       0.00101598
     0.4000000       0.04124342       0.00101326
     0.5000000       0.03794312       0.00092887
     0.6000000       0.03639336       0.00087485
     0.7000000       0.03643195       0.00097143
     0.8000000       0.03715944       0.00102906
     0.9000000       0.03812388       0.00099013
     1.0000000       0.04097012       0.00105743
     1.1000000       0.04389542       0.00104592
     1.2000000       0.04712903       0.00100770
     1.3000000       0.05254517       0.00100214
     1.4000000       0.05846150       0.00101932
     1.5000000       0.06580197       0.00103690
     1.6000000       0.07355785       0.00101625
     1.7000000       0.08390223       0.00107624
     1.8000000       0.09599695       0.00106750
     1.9000000       0.11067851       0.00102996
     2.0000000       0.12858349       0.00102070
     2.1000000       0.15122992       0.00105733
     2.2000000       0.17839869       0.00113067
     2.3000000       0.21278455       0.00113145
     2.4000000       0.25601055       0.00111575
     2.5000000       0.30822175       0.00114081
     2.6000000       0.37639623       0.00116570
     2.7000000       0.46458835       0.00118296
     2.8000000       0.57432618       0.00117181
     2.9000000       0.72065657       0.00116367
     3.0000000       0.91477318       0.00110487
