     0.0000000       0.24924383       0.02873245
     0.1000000       0.16550634       0.01602522
     0.2000000       0.10160962       0.01666827
     0.3000000       0.06838646       0.00804371
     0.4000000       0.02881232       0.01084450
     0.5000000      -0.00260105       0.03355089
     0.6000000       0.02583508       0.01598528
     0.7000000       0.04248747       0.02156121
     0.8000000       0.01587951       0.00402242
     0.9000000       0.00565429       0.01043498
     1.0000000      -0.01876896       0.02699037
     1.1000000       0.00879911       0.00585807
     1.2000000      -0.00365535       0.00368211
     1.3000000      -0.00941079       0.01085021
     1.4000000      -0.02196356       0.01747390
     1.5000000       0.02377346       0.02538114
     1.6000000       0.01481303       0.01845299
     1.7000000       0.01692753       0.01218461
     1.8000000       0.01023373       0.00755021
     1.9000000       0.01505501       0.01220509
     2.0000000      -0.00057904       0.00419648
     2.1000000       0.01209425       0.01086458
     2.2000000       0.01097095       0.01475434
     2.3000000       0.00562254       0.00922354
     2.4000000      -0.02167908       0.01697040
     2.5000000       0.01447648       0.01145203
     2.6000000      -0.01252225       0.01281134
     2.7000000      -0.01077507       0.01198604
     2.8000000       0.00530029       0.00621008
     2.9000000      -0.00120610       0.00325165
     3.0000000      -0.01150613       0.00798689
     3.1000000      -0.00684437       0.00577902
     3.2000000      -0.01240333       0.00728643
     3.3000000       0.00027464       0.00435283
     3.4000000       0.01073636       0.01161800
     3.5000000       0.00393484       0.00804418
     3.6000000      -0.00665658       0.01369602
     3.7000000       0.00458066       0.00763687
     3.8000000       0.00027762       0.00966770
     3.9000000       0.00677655       0.00530465
     4.0000000       0.00730755       0.00475157
     4.1000000       0.00199836       0.00372930
     4.2000000      -0.01029339       0.00722657
     4.3000000      -0.00108830       0.00351044
     4.4000000      -0.00151295       0.00744748
     4.5000000       0.00678824       0.01093369
     4.6000000      -0.00401640       0.00409200
     4.7000000      -0.00868802       0.01074947
     4.8000000      -0.01151293       0.01366085
     4.9000000      -0.02034598       0.02389307
     5.0000000      -0.01681162       0.02199563
     5.1000000      -0.01489278       0.02279616
     5.2000000      -0.00998442       0.01008680
     5.3000000       0.01386875       0.00604470
     5.4000000       0.00656838       0.02116286
     5.5000000       0.00892873       0.01909765
     5.6000000       0.02940608       0.00889709
     5.7000000       0.04143632       0.01567909
     5.8000000       0.08028275       0.02294614
     5.9000000       0.14487924       0.01950400
     6.0000000       0.24924383       0.02873245
