     0.0000000       0.25171706       0.02289994
     0.1000000       0.15958413       0.01138048
     0.2000000       0.09594783       0.01063980
     0.3000000       0.06222889       0.00739686
     0.4000000       0.03010687       0.00864641
     0.5000000       0.00700449       0.02215976
     0.6000000       0.02497514       0.00978572
     0.7000000       0.03447580       0.01615407
     0.8000000       0.01528580       0.00377030
     0.9000000       0.00760281       0.00778869
     1.0000000      -0.00985266       0.01921313
     1.1000000       0.00761108       0.00424820
     1.2000000      -0.00166832       0.00412904
     1.3000000      -0.00618634       0.00920101
     1.4000000      -0.01410334       0.01311795
     1.5000000       0.01699323       0.01584182
     1.6000000       0.01106536       0.01069813
     1.7000000       0.01212563       0.00666523
     1.8000000       0.00670323       0.00333893
     1.9000000       0.00885490       0.00625190
     2.0000000      -0.00225180       0.00343043
     2.1000000       0.00549952       0.00662207
     2.2000000       0.00415975       0.01013722
     2.3000000       0.00046250       0.00733436
     2.4000000      -0.01737109       0.01229959
     2.5000000       0.00678816       0.00890373
     2.6000000      -0.01142941       0.00953978
     2.7000000      -0.01069767       0.00911624
     2.8000000      -0.00094517       0.00390627
     2.9000000      -0.00576975       0.00280594
     3.0000000      -0.01215497       0.00613848
     3.1000000      -0.00815912       0.00384175
     3.2000000      -0.01091303       0.00490907
     3.3000000      -0.00184750       0.00321812
     3.4000000       0.00478192       0.00824699
     3.5000000       0.00013187       0.00613820
     3.6000000      -0.00658755       0.00980615
     3.7000000       0.00120458       0.00561652
     3.8000000      -0.00121763       0.00664454
     3.9000000       0.00306815       0.00416813
     4.0000000       0.00292720       0.00370716
     4.1000000      -0.00104199       0.00312743
     4.2000000      -0.00888087       0.00500753
     4.3000000      -0.00213339       0.00332878
     4.4000000      -0.00252649       0.00478592
     4.5000000       0.00270375       0.00710088
     4.6000000      -0.00465472       0.00368146
     4.7000000      -0.00736939       0.00706862
     4.8000000      -0.00866713       0.00888418
     4.9000000      -0.01444988       0.01539175
     5.0000000      -0.01229828       0.01424899
     5.1000000      -0.01103628       0.01550702
     5.2000000      -0.00686456       0.00782087
     5.3000000       0.01090492       0.00454346
     5.4000000       0.00821138       0.01504982
     5.5000000       0.01274812       0.01461315
     5.6000000       0.03150402       0.00845965
     5.7000000       0.04701550       0.01311997
     5.8000000       0.08443359       0.01824550
     5.9000000       0.14746335       0.01652344
     6.0000000       0.25171706       0.02289994
