     0.0000000       0.28520306       0.00850679
     0.1000000       0.17489086       0.00546228
     0.2000000       0.12517866       0.00576266
     0.3000000       0.08378570       0.00335472
     0.4000000       0.05939948       0.00423942
     0.5000000       0.03848078       0.00495466
     0.6000000       0.02735119       0.00396768
     0.7000000       0.02494698       0.00654569
     0.8000000       0.01339441       0.00562364
     0.9000000       0.01734463       0.00337636
     1.0000000       0.01278900       0.00363935
     1.1000000       0.00554033       0.00394168
     1.2000000       0.00333448       0.00456552
     1.3000000       0.00674345       0.00323964
     1.4000000       0.01228183       0.00281791
     1.5000000       0.00467734       0.00435014
     1.6000000       0.01129845       0.00314153
     1.7000000       0.01434462       0.00599884
     1.8000000       0.00419611       0.00584041
     1.9000000       0.01148364       0.00282170
     2.0000000       0.01186922       0.00283658
     2.1000000       0.01171804       0.00294788
     2.2000000       0.01902604       0.00523892
     2.3000000       0.02146197       0.00618233
     2.4000000       0.01885212       0.00705281
     2.5000000       0.03640906       0.00556397
     2.6000000       0.05482828       0.00451194
     2.7000000       0.07392794       0.00740855
     2.8000000       0.11721577       0.00665087
     2.9000000       0.18506690       0.00894355
     3.0000000       0.28520306       0.00850679
