     0.0000000       0.26126473       0.02144306
     0.1000000       0.15967629       0.01025012
     0.2000000       0.09764785       0.00841557
     0.3000000       0.06417209       0.00696056
     0.4000000       0.03266184       0.00645951
     0.5000000       0.01643735       0.00957410
     0.6000000       0.00572871       0.01036519
     0.7000000       0.00594687       0.00758983
     0.8000000       0.00522170       0.00559208
     0.9000000       0.00946334       0.00498597
     1.0000000       0.00342098       0.00501304
     1.1000000       0.00423113       0.00459090
     1.2000000      -0.00470669       0.00878912
     1.3000000      -0.01025671       0.01346856
     1.4000000      -0.01017031       0.01459257
     1.5000000      -0.00119214       0.00638432
     1.6000000      -0.00059854       0.00695785
     1.7000000       0.00014708       0.00565981
     1.8000000      -0.00075755       0.00524891
     1.9000000      -0.00180443       0.00300899
     2.0000000      -0.01098030       0.00606317
     2.1000000      -0.00994068       0.00742666
     2.2000000      -0.00760927       0.00691831
     2.3000000      -0.00291348       0.00491054
     2.4000000       0.00787270       0.00501666
     2.5000000      -0.00156426       0.00304321
     2.6000000       0.00344351       0.00403279
     2.7000000      -0.00295421       0.00541498
     2.8000000      -0.00797246       0.00805392
     2.9000000       0.00154430       0.00388073
     3.0000000      -0.00553820       0.00467964
     3.1000000      -0.00532873       0.00501715
     3.2000000       0.00185827       0.00264317
     3.3000000       0.00121044       0.00321765
     3.4000000       0.00369786       0.00352727
     3.5000000      -0.00159587       0.00797749
     3.6000000      -0.00822475       0.00600228
     3.7000000      -0.00756065       0.00538837
     3.8000000      -0.00512289       0.00502007
     3.9000000      -0.00831407       0.00733702
     4.0000000      -0.00623255       0.00528643
     4.1000000      -0.00681803       0.00687203
     4.2000000      -0.00293338       0.00437363
     4.3000000      -0.00716297       0.00511876
     4.4000000      -0.00354190       0.00457591
     4.5000000       0.00024310       0.00360066
     4.6000000       0.00148294       0.00415589
     4.7000000      -0.00067805       0.00394998
     4.8000000      -0.00973176       0.00685251
     4.9000000      -0.00179506       0.00649802
     5.0000000      -0.00397351       0.00875155
     5.1000000       0.00097406       0.00781913
     5.2000000       0.00701828       0.00617935
     5.3000000       0.01329321       0.00408742
     5.4000000       0.01311844       0.00933498
     5.5000000       0.02391394       0.00965149
     5.6000000       0.03360410       0.01198073
     5.7000000       0.06001081       0.00896149
     5.8000000       0.08529512       0.01886040
     5.9000000       0.16112404       0.01158436
     6.0000000       0.26126473       0.02144306
