     0.0000000       0.20967284       0.01065921
     0.1000000       0.14686678       0.00802344
     0.2000000       0.09970604       0.00597143
     0.3000000       0.05684615       0.00553207
     0.4000000       0.03713360       0.00522907
     0.5000000       0.02414303       0.00447683
     0.6000000       0.01370078       0.00814246
     0.7000000       0.01783680       0.00459445
     0.8000000       0.01500002       0.00379456
     0.9000000       0.00817798       0.00291862
     1.0000000       0.00560997       0.00453137
     1.1000000       0.00449199       0.00383260
     1.2000000       0.01569314       0.01338176
     1.3000000       0.01444827       0.00981955
     1.4000000       0.01077288       0.00273138
     1.5000000      -0.00203514       0.00445773
     1.6000000       0.00095446       0.00311336
     1.7000000       0.00346887       0.00278075
     1.8000000       0.00688097       0.00569459
     1.9000000       0.00426630       0.00359498
     2.0000000       0.00528683       0.00327065
     2.1000000       0.00105275       0.00326492
     2.2000000       0.00210218       0.00441551
     2.3000000       0.01060495       0.00818368
     2.4000000       0.00080111       0.00520863
     2.5000000       0.00432245       0.00395359
     2.6000000      -0.00318383       0.00457396
     2.7000000      -0.00216211       0.00482777
     2.8000000      -0.00126921       0.00327159
     2.9000000       0.00234805       0.00370680
     3.0000000       0.00296153       0.00377302
     3.1000000       0.00211765       0.00327819
     3.2000000       0.00370767       0.00494956
     3.3000000       0.01077535       0.00702560
     3.4000000       0.00619850       0.00413557
     3.5000000       0.00633784       0.00584416
     3.6000000       0.00582748       0.00358704
     3.7000000       0.00745409       0.00372592
     3.8000000       0.00030885       0.00463591
     3.9000000       0.00230882       0.00463036
     4.0000000       0.00075474       0.00468780
     4.1000000       0.00241572       0.00425440
     4.2000000       0.00040943       0.00447551
     4.3000000      -0.00139985       0.00565596
     4.4000000      -0.00169255       0.00324911
     4.5000000       0.00554826       0.00511372
     4.6000000       0.00265732       0.00317307
     4.7000000       0.00162178       0.00498171
     4.8000000       0.00106321       0.00781987
     4.9000000       0.00783352       0.00585291
     5.0000000       0.01264460       0.00299488
     5.1000000       0.01089990       0.00370217
     5.2000000       0.01764123       0.00440005
     5.3000000       0.01780569       0.00326505
     5.4000000       0.02001394       0.00497379
     5.5000000       0.02354123       0.00578883
     5.6000000       0.03528173       0.00444174
     5.7000000       0.05403953       0.00436003
     5.8000000       0.08270684       0.00769747
     5.9000000       0.13309910       0.00839966
     6.0000000       0.20967284       0.01065921
