     0.0000000       0.26193643       0.00849959
     0.1000000       0.16857844       0.00481470
     0.2000000       0.10031411       0.00469853
     0.3000000       0.06641921       0.00484841
     0.4000000       0.04559121       0.00414254
     0.5000000       0.02643577       0.00435088
     0.6000000       0.01478603       0.00507677
     0.7000000       0.01107270       0.00401803
     0.8000000       0.01149795       0.00574839
     0.9000000       0.01367363       0.00333181
     1.0000000       0.00704382       0.00455681
     1.1000000       0.01248336       0.00487966
     1.2000000       0.00431063       0.00339169
     1.3000000       0.00032882       0.00317850
     1.4000000       0.00107382       0.00420686
     1.5000000       0.00311597       0.00242493
     1.6000000       0.00694658       0.00292368
     1.7000000       0.00856876       0.00354906
     1.8000000       0.00658790       0.00327523
     1.9000000       0.00361690       0.00433371
     2.0000000       0.00593001       0.00358307
     2.1000000       0.00814331       0.00509254
     2.2000000       0.00174549       0.00320904
     2.3000000       0.00024560       0.00335495
     2.4000000      -0.01032124       0.00809121
     2.5000000      -0.00893489       0.00564180
     2.6000000      -0.01181843       0.00678562
     2.7000000      -0.01249950       0.00669611
     2.8000000      -0.00620929       0.00472666
     2.9000000      -0.00502141       0.00492424
     3.0000000      -0.00351061       0.00365093
     3.1000000      -0.00086583       0.00414676
     3.2000000      -0.00055516       0.00289561
     3.3000000       0.00124983       0.00275198
     3.4000000      -0.00075358       0.00283168
     3.5000000       0.00018351       0.00263496
     3.6000000      -0.00379582       0.00381423
     3.7000000      -0.00283182       0.00318640
     3.8000000      -0.00145305       0.00334984
     3.9000000      -0.00271438       0.00353737
     4.0000000      -0.00087657       0.00385643
     4.1000000      -0.00302650       0.00339321
     4.2000000      -0.00546217       0.00408608
     4.3000000      -0.00665628       0.00354745
     4.4000000      -0.00178691       0.00272871
     4.5000000      -0.00467658       0.00271234
     4.6000000      -0.00447827       0.00406850
     4.7000000      -0.00028203       0.00350208
     4.8000000      -0.00359640       0.00473329
     4.9000000      -0.00698446       0.00519833
     5.0000000      -0.00830728       0.00465704
     5.1000000       0.00091963       0.00419369
     5.2000000       0.00110133       0.00413845
     5.3000000       0.01578114       0.00367938
     5.4000000       0.01550783       0.00413236
     5.5000000       0.02732025       0.00384315
     5.6000000       0.03836635       0.00453766
     5.7000000       0.06128215       0.00342814
     5.8000000       0.10039986       0.00360079
     5.9000000       0.16746233       0.00438614
     6.0000000       0.26193643       0.00849959
