     0.0000000       0.13218686       0.00816653
     0.1000000       0.09376086       0.00458836
     0.2000000       0.06096204       0.00498113
     0.3000000       0.05135110       0.00423077
     0.4000000       0.03327529       0.00324361
     0.5000000       0.02858681       0.00280503
     0.6000000       0.01900798       0.00507922
     0.7000000       0.02186062       0.00473076
     0.8000000       0.01001689       0.00564956
     0.9000000       0.01098324       0.00289186
     1.0000000       0.01113645       0.00303931
     1.1000000       0.00569706       0.00310877
     1.2000000       0.01274640       0.00394589
     1.3000000       0.00763006       0.00280479
     1.4000000       0.00677462       0.00514329
     1.5000000      -0.00012335       0.00339820
     1.6000000       0.00216869       0.00309950
     1.7000000       0.00109225       0.00281782
     1.8000000       0.00746076       0.00507948
     1.9000000       0.01310375       0.00598214
     2.0000000       0.01130710       0.00418197
     2.1000000       0.01373960       0.00561955
     2.2000000       0.01091841       0.00496977
     2.3000000       0.00899081       0.00472468
     2.4000000       0.00592999       0.00394846
     2.5000000       0.00369297       0.00461365
     2.6000000       0.00166813       0.00433661
     2.7000000       0.00655868       0.00430753
     2.8000000       0.00868507       0.00332876
     2.9000000       0.01370433       0.00301946
     3.0000000       0.01094830       0.00259796
     3.1000000       0.01117972       0.00456094
     3.2000000       0.00374292       0.00399902
     3.3000000       0.00328795       0.00467307
     3.4000000       0.00457125       0.00445207
     3.5000000       0.00132642       0.00428705
     3.6000000       0.00453305       0.00535415
     3.7000000       0.00176079       0.00326204
     3.8000000       0.00015281       0.00467271
     3.9000000       0.00281945       0.00324868
     4.0000000       0.00936190       0.00366360
     4.1000000       0.00749838       0.00253510
     4.2000000       0.00430107       0.00360347
     4.3000000       0.00259625       0.00336996
     4.4000000       0.00099023       0.00377157
     4.5000000       0.00359869       0.00422348
     4.6000000       0.00597856       0.00272393
     4.7000000       0.00583205       0.00331618
     4.8000000       0.00928961       0.00350393
     4.9000000       0.01146919       0.00440035
     5.0000000       0.00451665       0.00345392
     5.1000000       0.00929398       0.00354797
     5.2000000       0.00789449       0.00454165
     5.3000000       0.01584926       0.00272393
     5.4000000       0.02023636       0.00314477
     5.5000000       0.02095827       0.00372871
     5.6000000       0.03377063       0.00441686
     5.7000000       0.04086680       0.00364725
     5.8000000       0.06294406       0.00471048
     5.9000000       0.09174512       0.00481902
     6.0000000       0.13218686       0.00816653
