     0.0000000       0.33985317       0.01585207
     0.1000000       0.21642817       0.01683784
     0.2000000       0.14999585       0.01640667
     0.3000000       0.11613931       0.01499827
     0.4000000       0.10070465       0.01425058
     0.5000000       0.09788029       0.01385253
     0.6000000       0.10468118       0.01370272
     0.7000000       0.12137366       0.01381391
     0.8000000       0.15501878       0.01423336
     0.9000000       0.21983696       0.01492110
     1.0000000       0.33985317       0.01585207
