     0.0000000       0.29133194       0.00461043
     0.1000000       0.19591431       0.00410308
     0.2000000       0.14834523       0.00392995
     0.3000000       0.11636896       0.00319059
     0.4000000       0.09872524       0.00308980
     0.5000000       0.09121572       0.00391243
     0.6000000       0.10435516       0.00371237
     0.7000000       0.11696790       0.00348612
     0.8000000       0.15205342       0.00347074
     0.9000000       0.19808106       0.00343044
     1.0000000       0.29133194       0.00461043
