     0.0000000       0.27759307       0.00636193
     0.1000000       0.17427492       0.00384179
     0.2000000       0.11320671       0.00309534
     0.3000000       0.07756244       0.00298003
     0.4000000       0.05373319       0.00287421
     0.5000000       0.03858912       0.00286557
     0.6000000       0.03211208       0.00229900
     0.7000000       0.02280632       0.00254828
     0.8000000       0.02070165       0.00241428
     0.9000000       0.01524290       0.00248107
     1.0000000       0.01442026       0.00259281
     1.1000000       0.01294841       0.00246964
     1.2000000       0.01172433       0.00259141
     1.3000000       0.01362722       0.00208019
     1.4000000       0.01183464       0.00259714
     1.5000000       0.01355898       0.00207491
     1.6000000       0.01127909       0.00247532
     1.7000000       0.01153396       0.00260621
     1.8000000       0.01296371       0.00266121
     1.9000000       0.01377980       0.00231643
     2.0000000       0.01405581       0.00240622
     2.1000000       0.01568623       0.00255636
     2.2000000       0.02112089       0.00263384
     2.3000000       0.02422379       0.00273329
     2.4000000       0.02780906       0.00273612
     2.5000000       0.03673781       0.00268735
     2.6000000       0.04939817       0.00359775
     2.7000000       0.07393504       0.00292175
     2.8000000       0.11214148       0.00344024
     2.9000000       0.16871404       0.00491940
     3.0000000       0.27759307       0.00636193
