     0.0000000       0.18302148       0.00762516
     0.1000000       0.15854195       0.00591976
     0.2000000       0.15238783       0.00795134
     0.3000000       0.13615740       0.00471472
     0.4000000       0.12282680       0.00386247
     0.5000000       0.11970630       0.00497831
     0.6000000       0.12266290       0.00267547
     0.7000000       0.13112658       0.00505001
     0.8000000       0.13888177       0.00346162
     0.9000000       0.15169136       0.00536793
     1.0000000       0.18302148       0.00762516
