     0.0000000       0.70471897       0.00590491
     0.1000000       0.61599138       0.00660483
     0.2000000       0.55543725       0.00653753
     0.3000000       0.51534274       0.00567888
     0.4000000       0.49273322       0.00501342
     0.5000000       0.48545852       0.00467298
     0.6000000       0.49246606       0.00456150
     0.7000000       0.51444119       0.00454539
     0.8000000       0.55386609       0.00477091
     0.9000000       0.61501439       0.00530194
     1.0000000       0.70471897       0.00590491
