     0.0000000       0.37500512       0.01686157
     0.1000000       0.20742853       0.01193134
     0.2000000       0.12716603       0.00817892
     0.3000000       0.07831976       0.00744470
     0.4000000       0.05195140       0.00707112
     0.5000000       0.03963493       0.00625859
     0.6000000       0.02968968       0.00552656
     0.7000000       0.02357155       0.00527980
     0.8000000       0.01926464       0.00506781
     0.9000000       0.01124491       0.00609186
     1.0000000       0.01115074       0.00534855
     1.1000000       0.00482579       0.00647287
     1.2000000       0.00260608       0.00702589
     1.3000000       0.00724728       0.00539613
     1.4000000       0.00799883       0.00602141
     1.5000000       0.01022143       0.00580285
     1.6000000       0.01223889       0.00521946
     1.7000000       0.00841599       0.00612272
     1.8000000       0.00374059       0.00855453
     1.9000000       0.00197364       0.00772541
     2.0000000       0.00795278       0.00606835
     2.1000000       0.00885812       0.00583704
     2.2000000       0.01154767       0.00697881
     2.3000000       0.01443664       0.00751396
     2.4000000       0.01571117       0.00991175
     2.5000000       0.03160474       0.00682697
     2.6000000       0.05364379       0.00534279
     2.7000000       0.07524213       0.00857803
     2.8000000       0.12244317       0.00901849
     2.9000000       0.21585236       0.01170386
     3.0000000       0.37500512       0.01686157
