     0.0000000       0.85213272       0.02694135
     0.1000000       0.68369706       0.02808204
     0.2000000       0.56081430       0.02551337
     0.3000000       0.47164769       0.02296421
     0.4000000       0.40406146       0.02038453
     0.5000000       0.35015543       0.01841286
     0.6000000       0.30756442       0.01780441
     0.7000000       0.27515117       0.01892914
     0.8000000       0.24822250       0.02038527
     0.9000000       0.22248415       0.01979083
     1.0000000       0.20094374       0.01926256
     1.1000000       0.18395152       0.01988164
     1.2000000       0.17334498       0.02448679
     1.3000000       0.16337258       0.02859637
     1.4000000       0.14697690       0.02482713
     1.5000000       0.12985098       0.01856415
     1.6000000       0.11690981       0.01428343
     1.7000000       0.10788978       0.01128284
     1.8000000       0.10140432       0.00968657
     1.9000000       0.09607703       0.00814442
     2.0000000       0.09196584       0.00700846
     2.1000000       0.08852182       0.00714907
     2.2000000       0.08439613       0.00679225
     2.3000000       0.07942129       0.00583967
     2.4000000       0.07473097       0.00534984
     2.5000000       0.07219019       0.00556144
     2.6000000       0.07174943       0.00549235
     2.7000000       0.07090000       0.00513935
     2.8000000       0.06903811       0.00485924
     2.9000000       0.06597454       0.00462911
     3.0000000       0.06293994       0.00441554
     3.1000000       0.06109653       0.00411009
     3.2000000       0.06063896       0.00451077
     3.3000000       0.06150085       0.00471231
     3.4000000       0.06257471       0.00452908
     3.5000000       0.06244794       0.00445016
     3.6000000       0.06326137       0.00419228
     3.7000000       0.06547768       0.00409088
     3.8000000       0.06749195       0.00452401
     3.9000000       0.07117305       0.00398100
     4.0000000       0.07623700       0.00375459
     4.1000000       0.08215064       0.00372565
     4.2000000       0.08994023       0.00348524
     4.3000000       0.09906543       0.00486040
     4.4000000       0.10911002       0.00662730
     4.5000000       0.11965411       0.00778413
     4.6000000       0.13021784       0.00780849
     4.7000000       0.14317719       0.00846961
     4.8000000       0.15950884       0.01034319
     4.9000000       0.17868960       0.01269036
     5.0000000       0.19830485       0.01406576
     5.1000000       0.21978869       0.01506325
     5.2000000       0.24396545       0.01551854
     5.3000000       0.27147529       0.01523808
     5.4000000       0.30778983       0.01714192
     5.5000000       0.35201274       0.01974884
     5.6000000       0.40349499       0.02065130
     5.7000000       0.46866893       0.02071731
     5.8000000       0.55716145       0.02191795
     5.9000000       0.67938365       0.02417374
     6.0000000       0.85213272       0.02694135
