     0.0000000       0.50043380       0.00218504
     0.1000000       0.45142120       0.00236000
     0.2000000       0.41444686       0.00243340
     0.3000000       0.38578182       0.00245832
     0.4000000       0.36421060       0.00246902
     0.5000000       0.34461674       0.00269349
     0.6000000       0.33009418       0.00271893
     0.7000000       0.31790460       0.00274461
     0.8000000       0.30875014       0.00275620
     0.9000000       0.30171972       0.00274090
     1.0000000       0.29581608       0.00272365
     1.1000000       0.28840972       0.00285884
     1.2000000       0.28420992       0.00278509
     1.3000000       0.28465369       0.00273755
     1.4000000       0.28135801       0.00263732
     1.5000000       0.28106719       0.00261461
     1.6000000       0.28143548       0.00258645
     1.7000000       0.28522192       0.00262783
     1.8000000       0.28934238       0.00265177
     1.9000000       0.29293920       0.00261011
     2.0000000       0.29655288       0.00258468
     2.1000000       0.30184506       0.00264982
     2.2000000       0.30740721       0.00265603
     2.3000000       0.31725092       0.00257068
     2.4000000       0.33029308       0.00274947
     2.5000000       0.34384749       0.00266368
     2.6000000       0.36160220       0.00263882
     2.7000000       0.38615966       0.00238879
     2.8000000       0.41138303       0.00228019
     2.9000000       0.45046225       0.00224685
     3.0000000       0.49956620       0.00218504
