     0.0000000       0.34357992       0.01277558
     0.1000000       0.20399912       0.01261696
     0.2000000       0.12386038       0.01218535
     0.3000000       0.07696315       0.01142299
     0.4000000       0.04859525       0.01073568
     0.5000000       0.03020604       0.01038384
     0.6000000       0.01812778       0.01002984
     0.7000000       0.01011122       0.01014547
     0.8000000       0.00442363       0.01055569
     0.9000000       0.00284115       0.01036142
     1.0000000       0.00392338       0.01006749
     1.1000000       0.00489135       0.01001015
     1.2000000       0.00357786       0.01018496
     1.3000000       0.00246419       0.01027104
     1.4000000       0.00156296       0.01035220
     1.5000000      -0.00099990       0.01039487
     1.6000000      -0.00269662       0.01021937
     1.7000000      -0.00306819       0.01027885
     1.8000000      -0.00175000       0.01041183
     1.9000000       0.00126504       0.01035145
     2.0000000       0.00546835       0.01029977
     2.1000000       0.01149769       0.01007252
     2.2000000       0.01776262       0.01002122
     2.3000000       0.02227074       0.01046040
     2.4000000       0.02730581       0.01117538
     2.5000000       0.03709381       0.01179072
     2.6000000       0.05440500       0.01231735
     2.7000000       0.08236084       0.01279709
     2.8000000       0.12888254       0.01301957
     2.9000000       0.20759697       0.01291790
     3.0000000       0.34357992       0.01277558
