     0.0000000       0.37983084       0.02832334
     0.1000000       0.21506423       0.01195006
     0.2000000       0.12220342       0.00838834
     0.3000000       0.07892708       0.00684941
     0.4000000       0.03464126       0.01634497
     0.5000000       0.02288728       0.01482441
     0.6000000       0.01693042       0.01205851
     0.7000000       0.01058021       0.01060096
     0.8000000       0.01995275       0.00686449
     0.9000000       0.01806616       0.00824257
     1.0000000       0.01325461       0.00591931
     1.1000000       0.00422237       0.00924316
     1.2000000       0.00374289       0.00677202
     1.3000000      -0.00789548       0.01834920
     1.4000000      -0.01125766       0.02242940
     1.5000000      -0.00254895       0.01608542
     1.6000000      -0.00173839       0.01729924
     1.7000000       0.00324165       0.00858657
     1.8000000      -0.00262035       0.01480423
     1.9000000      -0.00467249       0.01200553
     2.0000000       0.00145511       0.00915930
     2.1000000      -0.00014839       0.00997286
     2.2000000      -0.00414162       0.01151778
     2.3000000       0.00062169       0.00895832
     2.4000000       0.01048359       0.00393258
     2.5000000       0.00249372       0.00896839
     2.6000000       0.00700597       0.00773664
     2.7000000       0.00338436       0.01133577
     2.8000000       0.00084189       0.01248192
     2.9000000      -0.00338399       0.01362698
     3.0000000       0.00361449       0.00921651
     3.1000000       0.00874214       0.00839995
     3.2000000       0.01112019       0.00540226
     3.3000000       0.01675674       0.00488085
     3.4000000       0.01421707       0.00395729
     3.5000000       0.00403644       0.00862316
     3.6000000       0.00204186       0.00914707
     3.7000000       0.01004239       0.00466895
     3.8000000       0.01496889       0.00420032
     3.9000000       0.01182792       0.00441600
     4.0000000       0.01164042       0.00426657
     4.1000000       0.01399112       0.00418257
     4.2000000       0.00754639       0.00686478
     4.3000000       0.01085143       0.00630056
     4.4000000       0.01046654       0.00401478
     4.5000000       0.01893244       0.00431160
     4.6000000       0.00693900       0.00830818
     4.7000000       0.00067230       0.01585367
     4.8000000       0.00304791       0.01363559
     4.9000000       0.01010591       0.01004329
     5.0000000       0.01556174       0.00608605
     5.1000000       0.00912403       0.00984380
     5.2000000      -0.00065084       0.01826801
     5.3000000       0.01758442       0.01080234
     5.4000000       0.01903078       0.01541104
     5.5000000       0.02446265       0.02111678
     5.6000000       0.03918978       0.02082009
     5.7000000       0.05989072       0.02442033
     5.8000000       0.10498443       0.02470773
     5.9000000       0.21028361       0.02023742
     6.0000000       0.37983084       0.02832334
