     0.0000000       0.36175658       0.01002048
     0.1000000       0.21643384       0.00952143
     0.2000000       0.13766967       0.00902657
     0.3000000       0.09258640       0.00859017
     0.4000000       0.06591740       0.00820612
     0.5000000       0.04939645       0.00789023
     0.6000000       0.03661410       0.00770133
     0.7000000       0.02780712       0.00770678
     0.8000000       0.02309257       0.00786684
     0.9000000       0.01898331       0.00806419
     1.0000000       0.01610876       0.00815241
     1.1000000       0.01321654       0.00813385
     1.2000000       0.00960107       0.00807952
     1.3000000       0.00678701       0.00802970
     1.4000000       0.00603970       0.00803326
     1.5000000       0.00681732       0.00798073
     1.6000000       0.00715798       0.00792078
     1.7000000       0.00815525       0.00777861
     1.8000000       0.00940300       0.00765054
     1.9000000       0.01159523       0.00761500
     2.0000000       0.01619576       0.00753345
     2.1000000       0.02117357       0.00759091
     2.2000000       0.02600316       0.00784470
     2.3000000       0.03061395       0.00805559
     2.4000000       0.03436286       0.00834765
     2.5000000       0.04261318       0.00881167
     2.6000000       0.05944894       0.00936907
     2.7000000       0.08725226       0.01010281
     2.8000000       0.13374244       0.01059093
     2.9000000       0.21468629       0.01046133
     3.0000000       0.36175658       0.01002048
