     0.0000000       0.19988543       0.00847977
     0.1000000       0.15590737       0.00868576
     0.2000000       0.12743265       0.00861236
     0.3000000       0.10951575       0.00836335
     0.4000000       0.09948348       0.00822168
     0.5000000       0.09575581       0.00814623
     0.6000000       0.09836045       0.00810394
     0.7000000       0.10830882       0.00805731
     0.8000000       0.12654500       0.00809910
     0.9000000       0.15560426       0.00826310
     1.0000000       0.19988543       0.00847977
