     0.0000000       0.19206262       0.00594092
     0.1000000       0.13827058       0.00576966
     0.2000000       0.10092207       0.00560737
     0.3000000       0.07390860       0.00545898
     0.4000000       0.05347525       0.00529790
     0.5000000       0.03768119       0.00515387
     0.6000000       0.02617642       0.00499637
     0.7000000       0.01833321       0.00478167
     0.8000000       0.01267453       0.00458852
     0.9000000       0.00880489       0.00443688
     1.0000000       0.00611932       0.00434170
     1.1000000       0.00403684       0.00429210
     1.2000000       0.00289595       0.00422094
     1.3000000       0.00203394       0.00414116
     1.4000000       0.00098700       0.00412764
     1.5000000       0.00014372       0.00420312
     1.6000000       0.00065522       0.00429459
     1.7000000       0.00201379       0.00435479
     1.8000000       0.00311212       0.00440184
     1.9000000       0.00457462       0.00445587
     2.0000000       0.00680161       0.00449472
     2.1000000       0.01014256       0.00455389
     2.2000000       0.01522593       0.00463621
     2.3000000       0.02202740       0.00475691
     2.4000000       0.03034974       0.00494221
     2.5000000       0.04050574       0.00518419
     2.6000000       0.05410564       0.00544096
     2.7000000       0.07298065       0.00565887
     2.8000000       0.09960693       0.00585621
     2.9000000       0.13758177       0.00597257
     3.0000000       0.19206262       0.00594092
