     0.0000000       0.10504587       0.00216874
     0.1000000       0.07923246       0.00196459
     0.2000000       0.06186993       0.00214820
     0.3000000       0.05043811       0.00216162
     0.4000000       0.03795089       0.00223509
     0.5000000       0.02907685       0.00232038
     0.6000000       0.02364660       0.00234691
     0.7000000       0.02107029       0.00214086
     0.8000000       0.01790696       0.00224869
     0.9000000       0.01568344       0.00217204
     1.0000000       0.01324355       0.00223717
     1.1000000       0.01323569       0.00222052
     1.2000000       0.01344376       0.00218876
     1.3000000       0.01415478       0.00209712
     1.4000000       0.01417429       0.00238961
     1.5000000       0.01188806       0.00222399
     1.6000000       0.00954244       0.00215381
     1.7000000       0.00879317       0.00220030
     1.8000000       0.00755998       0.00201583
     1.9000000       0.00960418       0.00214623
     2.0000000       0.01125911       0.00211191
     2.1000000       0.01042576       0.00200362
     2.2000000       0.00829881       0.00211188
     2.3000000       0.00849672       0.00213903
     2.4000000       0.00839516       0.00201036
     2.5000000       0.01109381       0.00205267
     2.6000000       0.01335014       0.00207469
     2.7000000       0.01427019       0.00223081
     2.8000000       0.01574828       0.00218938
     2.9000000       0.01597510       0.00181874
     3.0000000       0.01649321       0.00193381
     3.1000000       0.01952266       0.00204271
     3.2000000       0.02091614       0.00185417
     3.3000000       0.02166246       0.00189401
     3.4000000       0.02354423       0.00201122
     3.5000000       0.02513311       0.00196573
     3.6000000       0.02628941       0.00205648
     3.7000000       0.03078571       0.00200020
     3.8000000       0.03491782       0.00190340
     3.9000000       0.03901358       0.00208792
     4.0000000       0.04393540       0.00223087
     4.1000000       0.05114046       0.00222189
     4.2000000       0.05828603       0.00218036
     4.3000000       0.06759092       0.00224333
     4.4000000       0.07658317       0.00221446
     4.5000000       0.08810680       0.00238463
     4.6000000       0.10161518       0.00232681
     4.7000000       0.11368650       0.00230333
     4.8000000       0.12989285       0.00233438
     4.9000000       0.14926743       0.00225664
     5.0000000       0.17309412       0.00237483
     5.1000000       0.20301124       0.00228222
     5.2000000       0.23386033       0.00221078
     5.3000000       0.27169561       0.00209984
     5.4000000       0.31711898       0.00205310
     5.5000000       0.37188342       0.00221512
     5.6000000       0.43868182       0.00227920
     5.7000000       0.51879613       0.00228374
     5.8000000       0.61610349       0.00227894
     5.9000000       0.74113302       0.00210628
     6.0000000       0.89495413       0.00216874
