#    kx       ky   	              (0, 0)              	         trace over n_orb         
-2.35619 -2.35619	 1.1770159568e+00  8.0189667721e-03	 1.1770159568e+00  8.0189667721e-03
-2.35619 -1.57080	 8.4204891046e-01  6.6270156482e-03	 8.4204891046e-01  6.6270156482e-03
-2.35619 -0.78540	 6.5790996272e-01  4.9817916525e-03	 6.5790996272e-01  4.9817916525e-03
-2.35619  0.00000	 6.0158076698e-01  4.5438128756e-03	 6.0158076698e-01  4.5438128756e-03
-2.35619  0.78540	 6.5895839048e-01  5.5878333310e-03	 6.5895839048e-01  5.5878333310e-03
-2.35619  1.57080	 8.4266519274e-01  6.7507413111e-03	 8.4266519274e-01  6.7507413111e-03
-2.35619  2.35619	 1.1796076775e+00  7.8553977872e-03	 1.1796076775e+00  7.8553977872e-03
-2.35619  3.14159	 1.4063659430e+00  8.1621752487e-03	 1.4063659430e+00  8.1621752487e-03
-1.57080 -2.35619	 8.3754134295e-01  3.1990602018e-03	 8.3754134295e-01  3.1990602018e-03
-1.57080 -1.57080	 6.8433231374e-01  2.6941245805e-03	 6.8433231374e-01  2.6941245805e-03
-1.57080 -0.78540	 5.3800562496e-01  2.9420228771e-03	 5.3800562496e-01  2.9420228771e-03
-1.57080  0.00000	 4.8593528044e-01  3.3172574478e-03	 4.8593528044e-01  3.3172574478e-03
-1.57080  0.78540	 5.3874128442e-01  3.2714406852e-03	 5.3874128442e-01  3.2714406852e-03
-1.57080  1.57080	 6.8547599956e-01  3.0712534223e-03	 6.8547599956e-01  3.0712534223e-03
-1.57080  2.35619	 8.3844142216e-01  3.0602186995e-03	 8.3844142216e-01  3.0602186995e-03
-1.57080  3.14159	 8.9299320249e-01  3.3819163763e-03	 8.9299320249e-01  3.3819163763e-03
-0.78540 -2.35619	 6.5409986570e-01  1.8018936877e-03	 6.5409986570e-01  1.8018936877e-03
-0.78540 -1.57080	 5.3676587327e-01  1.7527588019e-03	 5.3676587327e-01  1.7527588019e-03
-0.78540 -0.78540	 3.9217329631e-01  1.2295727738e-03	 3.9217329631e-01  1.2295727738e-03
-0.78540  0.00000	 3.2656950207e-01  9.3050199147e-04	 3.2656950207e-01  9.3050199147e-04
-0.78540  0.78540	 3.9235955473e-01  9.9165774861e-04	 3.9235955473e-01  9.9165774861e-04
-0.78540  1.57080	 5.3677596998e-01  1.4444980897e-03	 5.3677596998e-01  1.4444980897e-03
-0.78540  2.35619	 6.5449416977e-01  1.8485269809e-03	 6.5449416977e-01  1.8485269809e-03
-0.78540  3.14159	 6.8943748279e-01  1.7522753365e-03	 6.8943748279e-01  1.7522753365e-03
 0.00000 -2.35619	 5.9751573252e-01  1.4267977529e-03	 5.9751573252e-01  1.4267977529e-03
 0.00000 -1.57080	 4.8355227969e-01  1.1761109514e-03	 4.8355227969e-01  1.1761109514e-03
 0.00000 -0.78540	 3.2628234266e-01  8.8323660578e-04	 3.2628234266e-01  8.8323660578e-04
 0.00000  0.00000	 2.5010605764e-01  1.0362908500e-03	 2.5010605764e-01  1.0362908500e-03
 0.00000  0.78540	 3.2628234266e-01  8.8323660578e-04	 3.2628234266e-01  8.8323660578e-04
 0.00000  1.57080	 4.8355227969e-01  1.1761109514e-03	 4.8355227969e-01  1.1761109514e-03
 0.00000  2.35619	 5.9751573252e-01  1.4267977529e-03	 5.9751573252e-01  1.4267977529e-03
 0.00000  3.14159	 6.3815002513e-01  1.5315891405e-03	 6.3815002513e-01  1.5315891405e-03
 0.78540 -2.35619	 6.5449416977e-01  1.8485269809e-03	 6.5449416977e-01  1.8485269809e-03
 0.78540 -1.57080	 5.3677596998e-01  1.4444980897e-03	 5.3677596998e-01  1.4444980897e-03
 0.78540 -0.78540	 3.9235955473e-01  9.9165774861e-04	 3.9235955473e-01  9.9165774861e-04
 0.78540  0.00000	 3.2656950207e-01  9.3050199147e-04	 3.2656950207e-01  9.3050199147e-04
 0.78540  0.78540	 3.9217329631e-01  1.2295727738e-03	 3.9217329631e-01  1.2295727738e-03
 0.78540  1.57080	 5.3676587327e-01  1.7527588019e-03	 5.3676587327e-01  1.7527588019e-03
 0.78540  2.35619	 6.5409986570e-01  1.8018936877e-03	 6.5409986570e-01  1.8018936877e-03
 0.78540  3.14159	 6.8943748279e-01  1.7522753365e-03	 6.8943748279e-01  1.7522753365e-03
 1.57080 -2.35619	 8.3844142216e-01  3.0602186995e-03	 8.3844142216e-01  3.0602186995e-03
 1.57080 -1.57080	 6.8547599956e-01  3.0712534223e-03	 6.8547599956e-01  3.0712534223e-03
 1.57080 -0.78540	 5.3874128442e-01  3.2714406852e-03	 5.3874128442e-01  3.2714406852e-03
 1.57080  0.00000	 4.8593528044e-01  3.3172574478e-03	 4.8593528044e-01  3.3172574478e-03
 1.57080  0.78540	 5.3800562496e-01  2.9420228771e-03	 5.3800562496e-01  2.9420228771e-03
 1.57080  1.57080	 6.8433231374e-01  2.6941245805e-03	 6.8433231374e-01  2.6941245805e-03
 1.57080  2.35619	 8.3754134295e-01  3.1990602018e-03	 8.3754134295e-01  3.1990602018e-03
 1.57080  3.14159	 8.9299320249e-01  3.3819163763e-03	 8.9299320249e-01  3.3819163763e-03
 2.35619 -2.35619	 1.1796076775e+00  7.8553977872e-03	 1.1796076775e+00  7.8553977872e-03
 2.35619 -1.57080	 8.4266519274e-01  6.7507413111e-03	 8.4266519274e-01  6.7507413111e-03
 2.35619 -0.78540	 6.5895839048e-01  5.5878333310e-03	 6.5895839048e-01  5.5878333310e-03
 2.35619  0.00000	 6.0158076698e-01  4.5438128756e-03	 6.0158076698e-01  4.5438128756e-03
 2.35619  0.78540	 6.5790996272e-01  4.9817916525e-03	 6.5790996272e-01  4.9817916525e-03
 2.35619  1.57080	 8.4204891046e-01  6.6270156482e-03	 8.4204891046e-01  6.6270156482e-03
 2.35619  2.35619	 1.1770159568e+00  8.0189667721e-03	 1.1770159568e+00  8.0189667721e-03
 2.35619  3.14159	 1.4063659430e+00  8.1621752487e-03	 1.4063659430e+00  8.1621752487e-03
 3.14159 -2.35619	 1.4128818115e+00  1.3234232637e-02	 1.4128818115e+00  1.3234232637e-02
 3.14159 -1.57080	 8.9834029402e-01  7.0385524158e-03	 8.9834029402e-01  7.0385524158e-03
 3.14159 -0.78540	 6.9493449362e-01  5.0014173240e-03	 6.9493449362e-01  5.0014173240e-03
 3.14159  0.00000	 6.4288630757e-01  4.5715613514e-03	 6.4288630757e-01  4.5715613514e-03
 3.14159  0.78540	 6.9493449362e-01  5.0014173240e-03	 6.9493449362e-01  5.0014173240e-03
 3.14159  1.57080	 8.9834029402e-01  7.0385524158e-03	 8.9834029402e-01  7.0385524158e-03
 3.14159  2.35619	 1.4128818115e+00  1.3234232637e-02	 1.4128818115e+00  1.3234232637e-02
 3.14159  3.14159	 2.2282723655e+00  2.4197405482e-02	 2.2282723655e+00  2.4197405482e-02
