#    rx       ry   	         trace over n_orb         
 -3.00000  -3.00000	 7.1817338394e-03  1.6729875000e-04
 -3.00000  -2.00000	-9.6404371170e-03  2.4293615706e-04
 -3.00000  -1.00000	 1.0764648239e-02  3.2934761081e-04
 -3.00000   0.00000	-1.0599978251e-02  2.4540606023e-04
 -3.00000   1.00000	 1.0748839202e-02  3.6132670534e-04
 -3.00000   2.00000	-9.5733143888e-03  2.2291043174e-04
 -3.00000   3.00000	 7.0783286788e-03  1.4695418870e-04
 -3.00000   4.00000	-6.4417688616e-03  1.4430665706e-04
 -2.00000  -3.00000	-9.5463034355e-03  1.8087306899e-04
 -2.00000  -2.00000	 1.5313433808e-02  2.5353346295e-04
 -2.00000  -1.00000	-2.6817480605e-02  5.3832642319e-04
 -2.00000   0.00000	 2.4742120661e-02  5.6037868315e-04
 -2.00000   1.00000	-2.6644378131e-02  4.7373036327e-04
 -2.00000   2.00000	 1.5229980851e-02  2.7191646935e-04
 -2.00000   3.00000	-9.4489741591e-03  1.7352139461e-04
 -2.00000   4.00000	 7.3118265498e-03  1.5261416840e-04
 -1.00000  -3.00000	 1.0597268419e-02  2.0840310654e-04
 -1.00000  -2.00000	-2.6478416895e-02  3.2869111794e-04
 -1.00000  -1.00000	 4.6554024590e-02  6.9980876459e-04
 -1.00000   0.00000	-1.5129111796e-01  2.0717464099e-03
 -1.00000   1.00000	 4.6250674586e-02  6.5882882242e-04
 -1.00000   2.00000	-2.6390741698e-02  3.1926474259e-04
 -1.00000   3.00000	 1.0492243748e-02  1.9616351042e-04
 -1.00000   4.00000	-7.4470486110e-03  1.5969280489e-04
  0.00000  -3.00000	-1.0389398151e-02  2.0030190836e-04
  0.00000  -2.00000	 2.4144772570e-02  3.3177086497e-04
  0.00000  -1.00000	-1.4969973257e-01  8.9600378531e-04
  0.00000   0.00000	 7.2948466619e-01  3.9036344467e-03
  0.00000   1.00000	-1.4969973257e-01  8.9600378531e-04
  0.00000   2.00000	 2.4144772570e-02  3.3177086497e-04
  0.00000   3.00000	-1.0389398151e-02  2.0030190836e-04
  0.00000   4.00000	 7.5494831362e-03  1.5659506537e-04
  1.00000  -3.00000	 1.0492243748e-02  1.9616351042e-04
  1.00000  -2.00000	-2.6390741698e-02  3.1926474259e-04
  1.00000  -1.00000	 4.6250674586e-02  6.5882882242e-04
  1.00000   0.00000	-1.5129111796e-01  2.0717464099e-03
  1.00000   1.00000	 4.6554024590e-02  6.9980876459e-04
  1.00000   2.00000	-2.6478416895e-02  3.2869111794e-04
  1.00000   3.00000	 1.0597268419e-02  2.0840310654e-04
  1.00000   4.00000	-7.4470486110e-03  1.5969280489e-04
  2.00000  -3.00000	-9.4489741591e-03  1.7352139461e-04
  2.00000  -2.00000	 1.5229980851e-02  2.7191646935e-04
  2.00000  -1.00000	-2.6644378131e-02  4.7373036327e-04
  2.00000   0.00000	 2.4742120661e-02  5.6037868315e-04
  2.00000   1.00000	-2.6817480605e-02  5.3832642319e-04
  2.00000   2.00000	 1.5313433808e-02  2.5353346295e-04
  2.00000   3.00000	-9.5463034355e-03  1.8087306899e-04
  2.00000   4.00000	 7.3118265498e-03  1.5261416840e-04
  3.00000  -3.00000	 7.0783286788e-03  1.4695418870e-04
  3.00000  -2.00000	-9.5733143888e-03  2.2291043174e-04
  3.00000  -1.00000	 1.0748839202e-02  3.6132670534e-04
  3.00000   0.00000	-1.0599978251e-02  2.4540606023e-04
  3.00000   1.00000	 1.0764648239e-02  3.2934761081e-04
  3.00000   2.00000	-9.6404371170e-03  2.4293615706e-04
  3.00000   3.00000	 7.1817338394e-03  1.6729875000e-04
  3.00000   4.00000	-6.4417688616e-03  1.4430665706e-04
  4.00000  -3.00000	-6.5226525608e-03  1.6165763494e-04
  4.00000  -2.00000	 7.5386632938e-03  2.9876640247e-04
  4.00000  -1.00000	-7.6098335623e-03  2.2613421753e-04
  4.00000   0.00000	 7.6828839766e-03  1.8151639504e-04
  4.00000   1.00000	-7.6098335623e-03  2.2613421753e-04
  4.00000   2.00000	 7.5386632938e-03  2.9876640247e-04
  4.00000   3.00000	-6.5226525608e-03  1.6165763494e-04
  4.00000   4.00000	 6.5750601819e-03  1.5213457897e-04
