#    rx       ry   	              (0, 0)              	         trace over n_orb         
 -3.00000  -3.00000	-8.1075368743e-05  5.5538550245e-05	-8.1075368743e-05  5.5538550245e-05
 -3.00000  -2.00000	 2.1012578400e-02  1.1189917003e-04	 2.1012578400e-02  1.1189917003e-04
 -3.00000  -1.00000	 1.0241875214e-04  6.9692363631e-05	 1.0241875214e-04  6.9692363631e-05
 -3.00000   0.00000	-2.1151015540e-03  1.1089867439e-04	-2.1151015540e-03  1.1089867439e-04
 -3.00000   1.00000	 1.1813872152e-04  7.7664406415e-05	 1.1813872152e-04  7.7664406415e-05
 -3.00000   2.00000	 2.1121952586e-02  1.1096266664e-04	 2.1121952586e-02  1.1096266664e-04
 -3.00000   3.00000	-4.7161357702e-05  5.9216725469e-05	-4.7161357702e-05  5.9216725469e-05
 -3.00000   4.00000	-1.1189301868e-02  8.8339512289e-05	-1.1189301868e-02  8.8339512289e-05
 -2.00000  -3.00000	 2.1016454156e-02  1.1300789900e-04	 2.1016454156e-02  1.1300789900e-04
 -2.00000  -2.00000	-1.4783802510e-04  9.4014269803e-05	-1.4783802510e-04  9.4014269803e-05
 -2.00000  -1.00000	-6.6754858461e-02  1.9824826015e-04	-6.6754858461e-02  1.9824826015e-04
 -2.00000   0.00000	-1.9125669165e-04  1.2873454874e-04	-1.9125669165e-04  1.2873454874e-04
 -2.00000   1.00000	-6.6912170208e-02  1.9901774395e-04	-6.6912170208e-02  1.9901774395e-04
 -2.00000   2.00000	-6.3368832914e-05  9.0507423926e-05	-6.3368832914e-05  9.0507423926e-05
 -2.00000   3.00000	 2.0830940693e-02  1.1104939001e-04	 2.0830940693e-02  1.1104939001e-04
 -2.00000   4.00000	 1.2073363956e-04  6.9011787355e-05	 1.2073363956e-04  6.9011787355e-05
 -1.00000  -3.00000	 7.7210204374e-05  7.7929512060e-05	 7.7210204374e-05  7.7929512060e-05
 -1.00000  -2.00000	-6.6670123993e-02  2.1624672804e-04	-6.6670123993e-02  2.1624672804e-04
 -1.00000  -1.00000	 2.2645872544e-04  1.5034695673e-04	 2.2645872544e-04  1.5034695673e-04
 -1.00000   0.00000	 3.3021306296e-01  3.8812378850e-04	 3.3021306296e-01  3.8812378850e-04
 -1.00000   1.00000	-1.1480299463e-05  1.5617064017e-04	-1.1480299463e-05  1.5617064017e-04
 -1.00000   2.00000	-6.6450484982e-02  2.3447807140e-04	-6.6450484982e-02  2.3447807140e-04
 -1.00000   3.00000	-4.7558424104e-05  7.7030491393e-05	-4.7558424104e-05  7.7030491393e-05
 -1.00000   4.00000	 6.5663492494e-03  8.7054262871e-05	 6.5663492494e-03  8.7054262871e-05
  0.00000  -3.00000	-2.1819615822e-03  1.0075762403e-04	-2.1819615822e-03  1.0075762403e-04
  0.00000  -2.00000	-1.7496897273e-04  1.3672304976e-04	-1.7496897273e-04  1.3672304976e-04
  0.00000  -1.00000	 3.2976280013e-01  4.2045141979e-04	 3.2976280013e-01  4.2045141979e-04
  0.00000   0.00000	 1.0000000000e+00  3.4237377256e-15	 1.0000000000e+00  3.4237377256e-15
  0.00000   1.00000	 3.2976280013e-01  4.2045141979e-04	 3.2976280013e-01  4.2045141979e-04
  0.00000   2.00000	 1.7496897273e-04  1.3672304976e-04	 1.7496897273e-04  1.3672304976e-04
  0.00000   3.00000	-2.1819615822e-03  1.0075762403e-04	-2.1819615822e-03  1.0075762403e-04
  0.00000   4.00000	-1.4489604728e-15  1.7474399286e-16	-1.4489604728e-15  1.7474399286e-16
  1.00000  -3.00000	 4.7558424102e-05  7.7030491392e-05	 4.7558424102e-05  7.7030491392e-05
  1.00000  -2.00000	-6.6450484982e-02  2.3447807140e-04	-6.6450484982e-02  2.3447807140e-04
  1.00000  -1.00000	 1.1480299461e-05  1.5617064017e-04	 1.1480299461e-05  1.5617064017e-04
  1.00000   0.00000	 3.3021306296e-01  3.8812378850e-04	 3.3021306296e-01  3.8812378850e-04
  1.00000   1.00000	-2.2645872544e-04  1.5034695673e-04	-2.2645872544e-04  1.5034695673e-04
  1.00000   2.00000	-6.6670123993e-02  2.1624672804e-04	-6.6670123993e-02  2.1624672804e-04
  1.00000   3.00000	-7.7210204375e-05  7.7929512060e-05	-7.7210204375e-05  7.7929512060e-05
  1.00000   4.00000	 6.5663492494e-03  8.7054262871e-05	 6.5663492494e-03  8.7054262871e-05
  2.00000  -3.00000	 2.0830940693e-02  1.1104939001e-04	 2.0830940693e-02  1.1104939001e-04
  2.00000  -2.00000	 6.3368832913e-05  9.0507423926e-05	 6.3368832913e-05  9.0507423926e-05
  2.00000  -1.00000	-6.6912170208e-02  1.9901774395e-04	-6.6912170208e-02  1.9901774395e-04
  2.00000   0.00000	 1.9125669165e-04  1.2873454874e-04	 1.9125669165e-04  1.2873454874e-04
  2.00000   1.00000	-6.6754858461e-02  1.9824826015e-04	-6.6754858461e-02  1.9824826015e-04
  2.00000   2.00000	 1.4783802510e-04  9.4014269803e-05	 1.4783802510e-04  9.4014269803e-05
  2.00000   3.00000	 2.1016454156e-02  1.1300789900e-04	 2.1016454156e-02  1.1300789900e-04
  2.00000   4.00000	-1.2073363956e-04  6.9011787355e-05	-1.2073363956e-04  6.9011787355e-05
  3.00000  -3.00000	 4.7161357701e-05  5.9216725469e-05	 4.7161357701e-05  5.9216725469e-05
  3.00000  -2.00000	 2.1121952586e-02  1.1096266664e-04	 2.1121952586e-02  1.1096266664e-04
  3.00000  -1.00000	-1.1813872152e-04  7.7664406415e-05	-1.1813872152e-04  7.7664406415e-05
  3.00000   0.00000	-2.1151015540e-03  1.1089867439e-04	-2.1151015540e-03  1.1089867439e-04
  3.00000   1.00000	-1.0241875214e-04  6.9692363631e-05	-1.0241875214e-04  6.9692363631e-05
  3.00000   2.00000	 2.1012578400e-02  1.1189917003e-04	 2.1012578400e-02  1.1189917003e-04
  3.00000   3.00000	 8.1075368743e-05  5.5538550245e-05	 8.1075368743e-05  5.5538550245e-05
  3.00000   4.00000	-1.1189301868e-02  8.8339512289e-05	-1.1189301868e-02  8.8339512289e-05
  4.00000  -3.00000	-1.1237046529e-02  8.2946419487e-05	-1.1237046529e-02  8.2946419487e-05
  4.00000  -2.00000	 6.3993084680e-05  6.7813002293e-05	 6.3993084680e-05  6.7813002293e-05
  4.00000  -1.00000	 6.5854470607e-03  9.3526636212e-05	 6.5854470607e-03  9.3526636212e-05
  4.00000   0.00000	-3.4857917083e-16  3.2471342590e-16	-3.4857917083e-16  3.2471342590e-16
  4.00000   1.00000	 6.5854470607e-03  9.3526636212e-05	 6.5854470607e-03  9.3526636212e-05
  4.00000   2.00000	-6.3993084682e-05  6.7813002293e-05	-6.3993084682e-05  6.7813002293e-05
  4.00000   3.00000	-1.1237046529e-02  8.2946419487e-05	-1.1237046529e-02  8.2946419487e-05
  4.00000   4.00000	-2.3441388069e-15  1.7940041893e-16	-2.3441388069e-15  1.7940041893e-16
