#    kx       ky   	              (0, 0)              	         trace over n_orb         
-2.35619 -2.35619	 1.1091084652e-01  4.8777373319e-04	 1.1091084652e-01  4.8777373319e-04
-2.35619 -1.57080	 2.5700212072e-01  1.0796542411e-03	 2.5700212072e-01  1.0796542411e-03
-2.35619 -0.78540	 1.0003133800e+00  1.4834857678e-03	 1.0003133800e+00  1.4834857678e-03
-2.35619  0.00000	 1.4172197918e+00  1.7589940541e-03	 1.4172197918e+00  1.7589940541e-03
-2.35619  0.78540	 9.9841313404e-01  1.5508339358e-03	 9.9841313404e-01  1.5508339358e-03
-2.35619  1.57080	 2.5711492759e-01  1.1043222596e-03	 2.5711492759e-01  1.1043222596e-03
-2.35619  2.35619	 1.1087178025e-01  5.0097652411e-04	 1.1087178025e-01  5.0097652411e-04
-2.35619  3.14159	 8.8290039746e-02  4.0733162754e-04	 8.8290039746e-02  4.0733162754e-04
-1.57080 -2.35619	 2.5691899610e-01  1.0218129782e-03	 2.5691899610e-01  1.0218129782e-03
-1.57080 -1.57080	 1.0000000000e+00  1.5622222715e-15	 1.0000000000e+00  1.5622222715e-15
-1.57080 -0.78540	 1.7430810039e+00  1.0218129782e-03	 1.7430810039e+00  1.0218129782e-03
-1.57080  0.00000	 1.8294977458e+00  7.8536281038e-04	 1.8294977458e+00  7.8536281038e-04
-1.57080  0.78540	 1.7426399446e+00  1.0771419129e-03	 1.7426399446e+00  1.0771419129e-03
-1.57080  1.57080	 1.0000000000e+00  9.3969738522e-15	 1.0000000000e+00  9.3969738522e-15
-1.57080  2.35619	 2.5736005540e-01  1.0771419129e-03	 2.5736005540e-01  1.0771419129e-03
-1.57080  3.14159	 1.7050225420e-01  7.8536281038e-04	 1.7050225420e-01  7.8536281038e-04
-0.78540 -2.35619	 9.9968661999e-01  1.4834857678e-03	 9.9968661999e-01  1.4834857678e-03
-0.78540 -1.57080	 1.7429978793e+00  1.0796542411e-03	 1.7429978793e+00  1.0796542411e-03
-0.78540 -0.78540	 1.8890891535e+00  4.8777373319e-04	 1.8890891535e+00  4.8777373319e-04
-0.78540  0.00000	 1.9117099603e+00  4.0733162754e-04	 1.9117099603e+00  4.0733162754e-04
-0.78540  0.78540	 1.8891282198e+00  5.0097652411e-04	 1.8891282198e+00  5.0097652411e-04
-0.78540  1.57080	 1.7428850724e+00  1.1043222596e-03	 1.7428850724e+00  1.1043222596e-03
-0.78540  2.35619	 1.0015868660e+00  1.5508339358e-03	 1.0015868660e+00  1.5508339358e-03
-0.78540  3.14159	 5.8278020820e-01  1.7589940541e-03	 5.8278020820e-01  1.7589940541e-03
 0.00000 -2.35619	 1.4190111101e+00  1.6309906411e-03	 1.4190111101e+00  1.6309906411e-03
 0.00000 -1.57080	 1.8289221736e+00  7.7976828457e-04	 1.8289221736e+00  7.7976828457e-04
 0.00000 -0.78540	 1.9118725460e+00  3.8155137111e-04	 1.9118725460e+00  3.8155137111e-04
 0.00000  0.00000	 1.9271970721e+00  3.5388890489e-04	 1.9271970721e+00  3.5388890489e-04
 0.00000  0.78540	 1.9118725460e+00  3.8155137111e-04	 1.9118725460e+00  3.8155137111e-04
 0.00000  1.57080	 1.8289221736e+00  7.7976828457e-04	 1.8289221736e+00  7.7976828457e-04
 0.00000  2.35619	 1.4190111101e+00  1.6309906411e-03	 1.4190111101e+00  1.6309906411e-03
 0.00000  3.14159	 1.0027586511e+00  2.2492899599e-03	 1.0027586511e+00  2.2492899599e-03
 0.78540 -2.35619	 1.0015868660e+00  1.5508339358e-03	 1.0015868660e+00  1.5508339358e-03
 0.78540 -1.57080	 1.7428850724e+00  1.1043222596e-03	 1.7428850724e+00  1.1043222596e-03
 0.78540 -0.78540	 1.8891282198e+00  5.0097652411e-04	 1.8891282198e+00  5.0097652411e-04
 0.78540  0.00000	 1.9117099603e+00  4.0733162754e-04	 1.9117099603e+00  4.0733162754e-04
 0.78540  0.78540	 1.8890891535e+00  4.8777373319e-04	 1.8890891535e+00  4.8777373319e-04
 0.78540  1.57080	 1.7429978793e+00  1.0796542411e-03	 1.7429978793e+00  1.0796542411e-03
 0.78540  2.35619	 9.9968661999e-01  1.4834857678e-03	 9.9968661999e-01  1.4834857678e-03
 0.78540  3.14159	 5.8278020820e-01  1.7589940541e-03	 5.8278020820e-01  1.7589940541e-03
 1.57080 -2.35619	 2.5736005540e-01  1.0771419129e-03	 2.5736005540e-01  1.0771419129e-03
 1.57080 -1.57080	 1.0000000000e+00  9.3969738522e-15	 1.0000000000e+00  9.3969738522e-15
 1.57080 -0.78540	 1.7426399446e+00  1.0771419129e-03	 1.7426399446e+00  1.0771419129e-03
 1.57080  0.00000	 1.8294977458e+00  7.8536281038e-04	 1.8294977458e+00  7.8536281038e-04
 1.57080  0.78540	 1.7430810039e+00  1.0218129782e-03	 1.7430810039e+00  1.0218129782e-03
 1.57080  1.57080	 1.0000000000e+00  1.5622222715e-15	 1.0000000000e+00  1.5622222715e-15
 1.57080  2.35619	 2.5691899610e-01  1.0218129782e-03	 2.5691899610e-01  1.0218129782e-03
 1.57080  3.14159	 1.7050225420e-01  7.8536281038e-04	 1.7050225420e-01  7.8536281038e-04
 2.35619 -2.35619	 1.1087178025e-01  5.0097652411e-04	 1.1087178025e-01  5.0097652411e-04
 2.35619 -1.57080	 2.5711492759e-01  1.1043222596e-03	 2.5711492759e-01  1.1043222596e-03
 2.35619 -0.78540	 9.9841313404e-01  1.5508339358e-03	 9.9841313404e-01  1.5508339358e-03
 2.35619  0.00000	 1.4172197918e+00  1.7589940541e-03	 1.4172197918e+00  1.7589940541e-03
 2.35619  0.78540	 1.0003133800e+00  1.4834857678e-03	 1.0003133800e+00  1.4834857678e-03
 2.35619  1.57080	 2.5700212072e-01  1.0796542411e-03	 2.5700212072e-01  1.0796542411e-03
 2.35619  2.35619	 1.1091084652e-01  4.8777373319e-04	 1.1091084652e-01  4.8777373319e-04
 2.35619  3.14159	 8.8290039746e-02  4.0733162754e-04	 8.8290039746e-02  4.0733162754e-04
 3.14159 -2.35619	 8.8127453959e-02  3.8155137111e-04	 8.8127453959e-02  3.8155137111e-04
 3.14159 -1.57080	 1.7107782644e-01  7.7976828457e-04	 1.7107782644e-01  7.7976828457e-04
 3.14159 -0.78540	 5.8098888994e-01  1.6309906411e-03	 5.8098888994e-01  1.6309906411e-03
 3.14159  0.00000	 9.9724134892e-01  2.2492899599e-03	 9.9724134892e-01  2.2492899599e-03
 3.14159  0.78540	 5.8098888994e-01  1.6309906411e-03	 5.8098888994e-01  1.6309906411e-03
 3.14159  1.57080	 1.7107782644e-01  7.7976828457e-04	 1.7107782644e-01  7.7976828457e-04
 3.14159  2.35619	 8.8127453959e-02  3.8155137111e-04	 8.8127453959e-02  3.8155137111e-04
 3.14159  3.14159	 7.2802927886e-02  3.5388890489e-04	 7.2802927886e-02  3.5388890489e-04
