#    kx       ky   	              (0, 0)              	         trace over n_orb         
-2.35619 -2.35619	 1.9515811528e-01  4.2313956059e-04	 1.9515811528e-01  4.2313956059e-04
-2.35619 -1.57080	 2.6720995705e-01  5.8627814654e-04	 2.6720995705e-01  5.8627814654e-04
-2.35619 -0.78540	 3.2624944657e-01  8.9526955014e-04	 3.2624944657e-01  8.9526955014e-04
-2.35619  0.00000	 3.4418683626e-01  9.5682297099e-04	 3.4418683626e-01  9.5682297099e-04
-2.35619  0.78540	 3.2705806801e-01  1.1364741373e-03	 3.2705806801e-01  1.1364741373e-03
-2.35619  1.57080	 2.6829749792e-01  8.4963758277e-04	 2.6829749792e-01  8.4963758277e-04
-2.35619  2.35619	 1.9591602995e-01  6.6093248583e-04	 1.9591602995e-01  6.6093248583e-04
-2.35619  3.14159	 1.6297938664e-01  5.8068052468e-04	 1.6297938664e-01  5.8068052468e-04
-1.57080 -2.35619	 2.6692801499e-01  5.6522969130e-04	 2.6692801499e-01  5.6522969130e-04
-1.57080 -1.57080	 3.4047053043e-01  7.2650284464e-04	 3.4047053043e-01  7.2650284464e-04
-1.57080 -0.78540	 4.1744787788e-01  1.1570840465e-03	 4.1744787788e-01  1.1570840465e-03
-1.57080  0.00000	 4.4492459348e-01  1.2821218547e-03	 4.4492459348e-01  1.2821218547e-03
-1.57080  0.78540	 4.1841146199e-01  1.3359270762e-03	 4.1841146199e-01  1.3359270762e-03
-1.57080  1.57080	 3.4155901168e-01  9.2381790872e-04	 3.4155901168e-01  9.2381790872e-04
-1.57080  2.35619	 2.6760643301e-01  7.4103055386e-04	 2.6760643301e-01  7.4103055386e-04
-1.57080  3.14159	 2.4080948460e-01  6.0543820138e-04	 2.4080948460e-01  6.0543820138e-04
-0.78540 -2.35619	 3.2576459712e-01  7.5219957600e-04	 3.2576459712e-01  7.5219957600e-04
-0.78540 -1.57080	 4.1714743399e-01  1.0464123693e-03	 4.1714743399e-01  1.0464123693e-03
-0.78540 -0.78540	 5.8397851204e-01  2.0397572678e-03	 5.8397851204e-01  2.0397572678e-03
-0.78540  0.00000	 6.9894444677e-01  3.4336842757e-03	 6.9894444677e-01  3.4336842757e-03
-0.78540  0.78540	 5.8669485353e-01  2.5068737494e-03	 5.8669485353e-01  2.5068737494e-03
-0.78540  1.57080	 4.1774679194e-01  1.1705132725e-03	 4.1774679194e-01  1.1705132725e-03
-0.78540  2.35619	 3.2595248617e-01  7.8467108097e-04	 3.2595248617e-01  7.8467108097e-04
-0.78540  3.14159	 2.9784240403e-01  7.0348067742e-04	 2.9784240403e-01  7.0348067742e-04
 0.00000 -2.35619	 3.4406781169e-01  8.1989024844e-04	 3.4406781169e-01  8.1989024844e-04
 0.00000 -1.57080	 4.4493232853e-01  1.1454008993e-03	 4.4493232853e-01  1.1454008993e-03
 0.00000 -0.78540	 6.9889953473e-01  3.2920391935e-03	 6.9889953473e-01  3.2920391935e-03
 0.00000  0.00000	 1.1016151739e+00  1.1468320592e-02	 1.1016151739e+00  1.1468320592e-02
 0.00000  0.78540	 6.9889953473e-01  3.2920391935e-03	 6.9889953473e-01  3.2920391935e-03
 0.00000  1.57080	 4.4493232853e-01  1.1454008993e-03	 4.4493232853e-01  1.1454008993e-03
 0.00000  2.35619	 3.4406781169e-01  8.1989024844e-04	 3.4406781169e-01  8.1989024844e-04
 0.00000  3.14159	 3.1829233930e-01  7.7751383847e-04	 3.1829233930e-01  7.7751383847e-04
 0.78540 -2.35619	 3.2595248617e-01  7.8467108097e-04	 3.2595248617e-01  7.8467108097e-04
 0.78540 -1.57080	 4.1774679194e-01  1.1705132725e-03	 4.1774679194e-01  1.1705132725e-03
 0.78540 -0.78540	 5.8669485353e-01  2.5068737494e-03	 5.8669485353e-01  2.5068737494e-03
 0.78540  0.00000	 6.9894444677e-01  3.4336842757e-03	 6.9894444677e-01  3.4336842757e-03
 0.78540  0.78540	 5.8397851204e-01  2.0397572678e-03	 5.8397851204e-01  2.0397572678e-03
 0.78540  1.57080	 4.1714743399e-01  1.0464123693e-03	 4.1714743399e-01  1.0464123693e-03
 0.78540  2.35619	 3.2576459712e-01  7.5219957600e-04	 3.2576459712e-01  7.5219957600e-04
 0.78540  3.14159	 2.9784240403e-01  7.0348067742e-04	 2.9784240403e-01  7.0348067742e-04
 1.57080 -2.35619	 2.6760643301e-01  7.4103055386e-04	 2.6760643301e-01  7.4103055386e-04
 1.57080 -1.57080	 3.4155901168e-01  9.2381790872e-04	 3.4155901168e-01  9.2381790872e-04
 1.57080 -0.78540	 4.1841146199e-01  1.3359270762e-03	 4.1841146199e-01  1.3359270762e-03
 1.57080  0.00000	 4.4492459348e-01  1.2821218547e-03	 4.4492459348e-01  1.2821218547e-03
 1.57080  0.78540	 4.1744787788e-01  1.1570840465e-03	 4.1744787788e-01  1.1570840465e-03
 1.57080  1.57080	 3.4047053043e-01  7.2650284464e-04	 3.4047053043e-01  7.2650284464e-04
 1.57080  2.35619	 2.6692801499e-01  5.6522969130e-04	 2.6692801499e-01  5.6522969130e-04
 1.57080  3.14159	 2.4080948460e-01  6.0543820138e-04	 2.4080948460e-01  6.0543820138e-04
 2.35619 -2.35619	 1.9591602995e-01  6.6093248583e-04	 1.9591602995e-01  6.6093248583e-04
 2.35619 -1.57080	 2.6829749792e-01  8.4963758277e-04	 2.6829749792e-01  8.4963758277e-04
 2.35619 -0.78540	 3.2705806801e-01  1.1364741373e-03	 3.2705806801e-01  1.1364741373e-03
 2.35619  0.00000	 3.4418683626e-01  9.5682297099e-04	 3.4418683626e-01  9.5682297099e-04
 2.35619  0.78540	 3.2624944657e-01  8.9526955014e-04	 3.2624944657e-01  8.9526955014e-04
 2.35619  1.57080	 2.6720995705e-01  5.8627814654e-04	 2.6720995705e-01  5.8627814654e-04
 2.35619  2.35619	 1.9515811528e-01  4.2313956059e-04	 1.9515811528e-01  4.2313956059e-04
 2.35619  3.14159	 1.6297938664e-01  5.8068052468e-04	 1.6297938664e-01  5.8068052468e-04
 3.14159 -2.35619	 1.6290608833e-01  5.6573667516e-04	 1.6290608833e-01  5.6573667516e-04
 3.14159 -1.57080	 2.4138282107e-01  6.3549061994e-04	 2.4138282107e-01  6.3549061994e-04
 3.14159 -0.78540	 2.9842847016e-01  8.1142464123e-04	 2.9842847016e-01  8.1142464123e-04
 3.14159  0.00000	 3.1857936462e-01  8.9616519545e-04	 3.1857936462e-01  8.9616519545e-04
 3.14159  0.78540	 2.9842847016e-01  8.1142464123e-04	 2.9842847016e-01  8.1142464123e-04
 3.14159  1.57080	 2.4138282107e-01  6.3549061994e-04	 2.4138282107e-01  6.3549061994e-04
 3.14159  2.35619	 1.6290608833e-01  5.6573667516e-04	 1.6290608833e-01  5.6573667516e-04
 3.14159  3.14159	 1.2480744399e-01  7.5522060589e-04	 1.2480744399e-01  7.5522060589e-04
