#    rx       ry   	         trace over n_orb         
 -3.00000  -3.00000	 3.5482127902e-03  1.1326326729e-04
 -3.00000  -2.00000	 4.7416802955e-03  1.3616918842e-04
 -3.00000  -1.00000	 5.2243379286e-03  1.4908067425e-04
 -3.00000   0.00000	 5.1685898431e-03  1.3951162410e-04
 -3.00000   1.00000	 5.1506723766e-03  1.2678710872e-04
 -3.00000   2.00000	 4.6455193647e-03  1.0909675480e-04
 -3.00000   3.00000	 3.4875892813e-03  1.0050900440e-04
 -3.00000   4.00000	 3.1999962569e-03  1.0326472582e-04
 -2.00000  -3.00000	 4.7563283151e-03  1.3543840764e-04
 -2.00000  -2.00000	 7.6282881555e-03  1.8675056265e-04
 -2.00000  -1.00000	 1.3079806780e-02  2.0795530462e-04
 -2.00000   0.00000	 1.2003337730e-02  2.2126911597e-04
 -2.00000   1.00000	 1.3051199912e-02  2.0053619015e-04
 -2.00000   2.00000	 7.4734290515e-03  1.5149532656e-04
 -2.00000   3.00000	 4.6666985822e-03  1.1374982084e-04
 -2.00000   4.00000	 3.6340804143e-03  1.1110458676e-04
 -1.00000  -3.00000	 5.2482184818e-03  1.5372894076e-04
 -1.00000  -2.00000	 1.3166731316e-02  2.4143122911e-04
 -1.00000  -1.00000	 2.3105585835e-02  3.9717279840e-04
 -1.00000   0.00000	 7.4421575637e-02  4.4703495100e-04
 -1.00000   1.00000	 2.2750726272e-02  3.0744314281e-04
 -1.00000   2.00000	 1.3034924625e-02  2.0188872333e-04
 -1.00000   3.00000	 5.1785212749e-03  1.3036670922e-04
 -1.00000   4.00000	 3.6860707310e-03  1.1605252083e-04
  0.00000  -3.00000	 5.0870591142e-03  1.3267019373e-04
  0.00000  -2.00000	 1.1955873127e-02  2.3008041816e-04
  0.00000  -1.00000	 7.4598689563e-02  5.0193498804e-04
  0.00000   0.00000	 3.6254839021e-01  1.0365179860e-03
  0.00000   1.00000	 7.4598689563e-02  5.0193498804e-04
  0.00000   2.00000	 1.1955873127e-02  2.3008041816e-04
  0.00000   3.00000	 5.0870591142e-03  1.3267019373e-04
  0.00000   4.00000	 3.7066526195e-03  1.0602693040e-04
  1.00000  -3.00000	 5.1785212749e-03  1.3036670922e-04
  1.00000  -2.00000	 1.3034924625e-02  2.0188872333e-04
  1.00000  -1.00000	 2.2750726272e-02  3.0744314281e-04
  1.00000   0.00000	 7.4421575637e-02  4.4703495100e-04
  1.00000   1.00000	 2.3105585835e-02  3.9717279840e-04
  1.00000   2.00000	 1.3166731316e-02  2.4143122911e-04
  1.00000   3.00000	 5.2482184818e-03  1.5372894076e-04
  1.00000   4.00000	 3.6860707310e-03  1.1605252083e-04
  2.00000  -3.00000	 4.6666985822e-03  1.1374982084e-04
  2.00000  -2.00000	 7.4734290515e-03  1.5149532656e-04
  2.00000  -1.00000	 1.3051199912e-02  2.0053619015e-04
  2.00000   0.00000	 1.2003337730e-02  2.2126911597e-04
  2.00000   1.00000	 1.3079806780e-02  2.0795530462e-04
  2.00000   2.00000	 7.6282881555e-03  1.8675056265e-04
  2.00000   3.00000	 4.7563283151e-03  1.3543840764e-04
  2.00000   4.00000	 3.6340804143e-03  1.1110458676e-04
  3.00000  -3.00000	 3.4875892813e-03  1.0050900440e-04
  3.00000  -2.00000	 4.6455193647e-03  1.0909675480e-04
  3.00000  -1.00000	 5.1506723766e-03  1.2678710872e-04
  3.00000   0.00000	 5.1685898431e-03  1.3951162410e-04
  3.00000   1.00000	 5.2243379286e-03  1.4908067425e-04
  3.00000   2.00000	 4.7416802955e-03  1.3616918842e-04
  3.00000   3.00000	 3.5482127902e-03  1.1326326729e-04
  3.00000   4.00000	 3.1999962569e-03  1.0326472582e-04
  4.00000  -3.00000	 3.2167470954e-03  1.0422604714e-04
  4.00000  -2.00000	 3.6089110767e-03  1.0844795943e-04
  4.00000  -1.00000	 3.6803150366e-03  1.0779747385e-04
  4.00000   0.00000	 3.7279612558e-03  1.0520666659e-04
  4.00000   1.00000	 3.6803150366e-03  1.0779747385e-04
  4.00000   2.00000	 3.6089110767e-03  1.0844795943e-04
  4.00000   3.00000	 3.2167470954e-03  1.0422604714e-04
  4.00000   4.00000	 3.2327372484e-03  9.9788907720e-05
