#    rx       ry   	              (0, 0)              	         trace over n_orb         
 -3.00000  -3.00000	-1.6256463196e-04  2.8059414286e-05	-1.6256463196e-04  2.8059414286e-05
 -3.00000  -2.00000	-3.9241752135e-04  1.2527364265e-04	-3.9241752135e-04  1.2527364265e-04
 -3.00000  -1.00000	-1.3990270997e-04  1.3109881336e-04	-1.3990270997e-04  1.3109881336e-04
 -3.00000   0.00000	-1.4146379014e-04  7.5381892760e-05	-1.4146379014e-04  7.5381892760e-05
 -3.00000   1.00000	-1.0052945490e-04  1.9368249887e-04	-1.0052945490e-04  1.9368249887e-04
 -3.00000   2.00000	-3.4008247710e-04  4.3596373859e-05	-3.4008247710e-04  4.3596373859e-05
 -3.00000   3.00000	-1.3668335406e-04  2.7821532135e-05	-1.3668335406e-04  2.7821532135e-05
 -3.00000   4.00000	-1.2384534566e-04  1.9985356801e-05	-1.2384534566e-04  1.9985356801e-05
 -2.00000  -3.00000	-3.5102049640e-04  4.6683125742e-05	-3.5102049640e-04  4.6683125742e-05
 -2.00000  -2.00000	-6.3844884461e-04  6.8197222207e-05	-6.3844884461e-04  6.8197222207e-05
 -2.00000  -1.00000	-2.2675604411e-03  3.9016841601e-04	-2.2675604411e-03  3.9016841601e-04
 -2.00000   0.00000	-1.7814084858e-03  3.4462856424e-04	-1.7814084858e-03  3.4462856424e-04
 -2.00000   1.00000	-2.0449259094e-03  1.1702536619e-04	-2.0449259094e-03  1.1702536619e-04
 -2.00000   2.00000	-9.3011461650e-04  1.1871299627e-04	-9.3011461650e-04  1.1871299627e-04
 -2.00000   3.00000	-2.7566775409e-04  3.7705309687e-05	-2.7566775409e-04  3.7705309687e-05
 -2.00000   4.00000	-1.9539706703e-04  2.4892919410e-05	-1.9539706703e-04  2.4892919410e-05
 -1.00000  -3.00000	-2.6673613626e-04  4.9294937802e-05	-2.6673613626e-04  4.9294937802e-05
 -1.00000  -2.00000	-1.9185582447e-03  8.3365604373e-05	-1.9185582447e-03  8.3365604373e-05
 -1.00000  -1.00000	-5.6696472745e-03  1.6360458317e-04	-5.6696472745e-03  1.6360458317e-04
 -1.00000   0.00000	-4.3972547921e-02  2.8153681358e-04	-4.3972547921e-02  2.8153681358e-04
 -1.00000   1.00000	-5.7194681024e-03  2.1733514703e-04	-5.7194681024e-03  2.1733514703e-04
 -1.00000   2.00000	-1.7167529742e-03  1.1045191924e-04	-1.7167529742e-03  1.1045191924e-04
 -1.00000   3.00000	-3.9538311877e-04  3.3205443421e-05	-3.9538311877e-04  3.3205443421e-05
 -1.00000   4.00000	-1.3335833773e-04  2.6246965634e-05	-1.3335833773e-04  2.6246965634e-05
  0.00000  -3.00000	-2.1944930879e-04  4.2422075794e-05	-2.1944930879e-04  4.2422075794e-05
  0.00000  -2.00000	-1.7027146873e-03  6.4315977241e-05	-1.7027146873e-03  6.4315977241e-05
  0.00000  -1.00000	-4.4493011285e-02  3.6636017302e-04	-4.4493011285e-02  3.6636017302e-04
  0.00000   0.00000	 2.7051533381e-01  3.9036344467e-03	 2.7051533381e-01  3.9036344467e-03
  0.00000   1.00000	-4.4493011285e-02  3.6636017302e-04	-4.4493011285e-02  3.6636017302e-04
  0.00000   2.00000	-1.7027146873e-03  6.4315977241e-05	-1.7027146873e-03  6.4315977241e-05
  0.00000   3.00000	-2.1944930879e-04  4.2422075794e-05	-2.1944930879e-04  4.2422075794e-05
  0.00000   4.00000	-1.5190339694e-04  3.3057273686e-05	-1.5190339694e-04  3.3057273686e-05
  1.00000  -3.00000	-3.9538311877e-04  3.3205443421e-05	-3.9538311877e-04  3.3205443421e-05
  1.00000  -2.00000	-1.7167529742e-03  1.1045191924e-04	-1.7167529742e-03  1.1045191924e-04
  1.00000  -1.00000	-5.7194681024e-03  2.1733514703e-04	-5.7194681024e-03  2.1733514703e-04
  1.00000   0.00000	-4.3972547921e-02  2.8153681358e-04	-4.3972547921e-02  2.8153681358e-04
  1.00000   1.00000	-5.6696472745e-03  1.6360458317e-04	-5.6696472745e-03  1.6360458317e-04
  1.00000   2.00000	-1.9185582447e-03  8.3365604373e-05	-1.9185582447e-03  8.3365604373e-05
  1.00000   3.00000	-2.6673613626e-04  4.9294937802e-05	-2.6673613626e-04  4.9294937802e-05
  1.00000   4.00000	-1.3335833773e-04  2.6246965634e-05	-1.3335833773e-04  2.6246965634e-05
  2.00000  -3.00000	-2.7566775409e-04  3.7705309687e-05	-2.7566775409e-04  3.7705309687e-05
  2.00000  -2.00000	-9.3011461650e-04  1.1871299627e-04	-9.3011461650e-04  1.1871299627e-04
  2.00000  -1.00000	-2.0449259094e-03  1.1702536619e-04	-2.0449259094e-03  1.1702536619e-04
  2.00000   0.00000	-1.7814084858e-03  3.4462856424e-04	-1.7814084858e-03  3.4462856424e-04
  2.00000   1.00000	-2.2675604411e-03  3.9016841601e-04	-2.2675604411e-03  3.9016841601e-04
  2.00000   2.00000	-6.3844884461e-04  6.8197222207e-05	-6.3844884461e-04  6.8197222207e-05
  2.00000   3.00000	-3.5102049640e-04  4.6683125742e-05	-3.5102049640e-04  4.6683125742e-05
  2.00000   4.00000	-1.9539706703e-04  2.4892919410e-05	-1.9539706703e-04  2.4892919410e-05
  3.00000  -3.00000	-1.3668335406e-04  2.7821532135e-05	-1.3668335406e-04  2.7821532135e-05
  3.00000  -2.00000	-3.4008247710e-04  4.3596373859e-05	-3.4008247710e-04  4.3596373859e-05
  3.00000  -1.00000	-1.0052945490e-04  1.9368249887e-04	-1.0052945490e-04  1.9368249887e-04
  3.00000   0.00000	-1.4146379014e-04  7.5381892760e-05	-1.4146379014e-04  7.5381892760e-05
  3.00000   1.00000	-1.3990270997e-04  1.3109881336e-04	-1.3990270997e-04  1.3109881336e-04
  3.00000   2.00000	-3.9241752135e-04  1.2527364265e-04	-3.9241752135e-04  1.2527364265e-04
  3.00000   3.00000	-1.6256463196e-04  2.8059414286e-05	-1.6256463196e-04  2.8059414286e-05
  3.00000   4.00000	-1.2384534566e-04  1.9985356801e-05	-1.2384534566e-04  1.9985356801e-05
  4.00000  -3.00000	-2.1041527058e-04  3.9806312325e-05	-2.1041527058e-04  3.9806312325e-05
  4.00000  -2.00000	-3.1759681818e-04  1.5000521950e-04	-3.1759681818e-04  1.5000521950e-04
  4.00000  -1.00000	-1.6190223005e-04  4.0837379157e-05	-1.6190223005e-04  4.0837379157e-05
  4.00000   0.00000	-1.6526736627e-04  4.1320154554e-05	-1.6526736627e-04  4.1320154554e-05
  4.00000   1.00000	-1.6190223005e-04  4.0837379157e-05	-1.6190223005e-04  4.0837379157e-05
  4.00000   2.00000	-3.1759681818e-04  1.5000521950e-04	-3.1759681818e-04  1.5000521950e-04
  4.00000   3.00000	-2.1041527058e-04  3.9806312325e-05	-2.1041527058e-04  3.9806312325e-05
  4.00000   4.00000	-1.9923908256e-04  5.3313671348e-05	-1.9923908256e-04  5.3313671348e-05
