#    kx       ky   	              (0, 0)              	         trace over n_orb         
-2.35619 -2.35619	 3.7833384781e-01  8.4548934277e-03	 3.7833384781e-01  8.4548934277e-03
-2.35619 -1.57080	 3.2800642062e-01  7.1110341713e-03	 3.2800642062e-01  7.1110341713e-03
-2.35619 -0.78540	 2.7962914611e-01  5.3552684839e-03	 2.7962914611e-01  5.3552684839e-03
-2.35619  0.00000	 2.6466650570e-01  4.4784574657e-03	 2.6466650570e-01  4.4784574657e-03
-2.35619  0.78540	 2.7639685988e-01  5.6946427984e-03	 2.7639685988e-01  5.6946427984e-03
-2.35619  1.57080	 3.3040127313e-01  7.0370466778e-03	 3.3040127313e-01  7.0370466778e-03
-2.35619  2.35619	 3.8031486343e-01  8.2878806152e-03	 3.8031486343e-01  8.2878806152e-03
-2.35619  3.14159	 4.0227567496e-01  8.4922462620e-03	 4.0227567496e-01  8.4922462620e-03
-1.57080 -2.35619	 3.3065563993e-01  4.1328044108e-03	 3.3065563993e-01  4.1328044108e-03
-1.57080 -1.57080	 2.7367215043e-01  3.1801599977e-03	 2.7367215043e-01  3.1801599977e-03
-1.57080 -0.78540	 2.1878925938e-01  3.4292622343e-03	 2.1878925938e-01  3.4292622343e-03
-1.57080  0.00000	 1.9479607498e-01  3.4457024066e-03	 1.9479607498e-01  3.4457024066e-03
-1.57080  0.78540	 2.1755735214e-01  3.8549049622e-03	 2.1755735214e-01  3.8549049622e-03
-1.57080  1.57080	 2.7603107530e-01  3.4138749878e-03	 2.7603107530e-01  3.4138749878e-03
-1.57080  2.35619	 3.3227039192e-01  3.8732068415e-03	 3.3227039192e-01  3.8732068415e-03
-1.57080  3.14159	 3.5499245044e-01  3.9757796885e-03	 3.5499245044e-01  3.9757796885e-03
-0.78540 -2.35619	 2.8367881834e-01  2.4924155983e-03	 2.8367881834e-01  2.4924155983e-03
-0.78540 -1.57080	 2.1514458630e-01  2.2175734453e-03	 2.1514458630e-01  2.2175734453e-03
-0.78540 -0.78540	 1.3930151805e-01  1.9167560637e-03	 1.3930151805e-01  1.9167560637e-03
-0.78540  0.00000	 9.9849746051e-02  1.6787191248e-03	 9.9849746051e-02  1.6787191248e-03
-0.78540  0.78540	 1.3961343354e-01  1.6954461555e-03	 1.3961343354e-01  1.6954461555e-03
-0.78540  1.57080	 2.1951737216e-01  1.9835054426e-03	 2.1951737216e-01  1.9835054426e-03
-0.78540  2.35619	 2.8315538253e-01  2.4699018598e-03	 2.8315538253e-01  2.4699018598e-03
-0.78540  3.14159	 3.0777599238e-01  2.1316680996e-03	 3.0777599238e-01  2.1316680996e-03
 0.00000 -2.35619	 2.6644513386e-01  2.0030772480e-03	 2.6644513386e-01  2.0030772480e-03
 0.00000 -1.57080	 1.9597197934e-01  1.9874118026e-03	 1.9597197934e-01  1.9874118026e-03
 0.00000 -0.78540	 9.9740182705e-02  1.5806172861e-03	 9.9740182705e-02  1.5806172861e-03
 0.00000  0.00000	 4.2859828169e-02  2.2312976072e-03	 4.2859828169e-02  2.2312976072e-03
 0.00000  0.78540	 9.9740182705e-02  1.5806172861e-03	 9.9740182705e-02  1.5806172861e-03
 0.00000  1.57080	 1.9597197934e-01  1.9874118026e-03	 1.9597197934e-01  1.9874118026e-03
 0.00000  2.35619	 2.6644513386e-01  2.0030772480e-03	 2.6644513386e-01  2.0030772480e-03
 0.00000  3.14159	 2.8708969597e-01  2.7663175863e-03	 2.8708969597e-01  2.7663175863e-03
 0.78540 -2.35619	 2.8315538253e-01  2.4699018598e-03	 2.8315538253e-01  2.4699018598e-03
 0.78540 -1.57080	 2.1951737216e-01  1.9835054426e-03	 2.1951737216e-01  1.9835054426e-03
 0.78540 -0.78540	 1.3961343354e-01  1.6954461555e-03	 1.3961343354e-01  1.6954461555e-03
 0.78540  0.00000	 9.9849746051e-02  1.6787191248e-03	 9.9849746051e-02  1.6787191248e-03
 0.78540  0.78540	 1.3930151805e-01  1.9167560637e-03	 1.3930151805e-01  1.9167560637e-03
 0.78540  1.57080	 2.1514458630e-01  2.2175734453e-03	 2.1514458630e-01  2.2175734453e-03
 0.78540  2.35619	 2.8367881834e-01  2.4924155983e-03	 2.8367881834e-01  2.4924155983e-03
 0.78540  3.14159	 3.0777599238e-01  2.1316680996e-03	 3.0777599238e-01  2.1316680996e-03
 1.57080 -2.35619	 3.3227039192e-01  3.8732068415e-03	 3.3227039192e-01  3.8732068415e-03
 1.57080 -1.57080	 2.7603107530e-01  3.4138749878e-03	 2.7603107530e-01  3.4138749878e-03
 1.57080 -0.78540	 2.1755735214e-01  3.8549049622e-03	 2.1755735214e-01  3.8549049622e-03
 1.57080  0.00000	 1.9479607498e-01  3.4457024066e-03	 1.9479607498e-01  3.4457024066e-03
 1.57080  0.78540	 2.1878925938e-01  3.4292622343e-03	 2.1878925938e-01  3.4292622343e-03
 1.57080  1.57080	 2.7367215043e-01  3.1801599977e-03	 2.7367215043e-01  3.1801599977e-03
 1.57080  2.35619	 3.3065563993e-01  4.1328044108e-03	 3.3065563993e-01  4.1328044108e-03
 1.57080  3.14159	 3.5499245044e-01  3.9757796885e-03	 3.5499245044e-01  3.9757796885e-03
 2.35619 -2.35619	 3.8031486343e-01  8.2878806152e-03	 3.8031486343e-01  8.2878806152e-03
 2.35619 -1.57080	 3.3040127313e-01  7.0370466778e-03	 3.3040127313e-01  7.0370466778e-03
 2.35619 -0.78540	 2.7639685988e-01  5.6946427984e-03	 2.7639685988e-01  5.6946427984e-03
 2.35619  0.00000	 2.6466650570e-01  4.4784574657e-03	 2.6466650570e-01  4.4784574657e-03
 2.35619  0.78540	 2.7962914611e-01  5.3552684839e-03	 2.7962914611e-01  5.3552684839e-03
 2.35619  1.57080	 3.2800642062e-01  7.1110341713e-03	 3.2800642062e-01  7.1110341713e-03
 2.35619  2.35619	 3.7833384781e-01  8.4548934277e-03	 3.7833384781e-01  8.4548934277e-03
 2.35619  3.14159	 4.0227567496e-01  8.4922462620e-03	 4.0227567496e-01  8.4922462620e-03
 3.14159 -2.35619	 3.9902161352e-01  1.3471894148e-02	 3.9902161352e-01  1.3471894148e-02
 3.14159 -1.57080	 3.4962562663e-01  7.0677178022e-03	 3.4962562663e-01  7.0677178022e-03
 3.14159 -0.78540	 3.0203990883e-01  5.4119387990e-03	 3.0203990883e-01  5.4119387990e-03
 3.14159  0.00000	 2.8462719961e-01  5.6422685518e-03	 2.8462719961e-01  5.6422685518e-03
 3.14159  0.78540	 3.0203990883e-01  5.4119387990e-03	 3.0203990883e-01  5.4119387990e-03
 3.14159  1.57080	 3.4962562663e-01  7.0677178022e-03	 3.4962562663e-01  7.0677178022e-03
 3.14159  2.35619	 3.9902161352e-01  1.3471894148e-02	 3.9902161352e-01  1.3471894148e-02
 3.14159  3.14159	 4.1906577611e-01  2.1790756330e-02	 4.1906577611e-01  2.1790756330e-02
