#    rx       ry   	              (0, 0)              	         trace over n_orb         
 -3.00000  -3.00000	-1.2867934787e-04  8.9241842211e-05	-1.2867934787e-04  8.9241842211e-05
 -3.00000  -2.00000	-3.4822428178e-04  8.9172307325e-05	-3.4822428178e-04  8.9172307325e-05
 -3.00000  -1.00000	-2.0163369693e-04  9.6520071159e-05	-2.0163369693e-04  9.6520071159e-05
 -3.00000   0.00000	-1.1769034635e-04  1.3583259933e-04	-1.1769034635e-04  1.3583259933e-04
 -3.00000   1.00000	-2.0506007935e-04  9.6542217126e-05	-2.0506007935e-04  9.6542217126e-05
 -3.00000   2.00000	-3.0814635055e-04  1.0324290542e-04	-3.0814635055e-04  1.0324290542e-04
 -3.00000   3.00000	-3.9995460962e-05  9.3500711852e-05	-3.9995460962e-05  9.3500711852e-05
 -3.00000   4.00000	-3.7283069612e-05  9.6297577623e-05	-3.7283069612e-05  9.6297577623e-05
 -2.00000  -3.00000	-2.7715728619e-04  8.5105601654e-05	-2.7715728619e-04  8.5105601654e-05
 -2.00000  -2.00000	-6.6326800662e-04  1.0281946580e-04	-6.6326800662e-04  1.0281946580e-04
 -2.00000  -1.00000	-2.0602848432e-03  1.6753373384e-04	-2.0602848432e-03  1.6753373384e-04
 -2.00000   0.00000	-1.9073837790e-03  3.8258320434e-04	-1.9073837790e-03  3.8258320434e-04
 -2.00000   1.00000	-1.9683857355e-03  1.1276688802e-04	-1.9683857355e-03  1.1276688802e-04
 -2.00000   2.00000	-9.8372546179e-04  1.7581659093e-04	-9.8372546179e-04  1.7581659093e-04
 -2.00000   3.00000	-2.0103214816e-04  9.5035771000e-05	-2.0103214816e-04  9.5035771000e-05
 -2.00000   4.00000	-1.8283857364e-04  1.0080020708e-04	-1.8283857364e-04  1.0080020708e-04
 -1.00000  -3.00000	-3.8899415842e-04  9.8096352549e-05	-3.8899415842e-04  9.8096352549e-05
 -1.00000  -2.00000	-1.9489628336e-03  1.2166668178e-04	-1.9489628336e-03  1.2166668178e-04
 -1.00000  -1.00000	-5.7577200118e-03  2.5517480927e-04	-5.7577200118e-03  2.5517480927e-04
 -1.00000   0.00000	-4.3362517021e-02  7.9119252742e-04	-4.3362517021e-02  7.9119252742e-04
 -1.00000   1.00000	-5.9301773244e-03  2.6623978099e-04	-5.9301773244e-03  2.6623978099e-04
 -1.00000   2.00000	-1.6906272832e-03  1.4549442892e-04	-1.6906272832e-03  1.4549442892e-04
 -1.00000   3.00000	-3.1632024666e-04  1.0381503432e-04	-3.1632024666e-04  1.0381503432e-04
 -1.00000   4.00000	-2.5187703795e-04  9.8943745432e-05	-2.5187703795e-04  9.8943745432e-05
  0.00000  -3.00000	-1.6223707714e-04  8.8798810659e-05	-1.6223707714e-04  8.8798810659e-05
  0.00000  -2.00000	-1.6267346820e-03  1.2180039070e-04	-1.6267346820e-03  1.2180039070e-04
  0.00000  -1.00000	-4.4126611927e-02  3.0519220979e-04	-4.4126611927e-02  3.0519220979e-04
  0.00000   0.00000	 2.7051534265e-01  3.9036359280e-03	 2.7051534265e-01  3.9036359280e-03
  0.00000   1.00000	-4.4126611927e-02  3.0519220979e-04	-4.4126611927e-02  3.0519220979e-04
  0.00000   2.00000	-1.6267346820e-03  1.2180039070e-04	-1.6267346820e-03  1.2180039070e-04
  0.00000   3.00000	-1.6223707714e-04  8.8798810659e-05	-1.6223707714e-04  8.8798810659e-05
  0.00000   4.00000	-7.4135322863e-05  1.2147628377e-04	-7.4135322863e-05  1.2147628377e-04
  1.00000  -3.00000	-3.1632024666e-04  1.0381503432e-04	-3.1632024666e-04  1.0381503432e-04
  1.00000  -2.00000	-1.6906272832e-03  1.4549442892e-04	-1.6906272832e-03  1.4549442892e-04
  1.00000  -1.00000	-5.9301773244e-03  2.6623978099e-04	-5.9301773244e-03  2.6623978099e-04
  1.00000   0.00000	-4.3362517021e-02  7.9119252742e-04	-4.3362517021e-02  7.9119252742e-04
  1.00000   1.00000	-5.7577200118e-03  2.5517480927e-04	-5.7577200118e-03  2.5517480927e-04
  1.00000   2.00000	-1.9489628336e-03  1.2166668178e-04	-1.9489628336e-03  1.2166668178e-04
  1.00000   3.00000	-3.8899415842e-04  9.8096352549e-05	-3.8899415842e-04  9.8096352549e-05
  1.00000   4.00000	-2.5187703795e-04  9.8943745432e-05	-2.5187703795e-04  9.8943745432e-05
  2.00000  -3.00000	-2.0103214816e-04  9.5035771000e-05	-2.0103214816e-04  9.5035771000e-05
  2.00000  -2.00000	-9.8372546179e-04  1.7581659093e-04	-9.8372546179e-04  1.7581659093e-04
  2.00000  -1.00000	-1.9683857355e-03  1.1276688802e-04	-1.9683857355e-03  1.1276688802e-04
  2.00000   0.00000	-1.9073837790e-03  3.8258320434e-04	-1.9073837790e-03  3.8258320434e-04
  2.00000   1.00000	-2.0602848432e-03  1.6753373384e-04	-2.0602848432e-03  1.6753373384e-04
  2.00000   2.00000	-6.6326800662e-04  1.0281946580e-04	-6.6326800662e-04  1.0281946580e-04
  2.00000   3.00000	-2.7715728619e-04  8.5105601654e-05	-2.7715728619e-04  8.5105601654e-05
  2.00000   4.00000	-1.8283857364e-04  1.0080020708e-04	-1.8283857364e-04  1.0080020708e-04
  3.00000  -3.00000	-3.9995460962e-05  9.3500711852e-05	-3.9995460962e-05  9.3500711852e-05
  3.00000  -2.00000	-3.0814635055e-04  1.0324290542e-04	-3.0814635055e-04  1.0324290542e-04
  3.00000  -1.00000	-2.0506007935e-04  9.6542217126e-05	-2.0506007935e-04  9.6542217126e-05
  3.00000   0.00000	-1.1769034635e-04  1.3583259933e-04	-1.1769034635e-04  1.3583259933e-04
  3.00000   1.00000	-2.0163369693e-04  9.6520071159e-05	-2.0163369693e-04  9.6520071159e-05
  3.00000   2.00000	-3.4822428178e-04  8.9172307325e-05	-3.4822428178e-04  8.9172307325e-05
  3.00000   3.00000	-1.2867934787e-04  8.9241842211e-05	-1.2867934787e-04  8.9241842211e-05
  3.00000   4.00000	-3.7283069612e-05  9.6297577623e-05	-3.7283069612e-05  9.6297577623e-05
  4.00000  -3.00000	-1.8392536235e-04  9.0080974477e-05	-1.8392536235e-04  9.0080974477e-05
  4.00000  -2.00000	-3.1786999573e-04  2.1455563648e-04	-3.1786999573e-04  2.1455563648e-04
  4.00000  -1.00000	-1.4751926347e-04  9.6080408814e-05	-1.4751926347e-04  9.6080408814e-05
  4.00000   0.00000	-1.0633815716e-04  1.3278108602e-04	-1.0633815716e-04  1.3278108602e-04
  4.00000   1.00000	-1.4751926347e-04  9.6080408814e-05	-1.4751926347e-04  9.6080408814e-05
  4.00000   2.00000	-3.1786999573e-04  2.1455563648e-04	-3.1786999573e-04  2.1455563648e-04
  4.00000   3.00000	-1.8392536235e-04  9.0080974477e-05	-1.8392536235e-04  9.0080974477e-05
  4.00000   4.00000	-2.5597789736e-04  1.3533984489e-04	-2.5597789736e-04  1.3533984489e-04
