#    kx       ky   	         trace over n_orb         
-2.35619 -2.35619	 3.8146063076e-01  6.0129385433e-03
-2.35619 -1.57080	 3.3015476595e-01  5.1434566661e-03
-2.35619 -0.78540	 2.8062262695e-01  4.0864444825e-03
-2.35619  0.00000	 2.6266375086e-01  3.8457092938e-03
-2.35619  0.78540	 2.7900105247e-01  4.4699515967e-03
-2.35619  1.57080	 3.3117172482e-01  4.7534758208e-03
-2.35619  2.35619	 3.8409079749e-01  4.9930497454e-03
-2.35619  3.14159	 4.0506746024e-01  5.4663155909e-03
-1.57080 -2.35619	 3.3059239612e-01  3.7723508452e-03
-1.57080 -1.57080	 2.7454851649e-01  3.1499896447e-03
-1.57080 -0.78540	 2.1726064542e-01  3.1402326710e-03
-1.57080  0.00000	 1.9343724633e-01  3.0498386701e-03
-1.57080  0.78540	 2.1691098966e-01  3.0053853178e-03
-1.57080  1.57080	 2.7516060031e-01  3.2113292711e-03
-1.57080  2.35619	 3.3198880131e-01  3.7660956092e-03
-1.57080  3.14159	 3.5389098079e-01  3.8799639218e-03
-0.78540 -2.35619	 2.8299895547e-01  2.5824991672e-03
-0.78540 -1.57080	 2.1573387657e-01  2.9991599853e-03
-0.78540 -0.78540	 1.3661903617e-01  3.2302916710e-03
-0.78540  0.00000	 9.7878219643e-02  2.9439884274e-03
-0.78540  0.78540	 1.3661063266e-01  3.3519243133e-03
-0.78540  1.57080	 2.1662464368e-01  3.8520110813e-03
-0.78540  2.35619	 2.8211497390e-01  3.2704625275e-03
-0.78540  3.14159	 3.0713374530e-01  2.4431062635e-03
 0.00000 -2.35619	 2.6392092793e-01  2.8288486249e-03
 0.00000 -1.57080	 1.9413482941e-01  2.8032352872e-03
 0.00000 -0.78540	 9.7894937638e-02  3.2770190789e-03
 0.00000  0.00000	 3.8393125889e-02  3.9779998613e-03
 0.00000  0.78540	 9.7894937638e-02  3.2770190789e-03
 0.00000  1.57080	 1.9413482941e-01  2.8032352872e-03
 0.00000  2.35619	 2.6392092793e-01  2.8288486249e-03
 0.00000  3.14159	 2.8677606177e-01  3.3100220240e-03
 0.78540 -2.35619	 2.8211497390e-01  3.2704625275e-03
 0.78540 -1.57080	 2.1662464368e-01  3.8520110813e-03
 0.78540 -0.78540	 1.3661063266e-01  3.3519243133e-03
 0.78540  0.00000	 9.7878219643e-02  2.9439884274e-03
 0.78540  0.78540	 1.3661903617e-01  3.2302916710e-03
 0.78540  1.57080	 2.1573387657e-01  2.9991599853e-03
 0.78540  2.35619	 2.8299895547e-01  2.5824991672e-03
 0.78540  3.14159	 3.0713374530e-01  2.4431062635e-03
 1.57080 -2.35619	 3.3198880131e-01  3.7660956092e-03
 1.57080 -1.57080	 2.7516060031e-01  3.2113292711e-03
 1.57080 -0.78540	 2.1691098966e-01  3.0053853178e-03
 1.57080  0.00000	 1.9343724633e-01  3.0498386701e-03
 1.57080  0.78540	 2.1726064542e-01  3.1402326710e-03
 1.57080  1.57080	 2.7454851649e-01  3.1499896447e-03
 1.57080  2.35619	 3.3059239612e-01  3.7723508452e-03
 1.57080  3.14159	 3.5389098079e-01  3.8799639218e-03
 2.35619 -2.35619	 3.8409079749e-01  4.9930497454e-03
 2.35619 -1.57080	 3.3117172482e-01  4.7534758208e-03
 2.35619 -0.78540	 2.7900105247e-01  4.4699515967e-03
 2.35619  0.00000	 2.6266375086e-01  3.8457092938e-03
 2.35619  0.78540	 2.8062262695e-01  4.0864444825e-03
 2.35619  1.57080	 3.3015476595e-01  5.1434566661e-03
 2.35619  2.35619	 3.8146063076e-01  6.0129385433e-03
 2.35619  3.14159	 4.0506746024e-01  5.4663155909e-03
 3.14159 -2.35619	 4.0494846220e-01  6.8869913631e-03
 3.14159 -1.57080	 3.5202845631e-01  5.4047593617e-03
 3.14159 -0.78540	 3.0239578144e-01  5.7421067333e-03
 3.14159  0.00000	 2.8252876009e-01  6.4767594198e-03
 3.14159  0.78540	 3.0239578144e-01  5.7421067333e-03
 3.14159  1.57080	 3.5202845631e-01  5.4047593617e-03
 3.14159  2.35619	 4.0494846220e-01  6.8869913631e-03
 3.14159  3.14159	 4.2716305336e-01  9.3604365947e-03
