#    rx       ry   	              (0, 0)              	         trace over n_orb         
 -3.00000  -3.00000	-6.0908779695e-05  2.6661999401e-04	-6.0908779695e-05  2.6661999401e-04
 -3.00000  -2.00000	-2.5983780263e-04  3.4544897849e-04	-2.5983780263e-04  3.4544897849e-04
 -3.00000  -1.00000	-3.2509567084e-04  3.7685000303e-04	-3.2509567084e-04  3.7685000303e-04
 -3.00000   0.00000	-7.0143458773e-05  3.1795486592e-04	-7.0143458773e-05  3.1795486592e-04
 -3.00000   1.00000	-4.1412132825e-04  4.0489036399e-04	-4.1412132825e-04  4.0489036399e-04
 -3.00000   2.00000	-2.4427409744e-04  3.1509227979e-04	-2.4427409744e-04  3.1509227979e-04
 -3.00000   3.00000	 1.5338032524e-04  2.6887022110e-04	 1.5338032524e-04  2.6887022110e-04
 -3.00000   4.00000	 1.3584148249e-04  2.8802007432e-04	 1.3584148249e-04  2.8802007432e-04
 -2.00000  -3.00000	-1.2943086575e-04  2.4949444146e-04	-1.2943086575e-04  2.4949444146e-04
 -2.00000  -2.00000	-7.1290633065e-04  3.0355304924e-04	-7.1290633065e-04  3.0355304924e-04
 -2.00000  -1.00000	-1.6457336476e-03  5.3663598053e-04	-1.6457336476e-03  5.3663598053e-04
 -2.00000   0.00000	-2.1593343655e-03  5.4419058830e-04	-2.1593343655e-03  5.4419058830e-04
 -2.00000   1.00000	-1.8153053877e-03  4.6868853377e-04	-1.8153053877e-03  4.6868853377e-04
 -2.00000   2.00000	-1.0909471524e-03  3.5850694132e-04	-1.0909471524e-03  3.5850694132e-04
 -2.00000   3.00000	-5.1760936307e-05  2.8094420786e-04	-5.1760936307e-05  2.8094420786e-04
 -2.00000   4.00000	-1.5772158687e-04  2.8988443723e-04	-1.5772158687e-04  2.8988443723e-04
 -1.00000  -3.00000	-6.3351020273e-04  2.9420928106e-04	-6.3351020273e-04  2.9420928106e-04
 -1.00000  -2.00000	-2.0097720114e-03  3.5398075450e-04	-2.0097720114e-03  3.5398075450e-04
 -1.00000  -1.00000	-5.9338654864e-03  6.3835433076e-04	-5.9338654864e-03  6.3835433076e-04
 -1.00000   0.00000	-4.2142455220e-02  2.0685342364e-03	-4.2142455220e-02  2.0685342364e-03
 -1.00000   1.00000	-6.3515957682e-03  6.3297513229e-04	-6.3515957682e-03  6.3297513229e-04
 -1.00000   2.00000	-1.6383759011e-03  3.6273145311e-04	-1.6383759011e-03  3.6273145311e-04
 -1.00000   3.00000	-1.5819450243e-04  2.9331196079e-04	-1.5819450243e-04  2.9331196079e-04
 -1.00000   4.00000	-4.8891443838e-04  2.9492521701e-04	-4.8891443838e-04  2.9492521701e-04
  0.00000  -3.00000	-4.7812613841e-05  2.5487137759e-04	-4.7812613841e-05  2.5487137759e-04
  0.00000  -2.00000	-1.4747746713e-03  3.4458784378e-04	-1.4747746713e-03  3.4458784378e-04
  0.00000  -1.00000	-4.3393813211e-02  8.0021157743e-04	-4.3393813211e-02  8.0021157743e-04
  0.00000   0.00000	 2.7051536032e-01  3.9036388937e-03	 2.7051536032e-01  3.9036388937e-03
  0.00000   1.00000	-4.3393813211e-02  8.0021157743e-04	-4.3393813211e-02  8.0021157743e-04
  0.00000   2.00000	-1.4747746713e-03  3.4458784378e-04	-1.4747746713e-03  3.4458784378e-04
  0.00000   3.00000	-4.7812613841e-05  2.5487137759e-04	-4.7812613841e-05  2.5487137759e-04
  0.00000   4.00000	 8.1400825281e-05  3.5331786308e-04	 8.1400825281e-05  3.5331786308e-04
  1.00000  -3.00000	-1.5819450243e-04  2.9331196079e-04	-1.5819450243e-04  2.9331196079e-04
  1.00000  -2.00000	-1.6383759011e-03  3.6273145311e-04	-1.6383759011e-03  3.6273145311e-04
  1.00000  -1.00000	-6.3515957682e-03  6.3297513229e-04	-6.3515957682e-03  6.3297513229e-04
  1.00000   0.00000	-4.2142455220e-02  2.0685342364e-03	-4.2142455220e-02  2.0685342364e-03
  1.00000   1.00000	-5.9338654864e-03  6.3835433076e-04	-5.9338654864e-03  6.3835433076e-04
  1.00000   2.00000	-2.0097720114e-03  3.5398075450e-04	-2.0097720114e-03  3.5398075450e-04
  1.00000   3.00000	-6.3351020273e-04  2.9420928106e-04	-6.3351020273e-04  2.9420928106e-04
  1.00000   4.00000	-4.8891443838e-04  2.9492521701e-04	-4.8891443838e-04  2.9492521701e-04
  2.00000  -3.00000	-5.1760936307e-05  2.8094420786e-04	-5.1760936307e-05  2.8094420786e-04
  2.00000  -2.00000	-1.0909471524e-03  3.5850694132e-04	-1.0909471524e-03  3.5850694132e-04
  2.00000  -1.00000	-1.8153053877e-03  4.6868853377e-04	-1.8153053877e-03  4.6868853377e-04
  2.00000   0.00000	-2.1593343655e-03  5.4419058830e-04	-2.1593343655e-03  5.4419058830e-04
  2.00000   1.00000	-1.6457336476e-03  5.3663598053e-04	-1.6457336476e-03  5.3663598053e-04
  2.00000   2.00000	-7.1290633065e-04  3.0355304924e-04	-7.1290633065e-04  3.0355304924e-04
  2.00000   3.00000	-1.2943086575e-04  2.4949444146e-04	-1.2943086575e-04  2.4949444146e-04
  2.00000   4.00000	-1.5772158687e-04  2.8988443723e-04	-1.5772158687e-04  2.8988443723e-04
  3.00000  -3.00000	 1.5338032524e-04  2.6887022110e-04	 1.5338032524e-04  2.6887022110e-04
  3.00000  -2.00000	-2.4427409744e-04  3.1509227979e-04	-2.4427409744e-04  3.1509227979e-04
  3.00000  -1.00000	-4.1412132825e-04  4.0489036399e-04	-4.1412132825e-04  4.0489036399e-04
  3.00000   0.00000	-7.0143458773e-05  3.1795486592e-04	-7.0143458773e-05  3.1795486592e-04
  3.00000   1.00000	-3.2509567084e-04  3.7685000303e-04	-3.2509567084e-04  3.7685000303e-04
  3.00000   2.00000	-2.5983780263e-04  3.4544897849e-04	-2.5983780263e-04  3.4544897849e-04
  3.00000   3.00000	-6.0908779695e-05  2.6661999401e-04	-6.0908779695e-05  2.6661999401e-04
  3.00000   4.00000	 1.3584148249e-04  2.8802007432e-04	 1.3584148249e-04  2.8802007432e-04
  4.00000  -3.00000	-1.3094554589e-04  2.8196751547e-04	-1.3094554589e-04  2.8196751547e-04
  4.00000  -2.00000	-3.1841635082e-04  3.8932871564e-04	-3.1841635082e-04  3.8932871564e-04
  4.00000  -1.00000	-1.1875333033e-04  3.0826822941e-04	-1.1875333033e-04  3.0826822941e-04
  4.00000   0.00000	 1.1520261069e-05  3.7272555717e-04	 1.1520261069e-05  3.7272555717e-04
  4.00000   1.00000	-1.1875333033e-04  3.0826822941e-04	-1.1875333033e-04  3.0826822941e-04
  4.00000   2.00000	-3.1841635082e-04  3.8932871564e-04	-3.1841635082e-04  3.8932871564e-04
  4.00000   3.00000	-1.3094554589e-04  2.8196751547e-04	-1.3094554589e-04  2.8196751547e-04
  4.00000   4.00000	-3.6945552697e-04  3.8765302342e-04	-3.6945552697e-04  3.8765302342e-04
