#    kx       ky   	              (0, 0)              	         trace over n_orb         
-2.35619 -2.35619	 3.8302402224e-01  4.9749908474e-03	 3.8302402224e-01  4.9749908474e-03
-2.35619 -1.57080	 3.3122893862e-01  4.2743899222e-03	 3.3122893862e-01  4.2743899222e-03
-2.35619 -0.78540	 2.8111936737e-01  3.6182401200e-03	 2.8111936737e-01  3.6182401200e-03
-2.35619  0.00000	 2.6166237344e-01  3.6426723593e-03	 2.6166237344e-01  3.6426723593e-03
-2.35619  0.78540	 2.8030314876e-01  3.9798121434e-03	 2.8030314876e-01  3.9798121434e-03
-2.35619  1.57080	 3.3155695067e-01  3.7166945233e-03	 3.3155695067e-01  3.7166945233e-03
-2.35619  2.35619	 3.8597876453e-01  3.5035934928e-03	 3.8597876453e-01  3.5035934928e-03
-2.35619  3.14159	 4.0646335287e-01  4.2814133064e-03	 4.0646335287e-01  4.2814133064e-03
-1.57080 -2.35619	 3.3056077421e-01  3.8397586467e-03	 3.3056077421e-01  3.8397586467e-03
-1.57080 -1.57080	 2.7498669952e-01  3.3021595683e-03	 2.7498669952e-01  3.3021595683e-03
-1.57080 -0.78540	 2.1649633843e-01  3.1832032979e-03	 2.1649633843e-01  3.1832032979e-03
-1.57080  0.00000	 1.9275783200e-01  3.0801076584e-03	 1.9275783200e-01  3.0801076584e-03
-1.57080  0.78540	 2.1658780842e-01  2.7928455337e-03	 2.1658780842e-01  2.7928455337e-03
-1.57080  1.57080	 2.7472536281e-01  3.3050009953e-03	 2.7472536281e-01  3.3050009953e-03
-1.57080  2.35619	 3.3184800600e-01  3.9998161888e-03	 3.3184800600e-01  3.9998161888e-03
-1.57080  3.14159	 3.5334024597e-01  4.1524444048e-03	 3.5334024597e-01  4.1524444048e-03
-0.78540 -2.35619	 2.8265902404e-01  3.0033793400e-03	 2.8265902404e-01  3.0033793400e-03
-0.78540 -1.57080	 2.1602852170e-01  3.6659365566e-03	 2.1602852170e-01  3.6659365566e-03
-0.78540 -0.78540	 1.3527779522e-01  4.1225348263e-03	 1.3527779522e-01  4.1225348263e-03
-0.78540  0.00000	 9.6892456439e-02  3.9916223365e-03	 9.6892456439e-02  3.9916223365e-03
-0.78540  0.78540	 1.3510923222e-01  4.6306337410e-03	 1.3510923222e-01  4.6306337410e-03
-0.78540  1.57080	 2.1517827943e-01  5.1716389530e-03	 2.1517827943e-01  5.1716389530e-03
-0.78540  2.35619	 2.8159476958e-01  4.0586014131e-03	 2.8159476958e-01  4.0586014131e-03
-0.78540  3.14159	 3.0681262176e-01  2.9322813559e-03	 3.0681262176e-01  2.9322813559e-03
 0.00000 -2.35619	 2.6265882496e-01  3.8823170408e-03	 2.6265882496e-01  3.8823170408e-03
 0.00000 -1.57080	 1.9321625444e-01  3.7817605891e-03	 1.9321625444e-01  3.7817605891e-03
 0.00000 -0.78540	 9.6972315105e-02  4.6277805566e-03	 9.6972315105e-02  4.6277805566e-03
 0.00000  0.00000	 3.6159774749e-02  5.5777098887e-03	 3.6159774749e-02  5.5777098887e-03
 0.00000  0.78540	 9.6972315105e-02  4.6277805566e-03	 9.6972315105e-02  4.6277805566e-03
 0.00000  1.57080	 1.9321625444e-01  3.7817605891e-03	 1.9321625444e-01  3.7817605891e-03
 0.00000  2.35619	 2.6265882496e-01  3.8823170408e-03	 2.6265882496e-01  3.8823170408e-03
 0.00000  3.14159	 2.8661924466e-01  4.3464965746e-03	 2.8661924466e-01  4.3464965746e-03
 0.78540 -2.35619	 2.8159476958e-01  4.0586014131e-03	 2.8159476958e-01  4.0586014131e-03
 0.78540 -1.57080	 2.1517827943e-01  5.1716389530e-03	 2.1517827943e-01  5.1716389530e-03
 0.78540 -0.78540	 1.3510923222e-01  4.6306337410e-03	 1.3510923222e-01  4.6306337410e-03
 0.78540  0.00000	 9.6892456439e-02  3.9916223365e-03	 9.6892456439e-02  3.9916223365e-03
 0.78540  0.78540	 1.3527779522e-01  4.1225348263e-03	 1.3527779522e-01  4.1225348263e-03
 0.78540  1.57080	 2.1602852170e-01  3.6659365566e-03	 2.1602852170e-01  3.6659365566e-03
 0.78540  2.35619	 2.8265902404e-01  3.0033793400e-03	 2.8265902404e-01  3.0033793400e-03
 0.78540  3.14159	 3.0681262176e-01  2.9322813559e-03	 3.0681262176e-01  2.9322813559e-03
 1.57080 -2.35619	 3.3184800600e-01  3.9998161888e-03	 3.3184800600e-01  3.9998161888e-03
 1.57080 -1.57080	 2.7472536281e-01  3.3050009953e-03	 2.7472536281e-01  3.3050009953e-03
 1.57080 -0.78540	 2.1658780842e-01  2.7928455337e-03	 2.1658780842e-01  2.7928455337e-03
 1.57080  0.00000	 1.9275783200e-01  3.0801076584e-03	 1.9275783200e-01  3.0801076584e-03
 1.57080  0.78540	 2.1649633843e-01  3.1832032979e-03	 2.1649633843e-01  3.1832032979e-03
 1.57080  1.57080	 2.7498669952e-01  3.3021595683e-03	 2.7498669952e-01  3.3021595683e-03
 1.57080  2.35619	 3.3056077421e-01  3.8397586467e-03	 3.3056077421e-01  3.8397586467e-03
 1.57080  3.14159	 3.5334024597e-01  4.1524444048e-03	 3.5334024597e-01  4.1524444048e-03
 2.35619 -2.35619	 3.8597876453e-01  3.5035934928e-03	 3.8597876453e-01  3.5035934928e-03
 2.35619 -1.57080	 3.3155695067e-01  3.7166945233e-03	 3.3155695067e-01  3.7166945233e-03
 2.35619 -0.78540	 2.8030314876e-01  3.9798121434e-03	 2.8030314876e-01  3.9798121434e-03
 2.35619  0.00000	 2.6166237344e-01  3.6426723593e-03	 2.6166237344e-01  3.6426723593e-03
 2.35619  0.78540	 2.8111936737e-01  3.6182401200e-03	 2.8111936737e-01  3.6182401200e-03
 2.35619  1.57080	 3.3122893862e-01  4.2743899222e-03	 3.3122893862e-01  4.2743899222e-03
 2.35619  2.35619	 3.8302402224e-01  4.9749908474e-03	 3.8302402224e-01  4.9749908474e-03
 2.35619  3.14159	 4.0646335287e-01  4.2814133064e-03	 4.0646335287e-01  4.2814133064e-03
 3.14159 -2.35619	 4.0791188654e-01  3.7178276625e-03	 4.0791188654e-01  3.7178276625e-03
 3.14159 -1.57080	 3.5322987115e-01  4.7023444305e-03	 3.5322987115e-01  4.7023444305e-03
 3.14159 -0.78540	 3.0257371775e-01  6.0250990091e-03	 3.0257371775e-01  6.0250990091e-03
 3.14159  0.00000	 2.8147954033e-01  7.0979051405e-03	 2.8147954033e-01  7.0979051405e-03
 3.14159  0.78540	 3.0257371775e-01  6.0250990091e-03	 3.0257371775e-01  6.0250990091e-03
 3.14159  1.57080	 3.5322987115e-01  4.7023444305e-03	 3.5322987115e-01  4.7023444305e-03
 3.14159  2.35619	 4.0791188654e-01  3.7178276625e-03	 4.0791188654e-01  3.7178276625e-03
 3.14159  3.14159	 4.3121169198e-01  3.4058636358e-03	 4.3121169198e-01  3.4058636358e-03
