     0.0000000       0.83733778       0.00835958
     0.1000000       0.67817929       0.00790736
     0.2000000       0.56728618       0.00738297
     0.3000000       0.48573757       0.00684304
     0.4000000       0.42308262       0.00618822
     0.5000000       0.37375691       0.00562408
     0.6000000       0.33426053       0.00525261
     0.7000000       0.30283053       0.00507851
     0.8000000       0.27739827       0.00487578
     0.9000000       0.25650231       0.00473270
     1.0000000       0.24092455       0.00482641
     1.1000000       0.22961321       0.00496570
     1.2000000       0.22020188       0.00484339
     1.3000000       0.21315231       0.00458791
     1.4000000       0.20916590       0.00438163
     1.5000000       0.20753730       0.00406416
     1.6000000       0.20842130       0.00386824
     1.7000000       0.21176378       0.00380692
     1.8000000       0.21813445       0.00377015
     1.9000000       0.22794526       0.00376164
     2.0000000       0.24068371       0.00386108
     2.1000000       0.25647032       0.00406555
     2.2000000       0.27646145       0.00439958
     2.3000000       0.30125110       0.00479391
     2.4000000       0.33223800       0.00531524
     2.5000000       0.37176185       0.00618330
     2.6000000       0.42161210       0.00723177
     2.7000000       0.48480250       0.00819875
     2.8000000       0.56697406       0.00885023
     2.9000000       0.67805934       0.00880064
     3.0000000       0.83733778       0.00835958
