     0.0000000       0.50011955       0.00153405
     0.1000000       0.45016860       0.00159608
     0.2000000       0.41335019       0.00172096
     0.3000000       0.38601049       0.00179570
     0.4000000       0.36366706       0.00188506
     0.5000000       0.34602560       0.00199096
     0.6000000       0.33264225       0.00199188
     0.7000000       0.32098601       0.00205649
     0.8000000       0.31285103       0.00209655
     0.9000000       0.30429132       0.00211191
     1.0000000       0.29927391       0.00217753
     1.1000000       0.29360568       0.00220945
     1.2000000       0.29110521       0.00235098
     1.3000000       0.28942202       0.00239186
     1.4000000       0.28852259       0.00250532
     1.5000000       0.28835956       0.00234363
     1.6000000       0.28785341       0.00238510
     1.7000000       0.29006841       0.00237651
     1.8000000       0.29311895       0.00239618
     1.9000000       0.29685679       0.00231179
     2.0000000       0.30134827       0.00212175
     2.1000000       0.30768147       0.00204092
     2.2000000       0.31407307       0.00202254
     2.3000000       0.32363336       0.00186154
     2.4000000       0.33633429       0.00196054
     2.5000000       0.35030078       0.00209275
     2.6000000       0.36767808       0.00193852
     2.7000000       0.39014761       0.00195013
     2.8000000       0.41513962       0.00184749
     2.9000000       0.45256068       0.00163893
     3.0000000       0.49988045       0.00153405
