     0.0000000       1.00000000       0.00000000
     0.1000000       1.00000000       0.00000000
     0.2000000       1.00000000       0.00000000
     0.3000000       1.00000000       0.00000000
     0.4000000       1.00000000       0.00000000
     0.5000000       1.00000000       0.00000000
     0.6000000       1.00000000       0.00000000
     0.7000000       1.00000000       0.00000000
     0.8000000       1.00000000       0.00000000
     0.9000000       1.00000000       0.00000000
     1.0000000       1.00000000       0.00000000
