     0.0000000       0.30131566       0.04935172
     0.1000000       0.15626969       0.04315436
     0.2000000       0.08873546       0.02663159
     0.3000000       0.05502759       0.01854404
     0.4000000       0.03524693       0.01318411
     0.5000000       0.01381631       0.01614641
     0.6000000       0.00240278       0.02074782
     0.7000000       0.00432898       0.01468314
     0.8000000      -0.00109468       0.01319492
     0.9000000      -0.00941764       0.01826134
     1.0000000       0.00196647       0.00937022
     1.1000000       0.01344712       0.00596990
     1.2000000       0.01623630       0.00854368
     1.3000000       0.02603436       0.01817733
     1.4000000       0.01192108       0.00533647
     1.5000000       0.01647392       0.01214612
     1.6000000       0.02311933       0.01883776
     1.7000000      -0.00847206       0.01279906
     1.8000000       0.01098594       0.00455119
     1.9000000       0.00888938       0.00537355
     2.0000000       0.02404092       0.02250606
     2.1000000       0.01926814       0.01971868
     2.2000000       0.02386461       0.02442163
     2.3000000       0.02060159       0.01701763
     2.4000000       0.00148823       0.00369704
     2.5000000       0.00013733       0.00589757
     2.6000000       0.00154193       0.00310694
     2.7000000       0.01128201       0.00938677
     2.8000000       0.01573203       0.01628007
     2.9000000       0.00726764       0.00541778
     3.0000000       0.01592691       0.01720589
     3.1000000       0.00701281       0.00671285
     3.2000000       0.01750479       0.01570852
     3.3000000       0.03233695       0.03034549
     3.4000000       0.01802760       0.01873218
     3.5000000       0.00535347       0.00681597
     3.6000000      -0.00466182       0.00373882
     3.7000000      -0.01604803       0.01326255
     3.8000000       0.00039259       0.00343155
     3.9000000       0.01260054       0.01127493
     4.0000000       0.00920480       0.00902902
     4.1000000       0.00111088       0.00483433
     4.2000000       0.00803991       0.00816216
     4.3000000       0.01383615       0.01002894
     4.4000000      -0.00063202       0.00384591
     4.5000000       0.00185909       0.00274142
     4.6000000      -0.01366411       0.01666025
     4.7000000      -0.00482469       0.00761282
     4.8000000      -0.01878107       0.02339434
     4.9000000      -0.00131853       0.00840585
     5.0000000       0.01283770       0.00898243
     5.1000000      -0.00623520       0.01162157
     5.2000000       0.01293750       0.01009558
     5.3000000       0.00035354       0.01056073
     5.4000000      -0.00026853       0.01944181
     5.5000000      -0.00657688       0.03424263
     5.6000000       0.01273624       0.03288116
     5.7000000       0.02226942       0.04704057
     5.8000000       0.05194010       0.06077540
     5.9000000       0.14615474       0.04928211
     6.0000000       0.30131566       0.04935172
