     0.0000000       0.07404761       0.00187355
     0.1000000       0.05084765       0.00165756
     0.2000000       0.03677792       0.00162568
     0.3000000       0.02861955       0.00175604
     0.4000000       0.02400474       0.00183847
     0.5000000       0.01861082       0.00180088
     0.6000000       0.01447118       0.00187287
     0.7000000       0.01079525       0.00173635
     0.8000000       0.00833587       0.00170628
     0.9000000       0.00795593       0.00171635
     1.0000000       0.00507949       0.00160413
     1.1000000       0.00230159       0.00176982
     1.2000000       0.00414106       0.00179906
     1.3000000       0.00458454       0.00156875
     1.4000000       0.00418212       0.00159514
     1.5000000       0.00383322       0.00159448
     1.6000000       0.00276116       0.00151642
     1.7000000       0.00365078       0.00171117
     1.8000000       0.00329478       0.00164086
     1.9000000       0.00292736       0.00152422
     2.0000000       0.00415407       0.00156019
     2.1000000       0.00395241       0.00147944
     2.2000000       0.00387512       0.00161560
     2.3000000       0.00450289       0.00153977
     2.4000000       0.00400319       0.00152662
     2.5000000       0.00440656       0.00155815
     2.6000000       0.00531363       0.00158198
     2.7000000       0.00670644       0.00162228
     2.8000000       0.00616029       0.00150269
     2.9000000       0.00660623       0.00153323
     3.0000000       0.00706665       0.00149002
     3.1000000       0.00760923       0.00154424
     3.2000000       0.00773868       0.00150855
     3.3000000       0.00694299       0.00159556
     3.4000000       0.00755319       0.00158427
     3.5000000       0.01136579       0.00174669
     3.6000000       0.01060464       0.00156607
     3.7000000       0.01174060       0.00160963
     3.8000000       0.01393678       0.00164914
     3.9000000       0.01777317       0.00169796
     4.0000000       0.01867235       0.00163907
     4.1000000       0.02220017       0.00171785
     4.2000000       0.02766753       0.00167080
     4.3000000       0.03381346       0.00166147
     4.4000000       0.03907950       0.00159191
     4.5000000       0.04574788       0.00155222
     4.6000000       0.05564878       0.00160825
     4.7000000       0.06548887       0.00171675
     4.8000000       0.07666638       0.00168998
     4.9000000       0.09165101       0.00172616
     5.0000000       0.10912063       0.00179052
     5.1000000       0.13075127       0.00177113
     5.2000000       0.16055832       0.00176788
     5.3000000       0.19818377       0.00192142
     5.4000000       0.24142992       0.00193613
     5.5000000       0.29684840       0.00191518
     5.6000000       0.36841264       0.00192820
     5.7000000       0.46060699       0.00188364
     5.8000000       0.57633981       0.00179997
     5.9000000       0.72692958       0.00186680
     6.0000000       0.92595239       0.00187355
