     0.0000000       0.69886544       0.00435023
     0.1000000       0.61265375       0.00444858
     0.2000000       0.55617531       0.00446131
     0.3000000       0.52036762       0.00433306
     0.4000000       0.50099933       0.00426785
     0.5000000       0.49523590       0.00427102
     0.6000000       0.50190531       0.00429901
     0.7000000       0.52180310       0.00436934
     0.8000000       0.55739183       0.00440122
     0.9000000       0.61338457       0.00434468
     1.0000000       0.69886544       0.00435023
