     0.0000000       0.32777659       0.03499182
     0.1000000       0.20263695       0.00561633
     0.2000000       0.11173228       0.00703317
     0.3000000       0.06790072       0.00599319
     0.4000000       0.02000194       0.01846279
     0.5000000       0.01899235       0.01462387
     0.6000000      -0.00352921       0.02478463
     0.7000000       0.00027276       0.01442986
     0.8000000      -0.00080593       0.01031096
     0.9000000       0.00926004       0.00741708
     1.0000000       0.00152940       0.00742190
     1.1000000       0.00671547       0.00533544
     1.2000000       0.01721542       0.00837473
     1.3000000       0.00694029       0.00756110
     1.4000000       0.00317790       0.01234237
     1.5000000       0.02623540       0.01667834
     1.6000000       0.01253564       0.00642219
     1.7000000       0.01035072       0.00415264
     1.8000000       0.00298546       0.00495590
     1.9000000       0.00745564       0.00739075
     2.0000000       0.00072305       0.00443180
     2.1000000      -0.00046044       0.00339171
     2.2000000      -0.00100395       0.00355282
     2.3000000      -0.00596670       0.00699755
     2.4000000       0.01005077       0.00831277
     2.5000000       0.00366277       0.00336770
     2.6000000       0.00314949       0.00375090
     2.7000000       0.00254881       0.00412659
     2.8000000      -0.00138684       0.00595786
     2.9000000      -0.00746613       0.00730994
     3.0000000      -0.00152402       0.00486525
     3.1000000       0.00355117       0.00576249
     3.2000000       0.00545283       0.00689706
     3.3000000       0.00626033       0.00885270
     3.4000000      -0.00685059       0.00625555
     3.5000000      -0.01581726       0.01133298
     3.6000000      -0.00393908       0.00490427
     3.7000000       0.00603877       0.00386700
     3.8000000       0.00492768       0.00402768
     3.9000000      -0.00174413       0.00464500
     4.0000000      -0.00720320       0.00482801
     4.1000000      -0.00330800       0.00501758
     4.2000000      -0.00380782       0.00876291
     4.3000000       0.00220126       0.00589807
     4.4000000       0.00476951       0.00267198
     4.5000000       0.00868627       0.00518683
     4.6000000      -0.00331311       0.01021386
     4.7000000      -0.00972216       0.01293080
     4.8000000      -0.00303796       0.01000024
     4.9000000      -0.00039838       0.00916002
     5.0000000      -0.00074392       0.00842619
     5.1000000       0.00516060       0.00944789
     5.2000000       0.00516958       0.01070066
     5.3000000       0.00875620       0.00993086
     5.4000000       0.01213524       0.00950314
     5.5000000       0.00927238       0.02041488
     5.6000000       0.02491490       0.01884760
     5.7000000       0.04547299       0.02251658
     5.8000000       0.09674370       0.01872645
     5.9000000       0.18020606       0.02222794
     6.0000000       0.32777659       0.03499182
