     0.0000000       0.36247850       0.00906149
     0.1000000       0.24349920       0.00911568
     0.2000000       0.17862226       0.00898633
     0.3000000       0.14462190       0.00878076
     0.4000000       0.12761519       0.00870062
     0.5000000       0.12087587       0.00868423
     0.6000000       0.12382563       0.00873396
     0.7000000       0.13936389       0.00880722
     0.8000000       0.17449005       0.00890853
     0.9000000       0.24146195       0.00898187
     1.0000000       0.36247850       0.00906149
