     0.0000000       0.39268212       0.03839046
     0.1000000       0.22909225       0.00986575
     0.2000000       0.09564242       0.01827606
     0.3000000       0.04301541       0.02442588
     0.4000000       0.00463154       0.03731273
     0.5000000      -0.00323108       0.02238234
     0.6000000       0.00458494       0.00899485
     0.7000000       0.00365041       0.01152676
     0.8000000       0.00317133       0.00677866
     0.9000000      -0.00274331       0.00946451
     1.0000000      -0.00848910       0.00805804
     1.1000000       0.02483477       0.02933095
     1.2000000      -0.00297117       0.01071207
     1.3000000      -0.03187090       0.02391029
     1.4000000      -0.01920433       0.01444389
     1.5000000       0.01577732       0.01494638
     1.6000000      -0.02650232       0.02981138
     1.7000000      -0.04984625       0.05288328
     1.8000000      -0.01402168       0.01204862
     1.9000000      -0.03518820       0.03283158
     2.0000000      -0.01537767       0.01938819
     2.1000000       0.04908239       0.04794827
     2.2000000       0.05462326       0.05131449
     2.3000000       0.02153894       0.01921058
     2.4000000       0.00834967       0.00447029
     2.5000000       0.02234281       0.01248323
     2.6000000      -0.00785620       0.02020813
     2.7000000       0.00645376       0.00522046
     2.8000000      -0.00408290       0.00579623
     2.9000000      -0.00588516       0.01224742
     3.0000000       0.00113794       0.01163438
     3.1000000       0.01753079       0.00828316
     3.2000000       0.00884004       0.00545159
     3.3000000      -0.01390448       0.01677275
     3.4000000      -0.01500181       0.02341579
     3.5000000       0.02655132       0.02350115
     3.6000000       0.05023737       0.04532702
     3.7000000       0.00627704       0.01079989
     3.8000000       0.01674050       0.01271735
     3.9000000      -0.01466087       0.02055719
     4.0000000       0.01087134       0.01342185
     4.1000000       0.02214008       0.02405688
     4.2000000       0.02440254       0.02170247
     4.3000000       0.00247377       0.00717933
     4.4000000       0.02112216       0.02578231
     4.5000000       0.04146013       0.04222447
     4.6000000       0.00671715       0.00484456
     4.7000000       0.02724643       0.02576372
     4.8000000       0.03199021       0.02912325
     4.9000000       0.00808683       0.00443243
     5.0000000       0.02270732       0.02316682
     5.1000000       0.06787274       0.06202315
     5.2000000       0.03049589       0.02290526
     5.3000000       0.01280482       0.00652020
     5.4000000       0.00205235       0.01817177
     5.5000000       0.02816385       0.00688107
     5.6000000       0.04382839       0.00948724
     5.7000000       0.10072063       0.03345971
     5.8000000       0.15444827       0.03621606
     5.9000000       0.19805876       0.02377935
     6.0000000       0.39268212       0.03839046
