     0.0000000       0.93307371       0.00052233
     0.1000000       0.60690925       0.00056562
     0.2000000       0.40294091       0.00050624
     0.3000000       0.27311784       0.00047718
     0.4000000       0.19090026       0.00046966
     0.5000000       0.13855477       0.00048016
     0.6000000       0.10423780       0.00046705
     0.7000000       0.08329082       0.00040073
     0.8000000       0.07054917       0.00044163
     0.9000000       0.06562498       0.00046071
     1.0000000       0.06692629       0.00052233
