     0.0000000       0.19333886       0.08057522
     0.1000000       0.09541807       0.07673903
     0.2000000       0.03775108       0.07434004
     0.3000000       0.00602503       0.07136015
     0.4000000      -0.01050635       0.06672287
     0.5000000      -0.02174500       0.06352012
     0.6000000      -0.02663648       0.06023572
     0.7000000      -0.02978719       0.05919074
     0.8000000      -0.03348813       0.05951704
     0.9000000      -0.03415326       0.05823556
     1.0000000      -0.03389296       0.05668688
     1.1000000      -0.03192103       0.05339401
     1.2000000      -0.02842338       0.04925277
     1.3000000      -0.02785576       0.04816524
     1.4000000      -0.02535053       0.04511662
     1.5000000      -0.01828553       0.03781021
     1.6000000      -0.01212026       0.03107745
     1.7000000      -0.00220821       0.02100969
     1.8000000       0.01429161       0.00686954
     1.9000000       0.01905457       0.00659729
     2.0000000       0.01190595       0.00791620
     2.1000000       0.00392561       0.01350951
     2.2000000       0.00120917       0.01463887
     2.3000000       0.00242494       0.01298472
     2.4000000      -0.00196720       0.01618703
     2.5000000      -0.00670938       0.01946961
     2.6000000      -0.00654998       0.01866164
     2.7000000      -0.00261306       0.01439938
     2.8000000       0.00448201       0.00882667
     2.9000000       0.00874007       0.00697789
     3.0000000       0.01372906       0.00684608
     3.1000000       0.02361889       0.01109740
     3.2000000       0.02941698       0.01384123
     3.3000000       0.03239397       0.01608311
     3.4000000       0.03610409       0.01937063
     3.5000000       0.03863991       0.02094397
     3.6000000       0.03918016       0.02164770
     3.7000000       0.03646386       0.02011017
     3.8000000       0.03323121       0.01992137
     3.9000000       0.03457579       0.02454639
     4.0000000       0.03638340       0.02750789
     4.1000000       0.03448860       0.02578033
     4.2000000       0.03089318       0.02330085
     4.3000000       0.03234040       0.02385481
     4.4000000       0.03749743       0.02639803
     4.5000000       0.03769966       0.02510034
     4.6000000       0.02884399       0.01687015
     4.7000000       0.02111816       0.01038320
     4.8000000       0.01772060       0.00801749
     4.9000000       0.01749269       0.00826967
     5.0000000       0.01980499       0.01099894
     5.1000000       0.02227456       0.01491871
     5.2000000       0.02631748       0.01828058
     5.3000000       0.02347469       0.01296796
     5.4000000       0.01830646       0.00842720
     5.5000000       0.02157601       0.01238577
     5.6000000       0.02613574       0.02350913
     5.7000000       0.03234480       0.04077153
     5.8000000       0.05268491       0.05790937
     5.9000000       0.09672823       0.07413508
     6.0000000       0.19333886       0.08057522
