     0.0000000       0.96305295       0.00080997
     0.1000000       0.62759648       0.00086955
     0.2000000       0.41393952       0.00093327
     0.3000000       0.27787591       0.00085721
     0.4000000       0.18813481       0.00078471
     0.5000000       0.13000377       0.00081062
     0.6000000       0.09208804       0.00080491
     0.7000000       0.06577305       0.00072724
     0.8000000       0.04773183       0.00081669
     0.9000000       0.03561859       0.00072854
     1.0000000       0.02735265       0.00068960
     1.1000000       0.02161726       0.00064701
     1.2000000       0.01699490       0.00071689
     1.3000000       0.01409512       0.00075978
     1.4000000       0.01217151       0.00075569
     1.5000000       0.01066604       0.00070464
     1.6000000       0.00937242       0.00072361
     1.7000000       0.00745712       0.00071556
     1.8000000       0.00717583       0.00073557
     1.9000000       0.00671072       0.00071073
     2.0000000       0.00569668       0.00065541
     2.1000000       0.00709170       0.00073286
     2.2000000       0.00738849       0.00070041
     2.3000000       0.00697604       0.00066730
     2.4000000       0.00654325       0.00062289
     2.5000000       0.00786626       0.00071253
     2.6000000       0.00987427       0.00072470
     2.7000000       0.01300806       0.00073180
     2.8000000       0.01766861       0.00076375
     2.9000000       0.02520306       0.00075412
     3.0000000       0.03694705       0.00080997
