     0.0000000       0.33839060       0.02648246
     0.1000000       0.17929719       0.02866316
     0.2000000       0.09618490       0.02675378
     0.3000000       0.05405769       0.02373204
     0.4000000       0.03269708       0.02170390
     0.5000000       0.01930889       0.02124732
     0.6000000       0.01253239       0.01946788
     0.7000000       0.01045374       0.01685765
     0.8000000       0.00979515       0.01486214
     0.9000000       0.01105624       0.01250338
     1.0000000       0.01063192       0.01188815
     1.1000000       0.00580693       0.01452761
     1.2000000       0.00260785       0.01572900
     1.3000000       0.00466319       0.01311673
     1.4000000       0.00613932       0.01110897
     1.5000000       0.00654140       0.01025266
     1.6000000       0.00751342       0.00891974
     1.7000000       0.00670979       0.00792602
     1.8000000       0.00471339       0.00743729
     1.9000000       0.00557992       0.00721090
     2.0000000       0.00714380       0.00795340
     2.1000000       0.00263792       0.00837325
     2.2000000      -0.00065988       0.00859085
     2.3000000      -0.00094128       0.00948059
     2.4000000      -0.00302642       0.00987844
     2.5000000      -0.00237091       0.00907627
     2.6000000       0.00097095       0.00845918
     2.7000000       0.00442722       0.00800309
     2.8000000       0.00730645       0.00740731
     2.9000000       0.00737978       0.00673052
     3.0000000       0.00352494       0.00650520
     3.1000000      -0.00086039       0.00693315
     3.2000000      -0.00287567       0.00746161
     3.3000000      -0.00124228       0.00729538
     3.4000000      -0.00128339       0.00742656
     3.5000000      -0.00340484       0.00898250
     3.6000000      -0.00322959       0.01058159
     3.7000000      -0.00274413       0.01079216
     3.8000000      -0.00466396       0.01107594
     3.9000000      -0.00809726       0.01154908
     4.0000000      -0.00852543       0.01132692
     4.1000000      -0.00690942       0.01089575
     4.2000000      -0.00508714       0.01086879
     4.3000000      -0.00230123       0.01183444
     4.4000000       0.00024696       0.01392657
     4.5000000      -0.00054070       0.01594496
     4.6000000      -0.00427411       0.01785824
     4.7000000      -0.00999698       0.02101035
     4.8000000      -0.01532061       0.02431092
     4.9000000      -0.01678456       0.02670475
     5.0000000      -0.01730422       0.02872671
     5.1000000      -0.01702064       0.03149901
     5.2000000      -0.01297527       0.03202431
     5.3000000      -0.00610489       0.02892547
     5.4000000       0.00439098       0.02483104
     5.5000000       0.01898964       0.02068336
     5.6000000       0.03836346       0.01793627
     5.7000000       0.06635577       0.01707941
     5.8000000       0.11172165       0.01839932
     5.9000000       0.19168043       0.02182193
     6.0000000       0.33839060       0.02648246
