     0.0000000       0.29899951       0.00765721
     0.1000000       0.20395784       0.00635239
     0.2000000       0.15439955       0.00336376
     0.3000000       0.11886567       0.00325608
     0.4000000       0.09821845       0.00499256
     0.5000000       0.09409110       0.00479052
     0.6000000       0.09866594       0.00385598
     0.7000000       0.11667582       0.00468975
     0.8000000       0.14771271       0.00407992
     0.9000000       0.19977786       0.00584612
     1.0000000       0.29899951       0.00765721
