     0.0000000       0.03913522       0.00135428
     0.1000000       0.02873284       0.00129723
     0.2000000       0.02101415       0.00116638
     0.3000000       0.01578786       0.00110512
     0.4000000       0.01230718       0.00110564
     0.5000000       0.01080462       0.00106477
     0.6000000       0.00838792       0.00111779
     0.7000000       0.00664863       0.00105931
     0.8000000       0.00699191       0.00101819
     0.9000000       0.00721280       0.00097879
     1.0000000       0.00880167       0.00102440
     1.1000000       0.00855857       0.00102417
     1.2000000       0.00823355       0.00107684
     1.3000000       0.00728396       0.00105847
     1.4000000       0.00872816       0.00105209
     1.5000000       0.01173801       0.00119924
     1.6000000       0.01200349       0.00110421
     1.7000000       0.01229288       0.00109827
     1.8000000       0.01501361       0.00114709
     1.9000000       0.01878403       0.00118909
     2.0000000       0.02411101       0.00125123
     2.1000000       0.03332423       0.00117667
     2.2000000       0.04516916       0.00129117
     2.3000000       0.06237675       0.00136678
     2.4000000       0.08797778       0.00129564
     2.5000000       0.12629194       0.00131293
     2.6000000       0.18513521       0.00129576
     2.7000000       0.27375734       0.00138206
     2.8000000       0.41284150       0.00131260
     2.9000000       0.62490735       0.00124017
     3.0000000       0.96086478       0.00135428
