     0.0000000       0.69880453       0.00433598
     0.1000000       0.61257774       0.00444123
     0.2000000       0.55619218       0.00446855
     0.3000000       0.52048422       0.00434043
     0.4000000       0.50108581       0.00426890
     0.5000000       0.49527899       0.00425594
     0.6000000       0.50188927       0.00426704
     0.7000000       0.52176045       0.00432303
     0.8000000       0.55732682       0.00435115
     0.9000000       0.61330164       0.00431219
     1.0000000       0.69880453       0.00433598
