     0.0000000       1.02870179       0.00840531
     0.1000000       0.86512761       0.00864064
     0.2000000       0.76634326       0.00866358
     0.3000000       0.70647517       0.00831697
     0.4000000       0.67517875       0.00815765
     0.5000000       0.66636034       0.00817495
     0.6000000       0.67704567       0.00819456
     0.7000000       0.70928634       0.00831924
     0.8000000       0.76865347       0.00841239
     0.9000000       0.86646799       0.00833550
     1.0000000       1.02870179       0.00840531
