     0.0000000       0.31914698       0.00798257
     0.1000000       0.20849437       0.00694378
     0.2000000       0.15451217       0.00379374
     0.3000000       0.11825827       0.00330715
     0.4000000       0.09802492       0.00444260
     0.5000000       0.09213322       0.00495525
     0.6000000       0.09768167       0.00398801
     0.7000000       0.11509570       0.00518480
     0.8000000       0.14803032       0.00439692
     0.9000000       0.20583440       0.00613118
     1.0000000       0.31914698       0.00798257
