     0.0000000       0.34811006       0.01441291
     0.1000000       0.19929543       0.01430004
     0.2000000       0.11575010       0.01383923
     0.3000000       0.06636874       0.01309631
     0.4000000       0.03611207       0.01251330
     0.5000000       0.01787639       0.01203983
     0.6000000       0.00798621       0.01154305
     0.7000000       0.00143791       0.01108790
     0.8000000      -0.00304135       0.01077542
     0.9000000      -0.00525851       0.01059344
     1.0000000      -0.00796532       0.01072304
     1.1000000      -0.01003216       0.01084877
     1.2000000      -0.00996221       0.01079878
     1.3000000      -0.00794114       0.01077415
     1.4000000      -0.00614441       0.01077084
     1.5000000      -0.00496483       0.01082801
     1.6000000      -0.00263114       0.01078483
     1.7000000      -0.00200728       0.01072957
     1.8000000      -0.00269451       0.01091520
     1.9000000      -0.00195571       0.01104595
     2.0000000      -0.00044799       0.01122526
     2.1000000       0.00192131       0.01116571
     2.2000000       0.00585502       0.01104004
     2.3000000       0.00998556       0.01129416
     2.4000000       0.01710555       0.01170306
     2.5000000       0.02795919       0.01251194
     2.6000000       0.04403258       0.01367776
     2.7000000       0.07244998       0.01422602
     2.8000000       0.11841204       0.01427302
     2.9000000       0.19826110       0.01443115
     3.0000000       0.34811006       0.01441291
