     0.0000000       0.28895039       0.00538324
     0.1000000       0.19710427       0.00486650
     0.2000000       0.14777494       0.00361986
     0.3000000       0.11642893       0.00345866
     0.4000000       0.09973226       0.00398845
     0.5000000       0.09269691       0.00430758
     0.6000000       0.10308563       0.00339004
     0.7000000       0.11638235       0.00369979
     0.8000000       0.14995964       0.00365957
     0.9000000       0.19823857       0.00420444
     1.0000000       0.28895039       0.00538324
