     0.0000000       0.74029786       0.00050966
     0.1000000       0.60853747       0.00074443
     0.2000000       0.51018747       0.00078364
     0.3000000       0.43530848       0.00079107
     0.4000000       0.37844688       0.00077728
     0.5000000       0.33550140       0.00072087
     0.6000000       0.30237579       0.00067369
     0.7000000       0.27880151       0.00054618
     0.8000000       0.26227251       0.00055744
     0.9000000       0.25608640       0.00049473
     1.0000000       0.25970214       0.00050966
