     0.0000000       0.32631561       0.01469053
     0.1000000       0.18957706       0.01386588
     0.2000000       0.11385953       0.01305318
     0.3000000       0.07219487       0.01214139
     0.4000000       0.04721227       0.01113830
     0.5000000       0.03042632       0.01051717
     0.6000000       0.01789378       0.01032317
     0.7000000       0.01034546       0.01020257
     0.8000000       0.00943644       0.01008844
     0.9000000       0.00985429       0.00993317
     1.0000000       0.00928412       0.00997868
     1.1000000       0.01052079       0.01001622
     1.2000000       0.01115855       0.00985240
     1.3000000       0.00958812       0.00975973
     1.4000000       0.00876535       0.00991210
     1.5000000       0.00846271       0.01007752
     1.6000000       0.01011063       0.01020493
     1.7000000       0.01266702       0.01039047
     1.8000000       0.01437889       0.01057458
     1.9000000       0.01605144       0.01092171
     2.0000000       0.01903081       0.01103968
     2.1000000       0.02271892       0.01094290
     2.2000000       0.02506967       0.01111761
     2.3000000       0.02491988       0.01169661
     2.4000000       0.02701790       0.01254241
     2.5000000       0.03422223       0.01356352
     2.6000000       0.04684798       0.01468354
     2.7000000       0.07091727       0.01520217
     2.8000000       0.11345619       0.01521972
     2.9000000       0.18976062       0.01515189
     3.0000000       0.32631561       0.01469053
