     0.0000000       0.91125628       0.00054499
     0.1000000       0.62651158       0.00060581
     0.2000000       0.43931039       0.00054639
     0.3000000       0.31401262       0.00050807
     0.4000000       0.23064034       0.00049424
     0.5000000       0.17484007       0.00049841
     0.6000000       0.13645012       0.00049178
     0.7000000       0.11167302       0.00042592
     0.8000000       0.09573000       0.00046634
     0.9000000       0.08862132       0.00048140
     1.0000000       0.08874372       0.00054499
