     0.0000000       0.61720127       0.00919278
     0.1000000       0.50847682       0.01020608
     0.2000000       0.42982706       0.01145834
     0.3000000       0.37068379       0.01192683
     0.4000000       0.32690759       0.01262915
     0.5000000       0.29358510       0.01407362
     0.6000000       0.26608959       0.01495546
     0.7000000       0.24369674       0.01568457
     0.8000000       0.22522035       0.01623711
     0.9000000       0.20868173       0.01576779
     1.0000000       0.19590043       0.01654829
     1.1000000       0.18770290       0.01992490
     1.2000000       0.18162098       0.02432193
     1.3000000       0.17523725       0.02743348
     1.4000000       0.16931307       0.02975041
     1.5000000       0.16288028       0.03104202
     1.6000000       0.15463228       0.03002006
     1.7000000       0.14952690       0.03091687
     1.8000000       0.14591242       0.03250456
     1.9000000       0.14204370       0.03377736
     2.0000000       0.13921934       0.03551083
     2.1000000       0.13763013       0.03711243
     2.2000000       0.13542198       0.03707982
     2.3000000       0.13266962       0.03674273
     2.4000000       0.12750018       0.03416060
     2.5000000       0.12253674       0.03142915
     2.6000000       0.11844058       0.02909745
     2.7000000       0.11498683       0.02632410
     2.8000000       0.11356319       0.02516170
     2.9000000       0.11274553       0.02478634
     3.0000000       0.11192891       0.02408577
     3.1000000       0.11161930       0.02369581
     3.2000000       0.11267084       0.02425284
     3.3000000       0.11446338       0.02517141
     3.4000000       0.11652781       0.02540869
     3.5000000       0.11759980       0.02394545
     3.6000000       0.11904399       0.02273698
     3.7000000       0.12172751       0.02269008
     3.8000000       0.12560224       0.02313848
     3.9000000       0.12790356       0.02170983
     4.0000000       0.12994226       0.02035126
     4.1000000       0.13268076       0.01958353
     4.2000000       0.13538726       0.01891952
     4.3000000       0.14078168       0.02061454
     4.4000000       0.14661122       0.02215872
     4.5000000       0.15297769       0.02300393
     4.6000000       0.16012958       0.02340078
     4.7000000       0.16551932       0.02127307
     4.8000000       0.17246086       0.01927257
     4.9000000       0.18650595       0.02274441
     5.0000000       0.20027973       0.02462428
     5.1000000       0.20854322       0.01914229
     5.2000000       0.21829163       0.01318038
     5.3000000       0.23340392       0.01000475
     5.4000000       0.25507316       0.00915272
     5.5000000       0.28293158       0.00881084
     5.6000000       0.31750499       0.00785677
     5.7000000       0.36202337       0.00699333
     5.8000000       0.42295835       0.00763904
     5.9000000       0.50553327       0.00873501
     6.0000000       0.61720127       0.00919278
