     0.0000000       0.33530273       0.00972040
     0.1000000       0.21282114       0.00880425
     0.2000000       0.15344268       0.00406547
     0.3000000       0.11519300       0.00447818
     0.4000000       0.09448803       0.00598270
     0.5000000       0.09012072       0.00633392
     0.6000000       0.09673753       0.00524113
     0.7000000       0.11502065       0.00637655
     0.8000000       0.14932417       0.00546829
     0.9000000       0.21153258       0.00765858
     1.0000000       0.33530273       0.00972040
