     0.0000000       0.26773156       0.01108816
     0.1000000       0.16466463       0.01028312
     0.2000000       0.10387452       0.00965985
     0.3000000       0.06757332       0.00904532
     0.4000000       0.04409220       0.00855455
     0.5000000       0.02841872       0.00821049
     0.6000000       0.01649481       0.00798710
     0.7000000       0.01047043       0.00766650
     0.8000000       0.00938835       0.00725814
     0.9000000       0.00878158       0.00686877
     1.0000000       0.00789215       0.00658954
     1.1000000       0.00754868       0.00634490
     1.2000000       0.00664395       0.00617670
     1.3000000       0.00487966       0.00620008
     1.4000000       0.00195425       0.00642217
     1.5000000      -0.00005731       0.00656705
     1.6000000       0.00068957       0.00657328
     1.7000000       0.00144560       0.00661887
     1.8000000       0.00100157       0.00680710
     1.9000000       0.00063666       0.00711195
     2.0000000       0.00243137       0.00740853
     2.1000000       0.00442743       0.00762070
     2.2000000       0.00597448       0.00784554
     2.3000000       0.00922202       0.00821227
     2.4000000       0.01536731       0.00870200
     2.5000000       0.02500583       0.00947139
     2.6000000       0.03998303       0.01065044
     2.7000000       0.06465117       0.01152351
     2.8000000       0.10275585       0.01181917
     2.9000000       0.16355939       0.01173469
     3.0000000       0.26773156       0.01108816
