     0.0000000       0.50497800       0.00538933
     0.1000000       0.44718823       0.00518141
     0.2000000       0.40193464       0.00555537
     0.3000000       0.36660535       0.00533213
     0.4000000       0.33519212       0.00540826
     0.5000000       0.31280963       0.00564640
     0.6000000       0.28846041       0.00560575
     0.7000000       0.26639758       0.00575928
     0.8000000       0.24007235       0.00573278
     0.9000000       0.22650990       0.00537708
     1.0000000       0.21501588       0.00565141
     1.1000000       0.20311113       0.00529399
     1.2000000       0.19246809       0.00536587
     1.3000000       0.18448001       0.00512705
     1.4000000       0.16981781       0.00525863
     1.5000000       0.15957077       0.00564250
     1.6000000       0.15091053       0.00569688
     1.7000000       0.13976561       0.00555024
     1.8000000       0.13649228       0.00559875
     1.9000000       0.13312027       0.00520824
     2.0000000       0.12784497       0.00514364
     2.1000000       0.12068029       0.00520211
     2.2000000       0.11095788       0.00529937
     2.3000000       0.10574364       0.00521078
     2.4000000       0.10464847       0.00500100
     2.5000000       0.10454525       0.00499209
     2.6000000       0.10238501       0.00507332
     2.7000000       0.10223912       0.00519177
     2.8000000       0.09900235       0.00546411
     2.9000000       0.09654592       0.00538809
     3.0000000       0.09452899       0.00563993
     3.1000000       0.09640042       0.00574514
     3.2000000       0.09816309       0.00564839
     3.3000000       0.09810966       0.00580388
     3.4000000       0.09868016       0.00582548
     3.5000000       0.10018361       0.00560576
     3.6000000       0.10303822       0.00556582
     3.7000000       0.10234703       0.00561538
     3.8000000       0.10640595       0.00535538
     3.9000000       0.11018509       0.00578365
     4.0000000       0.11730263       0.00584341
     4.1000000       0.12330701       0.00594380
     4.2000000       0.12936584       0.00585757
     4.3000000       0.13173867       0.00596271
     4.4000000       0.13960216       0.00586087
     4.5000000       0.14621251       0.00529895
     4.6000000       0.15675442       0.00506132
     4.7000000       0.16866430       0.00537128
     4.8000000       0.18794487       0.00535001
     4.9000000       0.19825299       0.00529961
     5.0000000       0.20833144       0.00583186
     5.1000000       0.22634061       0.00566868
     5.2000000       0.23884852       0.00621271
     5.3000000       0.25732856       0.00611022
     5.4000000       0.27551572       0.00591053
     5.5000000       0.29802065       0.00580250
     5.6000000       0.32474494       0.00559440
     5.7000000       0.35849391       0.00527629
     5.8000000       0.39178895       0.00541381
     5.9000000       0.43718908       0.00532438
     6.0000000       0.49502200       0.00538933
