     0.0000000       0.53922393       0.00389335
     0.1000000       0.51274459       0.00405349
     0.2000000       0.49399724       0.00404809
     0.3000000       0.48124326       0.00386219
     0.4000000       0.47390666       0.00371852
     0.5000000       0.47149546       0.00363441
     0.6000000       0.47376297       0.00358924
     0.7000000       0.48092834       0.00359933
     0.8000000       0.49347695       0.00365604
     0.9000000       0.51236782       0.00375659
     1.0000000       0.53922393       0.00389335
