     0.0000000       0.30666124       0.01073523
     0.1000000       0.21139374       0.01130731
     0.2000000       0.15612957       0.01112266
     0.3000000       0.12449905       0.01015840
     0.4000000       0.10776511       0.00947338
     0.5000000       0.10226857       0.00924909
     0.6000000       0.10623329       0.00920757
     0.7000000       0.12220925       0.00923086
     0.8000000       0.15386061       0.00951561
     0.9000000       0.20981077       0.01008857
     1.0000000       0.30666124       0.01073523
