     0.0000000       0.28908882       0.01839067
     0.1000000       0.16579040       0.02045251
     0.2000000       0.09596216       0.01989347
     0.3000000       0.05591021       0.01814274
     0.4000000       0.03381148       0.01554734
     0.5000000       0.02026686       0.01411226
     0.6000000       0.01042984       0.01432884
     0.7000000       0.00374494       0.01406878
     0.8000000      -0.00119745       0.01343802
     0.9000000      -0.00491188       0.01357841
     1.0000000      -0.01016497       0.01593215
     1.1000000      -0.01595588       0.01996318
     1.2000000      -0.01873409       0.02291004
     1.3000000      -0.02078336       0.02493440
     1.4000000      -0.02261717       0.02589385
     1.5000000      -0.02060950       0.02282913
     1.6000000      -0.01634567       0.01867511
     1.7000000      -0.01314054       0.01651422
     1.8000000      -0.01130731       0.01465889
     1.9000000      -0.01069494       0.01342106
     2.0000000      -0.00999331       0.01259549
     2.1000000      -0.01088465       0.01302771
     2.2000000      -0.01298557       0.01384153
     2.3000000      -0.01599219       0.01390455
     2.4000000      -0.01965577       0.01414789
     2.5000000      -0.02140896       0.01519454
     2.6000000      -0.02110145       0.01601809
     2.7000000      -0.01926258       0.01584801
     2.8000000      -0.01753553       0.01499851
     2.9000000      -0.01743233       0.01383206
     3.0000000      -0.01885562       0.01290949
     3.1000000      -0.02032476       0.01247404
     3.2000000      -0.01973727       0.01211406
     3.3000000      -0.01819597       0.01227399
     3.4000000      -0.01891188       0.01313890
     3.5000000      -0.02074625       0.01364031
     3.6000000      -0.02088296       0.01416227
     3.7000000      -0.01830281       0.01374358
     3.8000000      -0.01401391       0.01177152
     3.9000000      -0.01018174       0.01027650
     4.0000000      -0.00628348       0.00897868
     4.1000000      -0.00279726       0.00743394
     4.2000000      -0.00128786       0.00628672
     4.3000000      -0.00036326       0.00598651
     4.4000000       0.00055960       0.00633448
     4.5000000       0.00237766       0.00632714
     4.6000000       0.00398610       0.00590058
     4.7000000       0.00400865       0.00575458
     4.8000000       0.00268409       0.00609169
     4.9000000       0.00257481       0.00625260
     5.0000000       0.00540102       0.00609716
     5.1000000       0.00741869       0.00662257
     5.2000000       0.01046168       0.00713568
     5.3000000       0.01695502       0.00713787
     5.4000000       0.02431826       0.00822806
     5.5000000       0.03076273       0.01125945
     5.6000000       0.04333642       0.01313945
     5.7000000       0.06825546       0.01321174
     5.8000000       0.10793436       0.01393253
     5.9000000       0.17385517       0.01541685
     6.0000000       0.28908882       0.01839067
