     0.0000000       0.23632134       0.00474093
     0.1000000       0.17825155       0.00410453
     0.2000000       0.14740027       0.00418886
     0.3000000       0.12196931       0.00333869
     0.4000000       0.10710246       0.00322674
     0.5000000       0.10013154       0.00396120
     0.6000000       0.11214268       0.00382957
     0.7000000       0.12311829       0.00359219
     0.8000000       0.15000377       0.00359608
     0.9000000       0.17935753       0.00342560
     1.0000000       0.23632134       0.00474093
