     0.0000000       0.63088069       0.01549820
     0.1000000       0.51724047       0.01564323
     0.2000000       0.43319674       0.01373390
     0.3000000       0.36990915       0.01183319
     0.4000000       0.32099679       0.01079633
     0.5000000       0.28255635       0.01032179
     0.6000000       0.24983714       0.00996665
     0.7000000       0.22182449       0.01060803
     0.8000000       0.19920475       0.01052530
     0.9000000       0.18093543       0.00900036
     1.0000000       0.16810274       0.00805297
     1.1000000       0.15801445       0.00833975
     1.2000000       0.14683341       0.00849186
     1.3000000       0.13489784       0.00849972
     1.4000000       0.12539619       0.00855799
     1.5000000       0.11906638       0.00857927
     1.6000000       0.11314893       0.00887676
     1.7000000       0.10773844       0.00927626
     1.8000000       0.10398115       0.00983314
     1.9000000       0.10101824       0.01037035
     2.0000000       0.09806944       0.01133091
     2.1000000       0.09518791       0.01175756
     2.2000000       0.09170750       0.01076210
     2.3000000       0.08824466       0.00972348
     2.4000000       0.08723453       0.01005408
     2.5000000       0.08720124       0.01098466
     2.6000000       0.08455895       0.01042467
     2.7000000       0.08076225       0.00897351
     2.8000000       0.07709577       0.00720758
     2.9000000       0.07396535       0.00557245
     3.0000000       0.07281795       0.00485847
     3.1000000       0.07344650       0.00478623
     3.2000000       0.07345889       0.00412290
     3.3000000       0.07224051       0.00300196
     3.4000000       0.07146282       0.00265676
     3.5000000       0.07191444       0.00279484
     3.6000000       0.07391136       0.00274057
     3.7000000       0.07712306       0.00292118
     3.8000000       0.08027755       0.00300418
     3.9000000       0.08358263       0.00318112
     4.0000000       0.08764229       0.00366773
     4.1000000       0.09221805       0.00427874
     4.2000000       0.09665490       0.00467510
     4.3000000       0.10223501       0.00524530
     4.4000000       0.10926161       0.00584448
     4.5000000       0.11676033       0.00624949
     4.6000000       0.12520614       0.00667059
     4.7000000       0.13550489       0.00753342
     4.8000000       0.14668825       0.00854918
     4.9000000       0.15841145       0.00922478
     5.0000000       0.17191830       0.00960745
     5.1000000       0.18771156       0.00991848
     5.2000000       0.20542801       0.00990215
     5.3000000       0.22632577       0.01010246
     5.4000000       0.25111063       0.01032974
     5.5000000       0.28105537       0.01044340
     5.6000000       0.31846428       0.01099513
     5.7000000       0.36630440       0.01174888
     5.8000000       0.42962643       0.01295396
     5.9000000       0.51431916       0.01422487
     6.0000000       0.63088069       0.01549820
