     0.0000000       0.28336240       0.00851043
     0.1000000       0.18241500       0.00831919
     0.2000000       0.12304100       0.00804935
     0.3000000       0.08659777       0.00780404
     0.4000000       0.06292239       0.00759373
     0.5000000       0.04793751       0.00738414
     0.6000000       0.03814849       0.00720239
     0.7000000       0.03067781       0.00709392
     0.8000000       0.02442947       0.00711013
     0.9000000       0.01977511       0.00728110
     1.0000000       0.01720283       0.00738921
     1.1000000       0.01641626       0.00729983
     1.2000000       0.01698343       0.00708797
     1.3000000       0.01775480       0.00697472
     1.4000000       0.01809811       0.00696562
     1.5000000       0.01973245       0.00691233
     1.6000000       0.02169480       0.00684937
     1.7000000       0.02173904       0.00684366
     1.8000000       0.02266020       0.00682368
     1.9000000       0.02419074       0.00675708
     2.0000000       0.02482145       0.00686152
     2.1000000       0.02773995       0.00702138
     2.2000000       0.03271223       0.00727639
     2.3000000       0.03728460       0.00754498
     2.4000000       0.04286154       0.00762778
     2.5000000       0.05183778       0.00774239
     2.6000000       0.06529651       0.00790799
     2.7000000       0.08631827       0.00808608
     2.8000000       0.12085524       0.00830913
     2.9000000       0.18096994       0.00848676
     3.0000000       0.28336240       0.00851043
