     0.0000000       0.27639174       0.00987761
     0.1000000       0.17193651       0.00570060
     0.2000000       0.12194509       0.00453205
     0.3000000       0.08282744       0.00343349
     0.4000000       0.05968053       0.00356866
     0.5000000       0.03411731       0.00530964
     0.6000000       0.02779586       0.00389668
     0.7000000       0.01305896       0.00529077
     0.8000000       0.01817110       0.00317530
     0.9000000       0.02469599       0.00851105
     1.0000000       0.01740444       0.00498460
     1.1000000       0.01186035       0.00312276
     1.2000000       0.00966789       0.00363471
     1.3000000       0.00642935       0.00543556
     1.4000000       0.01306920       0.00329292
     1.5000000       0.01028953       0.00481797
     1.6000000       0.01617377       0.00360689
     1.7000000       0.01543578       0.00470096
     1.8000000       0.01493315       0.00468021
     1.9000000       0.01418155       0.00296836
     2.0000000       0.01414624       0.00245956
     2.1000000       0.01275663       0.00372530
     2.2000000       0.01998822       0.00450286
     2.3000000       0.02286089       0.00552153
     2.4000000       0.01953602       0.00642171
     2.5000000       0.03784377       0.00579846
     2.6000000       0.05695730       0.00590655
     2.7000000       0.07461040       0.00675902
     2.8000000       0.11290202       0.00615478
     2.9000000       0.18438164       0.00787129
     3.0000000       0.27639174       0.00987761
