     0.0000000       0.36195829       0.00770650
     0.1000000       0.21132384       0.00487570
     0.2000000       0.12889727       0.00410555
     0.3000000       0.08068804       0.00443551
     0.4000000       0.05197024       0.00436900
     0.5000000       0.03400149       0.00454201
     0.6000000       0.02751411       0.00369562
     0.7000000       0.01637402       0.00453458
     0.8000000       0.01198898       0.00385264
     0.9000000       0.00987046       0.00348870
     1.0000000       0.00676677       0.00431871
     1.1000000       0.00721075       0.00296892
     1.2000000       0.00480006       0.00323829
     1.3000000       0.00798711       0.00311854
     1.4000000       0.00564622       0.00366147
     1.5000000       0.00838580       0.00269668
     1.6000000       0.00653661       0.00323414
     1.7000000       0.00443307       0.00347194
     1.8000000       0.00417649       0.00309241
     1.9000000       0.00614166       0.00296728
     2.0000000       0.00868473       0.00311477
     2.1000000       0.00849950       0.00338389
     2.2000000       0.01502202       0.00349968
     2.3000000       0.02085474       0.00330404
     2.4000000       0.02720475       0.00332811
     2.5000000       0.03853639       0.00352273
     2.6000000       0.04994776       0.00486725
     2.7000000       0.07717752       0.00409283
     2.8000000       0.12661074       0.00452305
     2.9000000       0.20708734       0.00577356
     3.0000000       0.36195829       0.00770650
