     0.0000000       0.18160146       0.00690834
     0.1000000       0.12583573       0.00672703
     0.2000000       0.08803190       0.00674797
     0.3000000       0.06185214       0.00676067
     0.4000000       0.04407460       0.00680609
     0.5000000       0.03135535       0.00716778
     0.6000000       0.02158484       0.00712489
     0.7000000       0.01410432       0.00685728
     0.8000000       0.00890353       0.00686088
     0.9000000       0.00591927       0.00698452
     1.0000000       0.00319888       0.00730838
     1.1000000       0.00043599       0.00764626
     1.2000000      -0.00047927       0.00720996
     1.3000000      -0.00038966       0.00619424
     1.4000000      -0.00022133       0.00532763
     1.5000000      -0.00043204       0.00482892
     1.6000000      -0.00136244       0.00456700
     1.7000000      -0.00287251       0.00441563
     1.8000000      -0.00458891       0.00445713
     1.9000000      -0.00503937       0.00453206
     2.0000000      -0.00493798       0.00473802
     2.1000000      -0.00583920       0.00536915
     2.2000000      -0.00651831       0.00610152
     2.3000000      -0.00644175       0.00664499
     2.4000000      -0.00708830       0.00728834
     2.5000000      -0.00783278       0.00775519
     2.6000000      -0.00782920       0.00782120
     2.7000000      -0.00790652       0.00757841
     2.8000000      -0.00847445       0.00737233
     2.9000000      -0.00863541       0.00703454
     3.0000000      -0.00835785       0.00648550
     3.1000000      -0.00823437       0.00614858
     3.2000000      -0.00788865       0.00584160
     3.3000000      -0.00699150       0.00539804
     3.4000000      -0.00628447       0.00500019
     3.5000000      -0.00646005       0.00476937
     3.6000000      -0.00667739       0.00469579
     3.7000000      -0.00582968       0.00470981
     3.8000000      -0.00447237       0.00485862
     3.9000000      -0.00368047       0.00519867
     4.0000000      -0.00269529       0.00547687
     4.1000000      -0.00155002       0.00555909
     4.2000000      -0.00039149       0.00559593
     4.3000000       0.00100178       0.00570409
     4.4000000       0.00316629       0.00554787
     4.5000000       0.00557203       0.00538905
     4.6000000       0.00684810       0.00552110
     4.7000000       0.00721173       0.00577061
     4.8000000       0.00673737       0.00638888
     4.9000000       0.00623237       0.00713532
     5.0000000       0.00725814       0.00748369
     5.1000000       0.01020311       0.00734607
     5.2000000       0.01495000       0.00688800
     5.3000000       0.02049954       0.00673474
     5.4000000       0.02738317       0.00662525
     5.5000000       0.03643376       0.00650551
     5.6000000       0.04849742       0.00646794
     5.7000000       0.06581939       0.00633732
     5.8000000       0.08995528       0.00648270
     5.9000000       0.12570441       0.00679694
     6.0000000       0.18160146       0.00690834
