     0.0000000       0.35613740       0.00965604
     0.1000000       0.21860059       0.00944577
     0.2000000       0.15432548       0.00406915
     0.3000000       0.11382460       0.00417298
     0.4000000       0.09240420       0.00548652
     0.5000000       0.08573186       0.00615604
     0.6000000       0.09301937       0.00479779
     0.7000000       0.11096102       0.00622112
     0.8000000       0.14832407       0.00529304
     0.9000000       0.21768874       0.00716725
     1.0000000       0.35613740       0.00965604
