     0.0000000       0.81843850       0.00915427
     0.1000000       0.70336977       0.01015374
     0.2000000       0.62960713       0.00992599
     0.3000000       0.58266847       0.00844775
     0.4000000       0.55726942       0.00753885
     0.5000000       0.54946289       0.00714641
     0.6000000       0.55723517       0.00701483
     0.7000000       0.58194101       0.00713435
     0.8000000       0.62750275       0.00757119
     0.9000000       0.70162048       0.00831857
     1.0000000       0.81843850       0.00915427
