     0.0000000       2.21277356       0.06527241
     0.1000000       2.00045120       0.06434808
     0.2000000       1.85445436       0.06306706
     0.3000000       1.74768024       0.06165921
     0.4000000       1.66767260       0.06106592
     0.5000000       1.60768400       0.06126174
     0.6000000       1.56333031       0.06261141
     0.7000000       1.53199217       0.06638414
     0.8000000       1.50622957       0.06988048
     0.9000000       1.47821230       0.06781616
     1.0000000       1.45499756       0.06387255
     1.1000000       1.43887829       0.06128265
     1.2000000       1.42737254       0.06044143
     1.3000000       1.41913080       0.06097952
     1.4000000       1.41653157       0.06167758
     1.5000000       1.42016378       0.06321779
     1.6000000       1.42349226       0.06386599
     1.7000000       1.43128916       0.06510514
     1.8000000       1.44178349       0.06540428
     1.9000000       1.45224607       0.06408696
     2.0000000       1.46566799       0.06362526
     2.1000000       1.47893209       0.06065953
     2.2000000       1.49653132       0.05719042
     2.3000000       1.52455899       0.05654706
     2.4000000       1.56242873       0.05799865
     2.5000000       1.61185020       0.06127369
     2.6000000       1.67380902       0.06524749
     2.7000000       1.75105891       0.06744058
     2.8000000       1.85348573       0.06775256
     2.9000000       1.99828070       0.06695283
     3.0000000       2.21277356       0.06527241
