     0.0000000       0.25568685       0.01507245
     0.1000000       0.15490854       0.01485579
     0.2000000       0.09747405       0.01479830
     0.3000000       0.06244194       0.01408306
     0.4000000       0.04077475       0.01413550
     0.5000000       0.02537533       0.01558322
     0.6000000       0.01262772       0.01670855
     0.7000000       0.00492563       0.01722367
     0.8000000       0.00100268       0.01713723
     0.9000000      -0.00037468       0.01642584
     1.0000000      -0.00264358       0.01743438
     1.1000000      -0.00716652       0.02066845
     1.2000000      -0.01185730       0.02470650
     1.3000000      -0.01535638       0.02768169
     1.4000000      -0.01869078       0.03022083
     1.5000000      -0.02132767       0.03169563
     1.6000000      -0.02115952       0.03082460
     1.7000000      -0.02328484       0.03195952
     1.8000000      -0.02527710       0.03363800
     1.9000000      -0.02564237       0.03502181
     2.0000000      -0.02577142       0.03661270
     2.1000000      -0.02562587       0.03777727
     2.2000000      -0.02309095       0.03750041
     2.3000000      -0.02010021       0.03702533
     2.4000000      -0.01743168       0.03426942
     2.5000000      -0.01676226       0.03175525
     2.6000000      -0.01510949       0.02962986
     2.7000000      -0.01369214       0.02693022
     2.8000000      -0.01518201       0.02620181
     2.9000000      -0.01580822       0.02608851
     3.0000000      -0.01569993       0.02520688
     3.1000000      -0.01636175       0.02451890
     3.2000000      -0.01714278       0.02479322
     3.3000000      -0.01819034       0.02558205
     3.4000000      -0.01927270       0.02560052
     3.5000000      -0.01748114       0.02347101
     3.6000000      -0.01583080       0.02170722
     3.7000000      -0.01625228       0.02182973
     3.8000000      -0.01755382       0.02282208
     3.9000000      -0.01582181       0.02246816
     4.0000000      -0.01176255       0.02192117
     4.1000000      -0.00729512       0.02120462
     4.2000000      -0.00427954       0.02102042
     4.3000000      -0.00360030       0.02278003
     4.4000000      -0.00221549       0.02341121
     4.5000000      -0.00146616       0.02334781
     4.6000000      -0.00268156       0.02311012
     4.7000000      -0.00253752       0.02046356
     4.8000000      -0.00188107       0.01807285
     4.9000000      -0.00698043       0.02149620
     5.0000000      -0.01203526       0.02396901
     5.1000000      -0.00939066       0.01952615
     5.2000000      -0.00323947       0.01474331
     5.3000000       0.00394418       0.01245800
     5.4000000       0.01114402       0.01230132
     5.5000000       0.02186288       0.01258047
     5.6000000       0.03951081       0.01266234
     5.7000000       0.06423363       0.01291354
     5.8000000       0.09817851       0.01404620
     5.9000000       0.15496955       0.01505506
     6.0000000       0.25568685       0.01507245
