     0.0000000       0.58929628       0.00495341
     0.1000000       0.54406519       0.00522481
     0.2000000       0.51186783       0.00512435
     0.3000000       0.48989813       0.00465249
     0.4000000       0.47736178       0.00436772
     0.5000000       0.47332942       0.00424782
     0.6000000       0.47724371       0.00418417
     0.7000000       0.48957275       0.00426767
     0.8000000       0.51110179       0.00445605
     0.9000000       0.54342742       0.00469105
     1.0000000       0.58929628       0.00495341
