     0.0000000       0.50000000       0.00000000
     0.1000000       0.45739595       0.00053454
     0.2000000       0.42875297       0.00069546
     0.3000000       0.41060157       0.00078791
     0.4000000       0.40063767       0.00086122
     0.5000000       0.39800938       0.00086083
     0.6000000       0.40160747       0.00085352
     0.7000000       0.41202715       0.00077206
     0.8000000       0.42907844       0.00070598
     0.9000000       0.45799814       0.00051384
     1.0000000       0.50000000       0.00000000
