     0.0000000       0.66162576       0.00804845
     0.1000000       0.54824039       0.00748829
     0.2000000       0.46441265       0.00707722
     0.3000000       0.40117768       0.00682145
     0.4000000       0.35233290       0.00663522
     0.5000000       0.31412267       0.00665090
     0.6000000       0.28418186       0.00679473
     0.7000000       0.26088907       0.00711137
     0.8000000       0.24151667       0.00686462
     0.9000000       0.22474674       0.00579349
     1.0000000       0.21175506       0.00504954
     1.1000000       0.20194743       0.00460556
     1.2000000       0.19446015       0.00424055
     1.3000000       0.18917926       0.00399388
     1.4000000       0.18636000       0.00392858
     1.5000000       0.18587574       0.00405689
     1.6000000       0.18702114       0.00421260
     1.7000000       0.19024936       0.00446878
     1.8000000       0.19574783       0.00468099
     1.9000000       0.20278050       0.00448184
     2.0000000       0.21243654       0.00455103
     2.1000000       0.22485600       0.00473938
     2.2000000       0.24007641       0.00485332
     2.3000000       0.26036417       0.00561639
     2.4000000       0.28655530       0.00687657
     2.5000000       0.31886331       0.00830152
     2.6000000       0.35758229       0.00905252
     2.7000000       0.40503305       0.00889464
     2.8000000       0.46671194       0.00864810
     2.9000000       0.54922069       0.00840187
     3.0000000       0.66162576       0.00804845
