     0.0000000       0.36901205       0.01639662
     0.1000000       0.20413417       0.01227276
     0.2000000       0.12454324       0.00941153
     0.3000000       0.07582635       0.00868526
     0.4000000       0.04958695       0.00872843
     0.5000000       0.03212037       0.00874384
     0.6000000       0.01815499       0.00930217
     0.7000000       0.00809871       0.00980248
     0.8000000       0.00335015       0.00969061
     0.9000000      -0.00088503       0.00940508
     1.0000000       0.00046489       0.00845505
     1.1000000      -0.00154552       0.00859711
     1.2000000      -0.00287183       0.00835416
     1.3000000       0.00203299       0.00879150
     1.4000000       0.00361309       0.00859723
     1.5000000       0.00510705       0.00873754
     1.6000000       0.00772341       0.00852533
     1.7000000       0.00244722       0.00939500
     1.8000000      -0.00158410       0.00982403
     1.9000000      -0.00195688       0.00964626
     2.0000000       0.00384738       0.00841120
     2.1000000       0.00497014       0.00841420
     2.2000000       0.00693744       0.00874464
     2.3000000       0.01202926       0.00861323
     2.4000000       0.01383501       0.01052547
     2.5000000       0.02754526       0.00785096
     2.6000000       0.04969351       0.00614242
     2.7000000       0.07166652       0.00835316
     2.8000000       0.11575219       0.01023602
     2.9000000       0.20831440       0.01284329
     3.0000000       0.36901205       0.01639662
