     0.0000000       0.62575090       0.00545446
     0.1000000       0.56831137       0.00578813
     0.2000000       0.52881293       0.00562697
     0.3000000       0.50253043       0.00499742
     0.4000000       0.48783251       0.00465018
     0.5000000       0.48324427       0.00454876
     0.6000000       0.48790086       0.00452539
     0.7000000       0.50237640       0.00462050
     0.8000000       0.52806336       0.00483105
     0.9000000       0.56765680       0.00513402
     1.0000000       0.62575090       0.00545446
