     0.0000000       0.20695519       0.00736768
     0.1000000       0.14991594       0.00483352
     0.2000000       0.10592718       0.00500868
     0.3000000       0.07656202       0.00377166
     0.4000000       0.05439288       0.00378175
     0.5000000       0.03763546       0.00398128
     0.6000000       0.03452334       0.00353131
     0.7000000       0.02390036       0.00351555
     0.8000000       0.01954424       0.00324420
     0.9000000       0.00868835       0.00383665
     1.0000000       0.00349209       0.00395318
     1.1000000       0.00409376       0.00307867
     1.2000000       0.00415729       0.00347498
     1.3000000       0.00826423       0.00400554
     1.4000000       0.00674146       0.00325406
     1.5000000       0.01186265       0.00331678
     1.6000000       0.00451325       0.00374098
     1.7000000       0.00330212       0.00336514
     1.8000000       0.00784081       0.00407533
     1.9000000       0.00370235       0.00411890
     2.0000000       0.00585392       0.00344071
     2.1000000       0.00586219       0.00340814
     2.2000000       0.01902112       0.00360150
     2.3000000       0.02225978       0.00423115
     2.4000000       0.02804153       0.00370491
     2.5000000       0.03466285       0.00359603
     2.6000000       0.05024663       0.00407552
     2.7000000       0.07351260       0.00401303
     2.8000000       0.10340444       0.00495924
     2.9000000       0.14068645       0.00578438
     3.0000000       0.20695519       0.00736768
