     0.0000000       0.19604009       0.00841594
     0.1000000       0.13470999       0.00601675
     0.2000000       0.09868068       0.00468165
     0.3000000       0.07611809       0.00441494
     0.4000000       0.06400673       0.00331536
     0.5000000       0.04827468       0.00414985
     0.6000000       0.03998918       0.00639254
     0.7000000       0.02871840       0.00322028
     0.8000000       0.02527626       0.00348546
     0.9000000       0.02041754       0.00429101
     1.0000000       0.01160851       0.00391386
     1.1000000       0.01102105       0.00285828
     1.2000000       0.00722262       0.00430228
     1.3000000       0.01088850       0.00323066
     1.4000000       0.01648361       0.00248909
     1.5000000       0.01523382       0.00288725
     1.6000000       0.01924223       0.00531638
     1.7000000       0.02179907       0.00730897
     1.8000000       0.01341466       0.00256902
     1.9000000       0.01272760       0.00360730
     2.0000000       0.01379259       0.00667373
     2.1000000       0.01542161       0.00626873
     2.2000000       0.02398403       0.00383029
     2.3000000       0.02510334       0.00492937
     2.4000000       0.02820125       0.00469256
     2.5000000       0.04062394       0.00516139
     2.6000000       0.05742768       0.00605952
     2.7000000       0.06971542       0.00558480
     2.8000000       0.09587222       0.00738175
     2.9000000       0.14776646       0.00639765
     3.0000000       0.19604009       0.00841594
