     0.0000000       0.22164507       0.00653531
     0.1000000       0.14593631       0.00498117
     0.2000000       0.10602295       0.00277887
     0.3000000       0.07671740       0.00309711
     0.4000000       0.06250264       0.00397549
     0.5000000       0.04783472       0.00475042
     0.6000000       0.03634117       0.00368492
     0.7000000       0.02773852       0.00374286
     0.8000000       0.02535495       0.00317771
     0.9000000       0.01587916       0.00280869
     1.0000000       0.01582889       0.00305470
     1.1000000       0.01241991       0.00303129
     1.2000000       0.00960290       0.00285476
     1.3000000       0.01272582       0.00301600
     1.4000000       0.01620383       0.00294006
     1.5000000       0.01814748       0.00352798
     1.6000000       0.01800095       0.00362097
     1.7000000       0.01907931       0.00430306
     1.8000000       0.01519244       0.00206950
     1.9000000       0.01786598       0.00353155
     2.0000000       0.02148489       0.00300850
     2.1000000       0.01639192       0.00542231
     2.2000000       0.02511800       0.00350174
     2.3000000       0.02838250       0.00362903
     2.4000000       0.03220627       0.00307565
     2.5000000       0.04267855       0.00408748
     2.6000000       0.06337493       0.00645533
     2.7000000       0.07217548       0.00475592
     2.8000000       0.09912599       0.00715446
     2.9000000       0.15698563       0.00628457
     3.0000000       0.22164507       0.00653531
