     0.0000000       0.48578305       0.01168522
     0.1000000       0.41019349       0.01217186
     0.2000000       0.35125357       0.01191725
     0.3000000       0.30434620       0.01128618
     0.4000000       0.26653244       0.01063074
     0.5000000       0.23605976       0.01059941
     0.6000000       0.21098464       0.01061361
     0.7000000       0.19055075       0.01099715
     0.8000000       0.17292421       0.01141006
     0.9000000       0.15659810       0.01104084
     1.0000000       0.14289650       0.01077735
     1.1000000       0.13239838       0.01134613
     1.2000000       0.12245750       0.01092873
     1.3000000       0.11168212       0.00885473
     1.4000000       0.10164799       0.00678103
     1.5000000       0.09374876       0.00569989
     1.6000000       0.08776783       0.00554911
     1.7000000       0.08182290       0.00508761
     1.8000000       0.07658214       0.00474059
     1.9000000       0.07313678       0.00514216
     2.0000000       0.07041958       0.00560053
     2.1000000       0.06853625       0.00605223
     2.2000000       0.06710550       0.00652335
     2.3000000       0.06545546       0.00670936
     2.4000000       0.06291094       0.00622388
     2.5000000       0.06028948       0.00562571
     2.6000000       0.05874014       0.00550342
     2.7000000       0.05776468       0.00556947
     2.8000000       0.05753523       0.00584939
     2.9000000       0.05737895       0.00592209
     3.0000000       0.05670253       0.00549327
     3.1000000       0.05634416       0.00503872
     3.2000000       0.05636805       0.00468875
     3.3000000       0.05658274       0.00418085
     3.4000000       0.05739653       0.00389054
     3.5000000       0.05883687       0.00396783
     3.6000000       0.06056679       0.00401301
     3.7000000       0.06201621       0.00365925
     3.8000000       0.06376623       0.00339629
     3.9000000       0.06707868       0.00392847
     4.0000000       0.07085379       0.00446163
     4.1000000       0.07472547       0.00451666
     4.2000000       0.07916317       0.00480731
     4.3000000       0.08400375       0.00524820
     4.4000000       0.08919590       0.00512391
     4.5000000       0.09447583       0.00462455
     4.6000000       0.10043256       0.00428588
     4.7000000       0.10759214       0.00430994
     4.8000000       0.11671962       0.00485645
     4.9000000       0.12733026       0.00524542
     5.0000000       0.13871493       0.00501742
     5.1000000       0.15118203       0.00451893
     5.2000000       0.16599355       0.00431486
     5.3000000       0.18460478       0.00505784
     5.4000000       0.20707043       0.00626040
     5.5000000       0.23340448       0.00729403
     5.6000000       0.26423564       0.00816030
     5.7000000       0.30168945       0.00893664
     5.8000000       0.34839214       0.00984394
     5.9000000       0.40772683       0.01062364
     6.0000000       0.48578305       0.01168522
