     0.0000000       0.49353531       0.00517621
     0.1000000       0.42845340       0.00539812
     0.2000000       0.38516347       0.00542378
     0.3000000       0.34756607       0.00539678
     0.4000000       0.31470320       0.00551585
     0.5000000       0.28601572       0.00566435
     0.6000000       0.25828836       0.00565204
     0.7000000       0.23057590       0.00571406
     0.8000000       0.21433769       0.00561656
     0.9000000       0.19466180       0.00562398
     1.0000000       0.17811432       0.00567358
     1.1000000       0.16604142       0.00584069
     1.2000000       0.15499316       0.00562782
     1.3000000       0.14582698       0.00541044
     1.4000000       0.13671545       0.00554985
     1.5000000       0.12640847       0.00526963
     1.6000000       0.11921171       0.00528332
     1.7000000       0.11119695       0.00515353
     1.8000000       0.09976077       0.00523925
     1.9000000       0.09193200       0.00522828
     2.0000000       0.08379446       0.00517920
     2.1000000       0.08096174       0.00527982
     2.2000000       0.07907966       0.00538637
     2.3000000       0.07604015       0.00523617
     2.4000000       0.07715600       0.00520094
     2.5000000       0.07508690       0.00510674
     2.6000000       0.07248766       0.00535800
     2.7000000       0.06855280       0.00557770
     2.8000000       0.07206907       0.00553068
     2.9000000       0.07443628       0.00567164
     3.0000000       0.07172057       0.00548191
     3.1000000       0.07152523       0.00557882
     3.2000000       0.07611415       0.00547419
     3.3000000       0.07951704       0.00567189
     3.4000000       0.08074962       0.00548968
     3.5000000       0.08308476       0.00542993
     3.6000000       0.08100207       0.00521207
     3.7000000       0.08298931       0.00526056
     3.8000000       0.08818054       0.00540346
     3.9000000       0.09136662       0.00545662
     4.0000000       0.09585710       0.00553185
     4.1000000       0.10093102       0.00554445
     4.2000000       0.10708498       0.00532451
     4.3000000       0.11180605       0.00546024
     4.4000000       0.11755114       0.00568285
     4.5000000       0.12630671       0.00589429
     4.6000000       0.13481293       0.00590622
     4.7000000       0.14589127       0.00571088
     4.8000000       0.15986346       0.00570800
     4.9000000       0.17458406       0.00571546
     5.0000000       0.18715709       0.00579809
     5.1000000       0.20106749       0.00587541
     5.2000000       0.21691368       0.00574147
     5.3000000       0.24124867       0.00541523
     5.4000000       0.26516881       0.00533022
     5.5000000       0.29409014       0.00553757
     5.6000000       0.32354835       0.00561778
     5.7000000       0.35676143       0.00549021
     5.8000000       0.39767102       0.00538579
     5.9000000       0.44282717       0.00525147
     6.0000000       0.50646469       0.00517621
