     0.0000000       0.40009163       0.00574798
     0.1000000       0.36515869       0.00535869
     0.2000000       0.33698305       0.00499673
     0.3000000       0.31383648       0.00463505
     0.4000000       0.29506496       0.00443762
     0.5000000       0.27985759       0.00443341
     0.6000000       0.26740722       0.00456037
     0.7000000       0.25723986       0.00474065
     0.8000000       0.24836271       0.00457855
     0.9000000       0.24048641       0.00410764
     1.0000000       0.23437923       0.00387492
     1.1000000       0.22970453       0.00371445
     1.2000000       0.22592212       0.00346715
     1.3000000       0.22319974       0.00332401
     1.4000000       0.22188887       0.00339483
     1.5000000       0.22162311       0.00344179
     1.6000000       0.22187656       0.00322463
     1.7000000       0.22312669       0.00305360
     1.8000000       0.22575051       0.00311485
     1.9000000       0.22950569       0.00328099
     2.0000000       0.23447903       0.00351931
     2.1000000       0.24073555       0.00377397
     2.2000000       0.24822166       0.00399741
     2.3000000       0.25734045       0.00429024
     2.4000000       0.26851483       0.00467657
     2.5000000       0.28203333       0.00520949
     2.6000000       0.29794525       0.00569330
     2.7000000       0.31657523       0.00594291
     2.8000000       0.33888082       0.00610702
     2.9000000       0.36614038       0.00608886
     3.0000000       0.40009163       0.00574798
