     0.0000000       0.29133272       0.00461045
     0.1000000       0.20064203       0.00394396
     0.2000000       0.15331635       0.00262468
     0.3000000       0.12330895       0.00238627
     0.4000000       0.10709550       0.00280004
     0.5000000       0.10055654       0.00327538
     0.6000000       0.11050050       0.00247081
     0.7000000       0.12319622       0.00273043
     0.8000000       0.15535524       0.00289425
     0.9000000       0.20182582       0.00334941
     1.0000000       0.29133272       0.00461045
