     0.0000000       0.32007913       0.00850088
     0.1000000       0.20286572       0.00822972
     0.2000000       0.13300341       0.00804867
     0.3000000       0.08810099       0.00779702
     0.4000000       0.05824320       0.00771383
     0.5000000       0.03936735       0.00780333
     0.6000000       0.02821862       0.00771987
     0.7000000       0.02170817       0.00755876
     0.8000000       0.01816070       0.00734075
     0.9000000       0.01688659       0.00710396
     1.0000000       0.01585743       0.00711947
     1.1000000       0.01385576       0.00716157
     1.2000000       0.01108574       0.00718183
     1.3000000       0.00933708       0.00719847
     1.4000000       0.00783778       0.00717953
     1.5000000       0.00647337       0.00714843
     1.6000000       0.00684632       0.00709374
     1.7000000       0.00985640       0.00720659
     1.8000000       0.01332768       0.00743335
     1.9000000       0.01532890       0.00766425
     2.0000000       0.01751208       0.00786392
     2.1000000       0.02123060       0.00773614
     2.2000000       0.02520415       0.00755050
     2.3000000       0.02840020       0.00758409
     2.4000000       0.03268386       0.00782598
     2.5000000       0.03999417       0.00830818
     2.6000000       0.05377851       0.00913186
     2.7000000       0.08007172       0.00965652
     2.8000000       0.12520607       0.00957609
     2.9000000       0.19900938       0.00908883
     3.0000000       0.32007913       0.00850088
