     0.0000000       0.84206120       0.00956841
     0.1000000       0.69339964       0.00882808
     0.2000000       0.58935208       0.00822438
     0.3000000       0.51367144       0.00771499
     0.4000000       0.45744434       0.00741826
     0.5000000       0.41537795       0.00735567
     0.6000000       0.38339461       0.00745349
     0.7000000       0.35916818       0.00795269
     0.8000000       0.33955181       0.00847742
     0.9000000       0.32281945       0.00842286
     1.0000000       0.31025362       0.00827623
     1.1000000       0.30080765       0.00800574
     1.2000000       0.29369963       0.00788197
     1.3000000       0.28838795       0.00805063
     1.4000000       0.28550901       0.00830007
     1.5000000       0.28508750       0.00862945
     1.6000000       0.28581635       0.00858846
     1.7000000       0.28912101       0.00873332
     1.8000000       0.29476369       0.00886073
     1.9000000       0.30217038       0.00872024
     2.0000000       0.31220633       0.00873240
     2.1000000       0.32429072       0.00830272
     2.2000000       0.33945494       0.00776777
     2.3000000       0.35980827       0.00785879
     2.4000000       0.38647652       0.00852745
     2.5000000       0.42095708       0.00971419
     2.6000000       0.46438406       0.01091112
     2.7000000       0.51962608       0.01125648
     2.8000000       0.59324250       0.01094380
     2.9000000       0.69531650       0.01033981
     3.0000000       0.84206120       0.00956841
