     0.0000000       0.43854498       0.03377987
     0.1000000       0.24640342       0.02885174
     0.2000000       0.15937727       0.02362497
     0.3000000       0.10547095       0.02285451
     0.4000000       0.07595446       0.02329236
     0.5000000       0.05376171       0.02406095
     0.6000000       0.03760815       0.02449853
     0.7000000       0.02825157       0.02613107
     0.8000000       0.02748589       0.02627379
     0.9000000       0.02991539       0.02341205
     1.0000000       0.03512747       0.02190192
     1.1000000       0.03453001       0.02165177
     1.2000000       0.03223633       0.02166921
     1.3000000       0.03361018       0.02120363
     1.4000000       0.02940492       0.02267566
     1.5000000       0.02988228       0.02261448
     1.6000000       0.03027208       0.02206481
     1.7000000       0.02130885       0.02430502
     1.8000000       0.01270319       0.02573034
     1.9000000       0.01065029       0.02468383
     2.0000000       0.02022868       0.02267628
     2.1000000       0.02263466       0.02196721
     2.2000000       0.02308865       0.02368933
     2.3000000       0.02981541       0.02393979
     2.4000000       0.03435452       0.02629871
     2.5000000       0.05034798       0.02360862
     2.6000000       0.07474765       0.02187490
     2.7000000       0.09842689       0.02396591
     2.8000000       0.15105768       0.02468588
     2.9000000       0.25714251       0.02764130
     3.0000000       0.43854498       0.03377987
