     0.0000000       0.12757959       0.07515841
     0.1000000       0.08349160       0.04275529
     0.2000000       0.04871304       0.03585844
     0.3000000       0.05862133       0.00500875
     0.4000000       0.03299497       0.00952739
     0.5000000      -0.01051196       0.03498828
     0.6000000       0.00834172       0.01078222
     0.7000000       0.01345244       0.00409482
     0.8000000      -0.00841595       0.02070197
     0.9000000       0.00752119       0.00719958
     1.0000000       0.04064665       0.03578286
     1.1000000       0.05155346       0.05396315
     1.2000000       0.01225092       0.00734609
     1.3000000      -0.02023900       0.02187485
     1.4000000       0.01089031       0.01670488
     1.5000000      -0.08369707       0.08012787
     1.6000000      -0.05468354       0.05229288
     1.7000000      -0.03501895       0.03378389
     1.8000000      -0.03194165       0.03023073
     1.9000000       0.00891051       0.00976257
     2.0000000      -0.00932828       0.01430992
     2.1000000       0.02559321       0.02159073
     2.2000000       0.00059585       0.00317576
     2.3000000       0.06761075       0.06922918
     2.4000000       0.05311611       0.04980904
     2.5000000       0.02233986       0.01828726
     2.6000000       0.05316801       0.05462114
     2.7000000       0.02496885       0.02924570
     2.8000000       0.02792001       0.03350039
     2.9000000       0.03589002       0.03689011
     3.0000000      -0.03160598       0.02845812
     3.1000000       0.01202941       0.01639206
     3.2000000      -0.00423434       0.00407467
     3.3000000      -0.01725674       0.01681121
     3.4000000      -0.02113707       0.01693873
     3.5000000      -0.02711985       0.02304319
     3.6000000      -0.03545644       0.02827525
     3.7000000      -0.03185691       0.02196465
     3.8000000      -0.04067310       0.03057405
     3.9000000      -0.02823844       0.02415951
     4.0000000      -0.01876544       0.02112393
     4.1000000      -0.01706972       0.01932649
     4.2000000       0.01713511       0.01720109
     4.3000000       0.02422641       0.02565077
     4.4000000      -0.01626480       0.01962332
     4.5000000       0.01374351       0.01051250
     4.6000000      -0.06548267       0.06631409
     4.7000000      -0.04460683       0.04408853
     4.8000000      -0.05066239       0.04871326
     4.9000000       0.02599391       0.02020486
     5.0000000       0.06097298       0.05171660
     5.1000000      -0.02600040       0.03572743
     5.2000000       0.00123446       0.00743557
     5.3000000      -0.00617879       0.01990562
     5.4000000      -0.03414185       0.05403180
     5.5000000      -0.03037881       0.05289967
     5.6000000      -0.02920470       0.06574736
     5.7000000       0.00673580       0.05230048
     5.8000000       0.03582249       0.04419825
     5.9000000       0.09283089       0.03455812
     6.0000000       0.12757959       0.07515841
