     0.0000000       0.13937609       0.00646748
     0.1000000       0.10668224       0.00643054
     0.2000000       0.08344048       0.00640029
     0.3000000       0.06652261       0.00633225
     0.4000000       0.05385351       0.00622596
     0.5000000       0.04442793       0.00614221
     0.6000000       0.03761762       0.00606425
     0.7000000       0.03207841       0.00601643
     0.8000000       0.02742944       0.00599157
     0.9000000       0.02384742       0.00593589
     1.0000000       0.02146112       0.00583393
     1.1000000       0.02003159       0.00569987
     1.2000000       0.01915561       0.00557620
     1.3000000       0.01881585       0.00550972
     1.4000000       0.01856760       0.00551538
     1.5000000       0.01843019       0.00553881
     1.6000000       0.01887954       0.00554658
     1.7000000       0.01931555       0.00557433
     1.8000000       0.01989956       0.00558039
     1.9000000       0.02111687       0.00550100
     2.0000000       0.02259936       0.00545648
     2.1000000       0.02484201       0.00545128
     2.2000000       0.02803608       0.00544663
     2.3000000       0.03185172       0.00551094
     2.4000000       0.03653101       0.00567337
     2.5000000       0.04298924       0.00587019
     2.6000000       0.05239662       0.00605395
     2.7000000       0.06567777       0.00619029
     2.8000000       0.08314963       0.00631591
     2.9000000       0.10656201       0.00643270
     3.0000000       0.13937609       0.00646748
