     0.0000000       0.35232007       0.00535918
     0.1000000       0.22429619       0.00462365
     0.2000000       0.15939912       0.00358238
     0.3000000       0.12186513       0.00336835
     0.4000000       0.10199020       0.00379467
     0.5000000       0.09401907       0.00399735
     0.6000000       0.10458609       0.00327680
     0.7000000       0.11975108       0.00375242
     0.8000000       0.16079259       0.00378645
     0.9000000       0.22542225       0.00434341
     1.0000000       0.35232007       0.00535918
