     0.0000000       0.20941692       0.00674417
     0.1000000       0.13869320       0.00632576
     0.2000000       0.09389281       0.00587454
     0.3000000       0.06562710       0.00579867
     0.4000000       0.04815286       0.00612219
     0.5000000       0.03715615       0.00653879
     0.6000000       0.02948917       0.00643218
     0.7000000       0.02326691       0.00582498
     0.8000000       0.01919206       0.00529291
     0.9000000       0.01652622       0.00490072
     1.0000000       0.01393685       0.00472416
     1.1000000       0.01161101       0.00469787
     1.2000000       0.00965322       0.00466252
     1.3000000       0.00806731       0.00499022
     1.4000000       0.00621836       0.00516435
     1.5000000       0.00366096       0.00501931
     1.6000000       0.00168768       0.00495384
     1.7000000       0.00146634       0.00491537
     1.8000000       0.00139106       0.00479559
     1.9000000       0.00111185       0.00475015
     2.0000000       0.00182169       0.00476440
     2.1000000       0.00237320       0.00475013
     2.2000000       0.00232624       0.00469219
     2.3000000       0.00162169       0.00450171
     2.4000000       0.00036141       0.00429500
     2.5000000      -0.00034752       0.00435199
     2.6000000      -0.00084165       0.00472721
     2.7000000      -0.00068248       0.00504766
     2.8000000       0.00008112       0.00518805
     2.9000000       0.00060918       0.00515183
     3.0000000       0.00178616       0.00518884
     3.1000000       0.00409971       0.00534359
     3.2000000       0.00561168       0.00538196
     3.3000000       0.00642878       0.00522765
     3.4000000       0.00768618       0.00507120
     3.5000000       0.00842051       0.00501554
     3.6000000       0.00844006       0.00506096
     3.7000000       0.00777734       0.00505105
     3.8000000       0.00679239       0.00496644
     3.9000000       0.00713875       0.00495762
     4.0000000       0.00765586       0.00505849
     4.1000000       0.00688004       0.00511596
     4.2000000       0.00673377       0.00508371
     4.3000000       0.00789583       0.00503691
     4.4000000       0.00964152       0.00493832
     4.5000000       0.01082046       0.00492850
     4.6000000       0.01083285       0.00518643
     4.7000000       0.01037264       0.00569021
     4.8000000       0.01116437       0.00638358
     4.9000000       0.01261687       0.00736427
     5.0000000       0.01435413       0.00832857
     5.1000000       0.01735227       0.00849448
     5.2000000       0.02021242       0.00816442
     5.3000000       0.02351601       0.00813225
     5.4000000       0.02846657       0.00796502
     5.5000000       0.03661567       0.00769130
     5.6000000       0.04905340       0.00723330
     5.7000000       0.06783103       0.00669681
     5.8000000       0.09598484       0.00672650
     5.9000000       0.13926692       0.00685635
     6.0000000       0.20941692       0.00674417
