     0.0000000       0.31606590       0.01297579
     0.1000000       0.20514316       0.01384367
     0.2000000       0.14261366       0.01363786
     0.3000000       0.10962289       0.01233007
     0.4000000       0.09501129       0.01157334
     0.5000000       0.09104674       0.01123369
     0.6000000       0.09561114       0.01117745
     0.7000000       0.11106800       0.01138345
     0.8000000       0.14353070       0.01166931
     0.9000000       0.20498550       0.01220231
     1.0000000       0.31606590       0.01297579
