     0.0000000       0.28737083       0.01158072
     0.1000000       0.18976256       0.01190383
     0.2000000       0.13257807       0.01166628
     0.3000000       0.10063524       0.01093784
     0.4000000       0.08416098       0.01045866
     0.5000000       0.07918277       0.01027371
     0.6000000       0.08498817       0.01030110
     0.7000000       0.10230401       0.01048948
     0.8000000       0.13502721       0.01079650
     0.9000000       0.19184764       0.01116902
     1.0000000       0.28737083       0.01158072
