     0.0000000       0.68371519       0.05948613
     0.1000000       0.56090940       0.04713390
     0.2000000       0.46637592       0.03349763
     0.3000000       0.39451360       0.02278338
     0.4000000       0.34335166       0.01807702
     0.5000000       0.30464522       0.01525419
     0.6000000       0.27029200       0.00971205
     0.7000000       0.23917786       0.00412580
     0.8000000       0.21112511       0.00811727
     0.9000000       0.19058945       0.01251334
     1.0000000       0.17703333       0.01200814
     1.1000000       0.16518273       0.01128846
     1.2000000       0.15279769       0.01243437
     1.3000000       0.14047377       0.01483907
     1.4000000       0.12971139       0.01718641
     1.5000000       0.12035583       0.01925895
     1.6000000       0.11390959       0.01898092
     1.7000000       0.11334291       0.01324209
     1.8000000       0.11801180       0.00429511
     1.9000000       0.11833845       0.00399759
     2.0000000       0.11208447       0.00376176
     2.1000000       0.10706865       0.00470513
     2.2000000       0.09970140       0.00773167
     2.3000000       0.09240812       0.01159860
     2.4000000       0.09018906       0.01164502
     2.5000000       0.08831769       0.01176914
     2.6000000       0.08389815       0.01443462
     2.7000000       0.07823566       0.01900708
     2.8000000       0.07497550       0.02201345
     2.9000000       0.07525954       0.02259157
     3.0000000       0.07624013       0.02241221
     3.1000000       0.07627747       0.02165970
     3.2000000       0.07813798       0.01883846
     3.3000000       0.08052815       0.01595378
     3.4000000       0.08252186       0.01438959
     3.5000000       0.08753639       0.01155586
     3.6000000       0.09417442       0.00795136
     3.7000000       0.10187121       0.00397646
     3.8000000       0.10901897       0.00334089
     3.9000000       0.11043223       0.00348436
     4.0000000       0.10945328       0.00705879
     4.1000000       0.11354933       0.00741726
     4.2000000       0.12044587       0.00594289
     4.3000000       0.12821480       0.00486391
     4.4000000       0.13941946       0.00368827
     4.5000000       0.15312755       0.00915568
     4.6000000       0.16886480       0.01713957
     4.7000000       0.18378878       0.02386057
     4.8000000       0.19411430       0.02583948
     4.9000000       0.20785761       0.02962900
     5.0000000       0.22517007       0.03516886
     5.1000000       0.23973905       0.03643721
     5.2000000       0.25656701       0.03726462
     5.3000000       0.27329331       0.03534423
     5.4000000       0.29378407       0.03358974
     5.5000000       0.32305744       0.03522472
     5.6000000       0.36160658       0.03825949
     5.7000000       0.41799403       0.04862265
     5.8000000       0.49456476       0.06451419
     5.9000000       0.58048759       0.06837032
     6.0000000       0.68371519       0.05948613
