     0.0000000       0.68024314       0.00674979
     0.1000000       0.57013279       0.00636740
     0.2000000       0.49155516       0.00604541
     0.3000000       0.43401062       0.00572922
     0.4000000       0.39110549       0.00542344
     0.5000000       0.35916508       0.00531605
     0.6000000       0.33472275       0.00526347
     0.7000000       0.31621053       0.00529913
     0.8000000       0.30266914       0.00536719
     0.9000000       0.29207925       0.00537490
     1.0000000       0.28373379       0.00536827
     1.1000000       0.27721362       0.00523967
     1.2000000       0.27222528       0.00500002
     1.3000000       0.26933952       0.00491909
     1.4000000       0.26784270       0.00500511
     1.5000000       0.26706414       0.00514461
     1.6000000       0.26762974       0.00526364
     1.7000000       0.27013058       0.00549841
     1.8000000       0.27385924       0.00571248
     1.9000000       0.27839562       0.00547849
     2.0000000       0.28486289       0.00522792
     2.1000000       0.29426553       0.00526347
     2.2000000       0.30657646       0.00539259
     2.3000000       0.32193777       0.00565863
     2.4000000       0.34145816       0.00606502
     2.5000000       0.36555096       0.00630246
     2.6000000       0.39733342       0.00641932
     2.7000000       0.43970408       0.00671004
     2.8000000       0.49618535       0.00695707
     2.9000000       0.57322110       0.00696705
     3.0000000       0.68024314       0.00674979
