     0.0000000       0.19920314       0.02123329
     0.1000000       0.13713061       0.00534133
     0.2000000       0.09281041       0.00343222
     0.3000000       0.05466257       0.00849448
     0.4000000       0.04230204       0.00523812
     0.5000000       0.01816050       0.01230715
     0.6000000       0.01219959       0.00830914
     0.7000000       0.00794875       0.00598657
     0.8000000       0.01192368       0.00633204
     0.9000000       0.01001642       0.00397843
     1.0000000      -0.00287206       0.01136690
     1.1000000       0.00339591       0.00488768
     1.2000000      -0.00319256       0.01028206
     1.3000000      -0.00304568       0.01357849
     1.4000000      -0.00852313       0.01945248
     1.5000000       0.00796902       0.00380023
     1.6000000       0.00956554       0.00411561
     1.7000000       0.00925693       0.00283887
     1.8000000       0.00362046       0.00712227
     1.9000000       0.00629412       0.00284993
     2.0000000       0.00102848       0.00457450
     2.1000000      -0.00085952       0.00508381
     2.2000000      -0.00591462       0.00914285
     2.3000000       0.00582832       0.00367862
     2.4000000       0.00361327       0.00378749
     2.5000000      -0.00032661       0.00598129
     2.6000000       0.00695769       0.00283503
     2.7000000      -0.00055854       0.00549807
     2.8000000      -0.00491817       0.00749605
     2.9000000       0.00040401       0.00393361
     3.0000000       0.00435272       0.00354881
     3.1000000       0.00314544       0.00345640
     3.2000000       0.00775925       0.00575764
     3.3000000       0.00913555       0.00532197
     3.4000000       0.00483967       0.00500229
     3.5000000      -0.00099053       0.00411609
     3.6000000      -0.00429670       0.00431009
     3.7000000      -0.00399842       0.00409797
     3.8000000      -0.00519347       0.00627340
     3.9000000      -0.00133680       0.00508789
     4.0000000       0.00342228       0.00332537
     4.1000000       0.00137201       0.00314893
     4.2000000       0.00324063       0.00364597
     4.3000000       0.00080544       0.00362541
     4.4000000      -0.00198360       0.00366857
     4.5000000       0.00436985       0.00247823
     4.6000000      -0.00095901       0.00388055
     4.7000000      -0.00031830       0.00381049
     4.8000000       0.00082823       0.00571438
     4.9000000       0.00660273       0.00367203
     5.0000000       0.00756959       0.00309565
     5.1000000       0.00432616       0.00849145
     5.2000000       0.00486955       0.01088533
     5.3000000       0.02250713       0.00442987
     5.4000000       0.01876960       0.00794984
     5.5000000       0.02647177       0.00746902
     5.6000000       0.03526804       0.01073670
     5.7000000       0.04960836       0.00780175
     5.8000000       0.07714464       0.01306822
     5.9000000       0.13824387       0.00763186
     6.0000000       0.19920314       0.02123329
