     0.0000000       0.03181083       0.00145072
     0.1000000       0.01720600       0.00127235
     0.2000000       0.00836642       0.00135806
     0.3000000       0.00682017       0.00148329
     0.4000000       0.00429370       0.00138855
     0.5000000       0.00295431       0.00128965
     0.6000000       0.00129434       0.00124887
     0.7000000       0.00155434       0.00119382
     0.8000000       0.00122538       0.00121056
     0.9000000       0.00068071       0.00116151
     1.0000000       0.00205712       0.00116911
     1.1000000      -0.00025284       0.00124576
     1.2000000       0.00038453       0.00121536
     1.3000000       0.00005987       0.00141707
     1.4000000       0.00087100       0.00142433
     1.5000000       0.00098451       0.00130198
     1.6000000       0.00092218       0.00138328
     1.7000000       0.00215064       0.00120784
     1.8000000       0.00199817       0.00132932
     1.9000000       0.00053716       0.00129488
     2.0000000       0.00011289       0.00135507
     2.1000000      -0.00029649       0.00133888
     2.2000000       0.00161471       0.00129866
     2.3000000       0.00046848       0.00123767
     2.4000000      -0.00100271       0.00110338
     2.5000000      -0.00151688       0.00131572
     2.6000000      -0.00145139       0.00119166
     2.7000000      -0.00248917       0.00122352
     2.8000000      -0.00099959       0.00122187
     2.9000000      -0.00101019       0.00125504
     3.0000000      -0.00196674       0.00135063
     3.1000000      -0.00269855       0.00124008
     3.2000000      -0.00310571       0.00113297
     3.3000000      -0.00130929       0.00121061
     3.4000000       0.00005794       0.00143087
     3.5000000       0.00105203       0.00139191
     3.6000000       0.00284776       0.00135151
     3.7000000       0.00128044       0.00108890
     3.8000000       0.00103322       0.00127315
     3.9000000      -0.00070398       0.00121347
     4.0000000      -0.00032483       0.00131647
     4.1000000       0.00090858       0.00129787
     4.2000000       0.00233567       0.00127017
     4.3000000       0.00100429       0.00134603
     4.4000000       0.00264041       0.00133120
     4.5000000       0.00486791       0.00123298
     4.6000000       0.00665756       0.00127823
     4.7000000       0.00795313       0.00127525
     4.8000000       0.00981065       0.00136146
     4.9000000       0.01413628       0.00145268
     5.0000000       0.02102859       0.00131263
     5.1000000       0.02882411       0.00139754
     5.2000000       0.04079434       0.00144497
     5.3000000       0.05772946       0.00141143
     5.4000000       0.08449027       0.00139816
     5.5000000       0.12381201       0.00147860
     5.6000000       0.18043161       0.00141638
     5.7000000       0.27344170       0.00151101
     5.8000000       0.41235161       0.00143151
     5.9000000       0.63039818       0.00157058
     6.0000000       0.96818917       0.00145072
