     0.0000000       0.20663594       0.02119373
     0.1000000       0.15013536       0.01210019
     0.2000000       0.10579810       0.01024111
     0.3000000       0.06177169       0.00487098
     0.4000000       0.05042678       0.00579680
     0.5000000       0.01869456       0.01117771
     0.6000000       0.01339937       0.00619439
     0.7000000       0.01050257       0.00655720
     0.8000000       0.01902109       0.00756617
     0.9000000       0.01749417       0.00622561
     1.0000000      -0.00091731       0.00838588
     1.1000000       0.00956031       0.00661390
     1.2000000       0.00143384       0.00666573
     1.3000000       0.00226881       0.01045409
     1.4000000      -0.00806822       0.02098722
     1.5000000       0.01472513       0.01099053
     1.6000000       0.01632499       0.00882244
     1.7000000       0.01483797       0.00658492
     1.8000000       0.00532722       0.00764021
     1.9000000       0.00856705       0.00301836
     2.0000000       0.00061209       0.00390971
     2.1000000      -0.00139514       0.00536322
     2.2000000      -0.00844196       0.00873954
     2.3000000       0.00865137       0.00519851
     2.4000000       0.00479625       0.00365273
     2.5000000      -0.00128490       0.00520984
     2.6000000       0.00912744       0.00530742
     2.7000000      -0.00266639       0.00544274
     2.8000000      -0.00913316       0.00877366
     2.9000000      -0.00141701       0.00389915
     3.0000000       0.00403982       0.00508241
     3.1000000       0.00233278       0.00433794
     3.2000000       0.00968621       0.00941608
     3.3000000       0.01160290       0.00862877
     3.4000000       0.00479503       0.00693659
     3.5000000      -0.00439112       0.00656542
     3.6000000      -0.00981331       0.00660318
     3.7000000      -0.00913057       0.00633643
     3.8000000      -0.01077676       0.00911528
     3.9000000      -0.00498445       0.00662683
     4.0000000       0.00212226       0.00484426
     4.1000000      -0.00113872       0.00411033
     4.2000000       0.00164270       0.00572607
     4.3000000      -0.00153770       0.00466552
     4.4000000      -0.00515717       0.00463124
     4.5000000       0.00450654       0.00283363
     4.6000000      -0.00395266       0.00503771
     4.7000000      -0.00360671       0.00455239
     4.8000000      -0.00225919       0.00584214
     4.9000000       0.00604540       0.00301413
     5.0000000       0.00670797       0.00303843
     5.1000000       0.00000571       0.00889694
     5.2000000      -0.00174787       0.01305166
     5.3000000       0.02221531       0.00802582
     5.4000000       0.01504100       0.00815371
     5.5000000       0.02470060       0.00683478
     5.6000000       0.03344411       0.01083717
     5.7000000       0.04736305       0.00640398
     5.8000000       0.07652906       0.01231050
     5.9000000       0.14806023       0.00447952
     6.0000000       0.20663594       0.02119373
