     0.0000000       0.09695430       0.00722917
     0.1000000       0.07679123       0.00618584
     0.2000000       0.05914888       0.00585601
     0.3000000       0.04390277       0.00347011
     0.4000000       0.03347445       0.00301162
     0.5000000       0.02646683       0.00395477
     0.6000000       0.01873541       0.00379777
     0.7000000       0.02072850       0.00411481
     0.8000000       0.01737556       0.00382424
     0.9000000       0.00789879       0.00319782
     1.0000000       0.00501727       0.00680400
     1.1000000      -0.00027491       0.00694605
     1.2000000       0.01149550       0.00544404
     1.3000000       0.01200187       0.00414494
     1.4000000       0.00420622       0.00550294
     1.5000000       0.00100602       0.00436453
     1.6000000       0.00629190       0.00342358
     1.7000000       0.00683891       0.00237528
     1.8000000       0.01145937       0.00434108
     1.9000000       0.00333618       0.00447895
     2.0000000       0.00415805       0.00354196
     2.1000000       0.00144255       0.00254901
     2.2000000       0.00188946       0.00349287
     2.3000000       0.00937084       0.00442482
     2.4000000       0.00637368       0.00243495
     2.5000000       0.00284428       0.00312418
     2.6000000       0.00182544       0.00305361
     2.7000000      -0.00258356       0.00294829
     2.8000000      -0.00098492       0.00275432
     2.9000000      -0.00435065       0.00293612
     3.0000000      -0.00701224       0.00453863
     3.1000000      -0.00117945       0.00338657
     3.2000000      -0.00183994       0.00257881
     3.3000000      -0.00086566       0.00449221
     3.4000000      -0.00045805       0.00413988
     3.5000000       0.00127833       0.00219089
     3.6000000      -0.00113855       0.00421978
     3.7000000       0.00160871       0.00378133
     3.8000000       0.00285662       0.00309605
     3.9000000       0.00283403       0.00272624
     4.0000000       0.00414207       0.00239727
     4.1000000      -0.00134982       0.00288045
     4.2000000      -0.00064483       0.00336851
     4.3000000       0.00349361       0.00373757
     4.4000000       0.00209636       0.00362357
     4.5000000       0.00867598       0.00251570
     4.6000000       0.00945981       0.00230606
     4.7000000       0.00933396       0.00304999
     4.8000000       0.01007365       0.00276880
     4.9000000       0.00708758       0.00630832
     5.0000000       0.00878026       0.00371605
     5.1000000       0.00275793       0.00517682
     5.2000000       0.00762609       0.00418903
     5.3000000       0.01802791       0.00568438
     5.4000000       0.02026168       0.00338557
     5.5000000       0.01945665       0.00479777
     5.6000000       0.02766409       0.00436481
     5.7000000       0.03576363       0.00358861
     5.8000000       0.04826083       0.00419831
     5.9000000       0.06754836       0.00653694
     6.0000000       0.09695430       0.00722917
