     0.0000000       0.89239832       0.00232814
     0.1000000       0.73840934       0.00233880
     0.2000000       0.61541224       0.00232576
     0.3000000       0.51753439       0.00230762
     0.4000000       0.43742179       0.00221286
     0.5000000       0.37325320       0.00229458
     0.6000000       0.31911457       0.00228962
     0.7000000       0.27338945       0.00240487
     0.8000000       0.23486329       0.00238219
     0.9000000       0.20369535       0.00228719
     1.0000000       0.17735496       0.00232630
     1.1000000       0.15415448       0.00227373
     1.2000000       0.13434078       0.00221486
     1.3000000       0.11638667       0.00220716
     1.4000000       0.10167794       0.00234011
     1.5000000       0.08716832       0.00258361
     1.6000000       0.07539944       0.00247288
     1.7000000       0.06856925       0.00226756
     1.8000000       0.05985764       0.00219678
     1.9000000       0.05287817       0.00216908
     2.0000000       0.04856646       0.00221774
     2.1000000       0.04326505       0.00210322
     2.2000000       0.03659792       0.00220460
     2.3000000       0.03288361       0.00219331
     2.4000000       0.03061082       0.00236212
     2.5000000       0.02933086       0.00237569
     2.6000000       0.02599488       0.00230628
     2.7000000       0.02554230       0.00238473
     2.8000000       0.02143152       0.00227912
     2.9000000       0.01839777       0.00234980
     3.0000000       0.01731402       0.00236818
     3.1000000       0.01527263       0.00227914
     3.2000000       0.01401866       0.00226314
     3.3000000       0.01173844       0.00221023
     3.4000000       0.01114950       0.00222691
     3.5000000       0.01025510       0.00206314
     3.6000000       0.00949364       0.00215183
     3.7000000       0.01078727       0.00210121
     3.8000000       0.01010640       0.00209787
     3.9000000       0.01089488       0.00199040
     4.0000000       0.01133425       0.00201633
     4.1000000       0.01251396       0.00197737
     4.2000000       0.01366692       0.00199953
     4.3000000       0.01443191       0.00196094
     4.4000000       0.01452858       0.00226805
     4.5000000       0.01283688       0.00209973
     4.6000000       0.01353461       0.00216366
     4.7000000       0.01482985       0.00212695
     4.8000000       0.01882766       0.00204397
     4.9000000       0.01837715       0.00215172
     5.0000000       0.01880219       0.00216422
     5.1000000       0.02102994       0.00214968
     5.2000000       0.02369623       0.00210670
     5.3000000       0.02811764       0.00223959
     5.4000000       0.03173587       0.00228273
     5.5000000       0.03626267       0.00222428
     5.6000000       0.04205720       0.00218947
     5.7000000       0.05161472       0.00228781
     5.8000000       0.06200186       0.00250018
     5.9000000       0.08229335       0.00220843
     6.0000000       0.10760168       0.00232814
