     0.0000000       0.28896614       0.00823452
     0.1000000       0.17349404       0.00619770
     0.2000000       0.11200475       0.00734609
     0.3000000       0.07449507       0.00453907
     0.4000000       0.06310951       0.00524587
     0.5000000       0.04422234       0.00626043
     0.6000000       0.03477015       0.00737367
     0.7000000       0.02705481       0.00717514
     0.8000000       0.02006861       0.00351227
     0.9000000       0.00830857       0.00307969
     1.0000000       0.00241993       0.00656600
     1.1000000       0.00546533       0.00324194
     1.2000000      -0.00327474       0.00813557
     1.3000000       0.00616053       0.00250448
     1.4000000       0.01712300       0.00684943
     1.5000000       0.00886324       0.00352971
     1.6000000       0.01452088       0.00541735
     1.7000000       0.01117027       0.00527328
     1.8000000       0.00774175       0.00319275
     1.9000000       0.00341040       0.00485114
     2.0000000       0.00798227       0.00613553
     2.1000000       0.01178327       0.00370443
     2.2000000       0.02127061       0.00281322
     2.3000000       0.02436364       0.00343924
     2.4000000       0.02216546       0.00415382
     2.5000000       0.03474795       0.00498020
     2.6000000       0.05790496       0.00747761
     2.7000000       0.07126263       0.00574568
     2.8000000       0.10737998       0.00877725
     2.9000000       0.19020614       0.00749362
     3.0000000       0.28896614       0.00823452
