     0.0000000       0.60499437       0.01208652
     0.1000000       0.49036946       0.01336799
     0.2000000       0.40164167       0.01291893
     0.3000000       0.33294609       0.01242935
     0.4000000       0.27890594       0.01236452
     0.5000000       0.23424723       0.01233342
     0.6000000       0.19697499       0.01244040
     0.7000000       0.16658467       0.01203409
     0.8000000       0.14110490       0.01110524
     0.9000000       0.11861153       0.00999281
     1.0000000       0.10014893       0.00934997
     1.1000000       0.08459553       0.01002549
     1.2000000       0.07218652       0.01052755
     1.3000000       0.06156357       0.01231483
     1.4000000       0.05295423       0.01387050
     1.5000000       0.04931205       0.01205242
     1.6000000       0.04715749       0.00979027
     1.7000000       0.04323608       0.00812681
     1.8000000       0.03967887       0.00561770
     1.9000000       0.03592724       0.00357517
     2.0000000       0.03089360       0.00344276
     2.1000000       0.02625273       0.00495388
     2.2000000       0.02130233       0.00737196
     2.3000000       0.01669771       0.00945180
     2.4000000       0.01470181       0.00935969
     2.5000000       0.01333893       0.00868921
     2.6000000       0.01226888       0.00813016
     2.7000000       0.01197424       0.00778120
     2.8000000       0.01358639       0.00677779
     2.9000000       0.01701336       0.00475317
     3.0000000       0.01961048       0.00432682
     3.1000000       0.02146160       0.00471311
     3.2000000       0.02379821       0.00590723
     3.3000000       0.02598309       0.00829284
     3.4000000       0.02794953       0.01070088
     3.5000000       0.02946980       0.01172958
     3.6000000       0.03090972       0.01163005
     3.7000000       0.03245733       0.01061044
     3.8000000       0.03311722       0.00876368
     3.9000000       0.03406817       0.00721615
     4.0000000       0.03571157       0.00643997
     4.1000000       0.03745020       0.00578000
     4.2000000       0.03874787       0.00522201
     4.3000000       0.04088259       0.00523031
     4.4000000       0.04536906       0.00488570
     4.5000000       0.05123343       0.00382808
     4.6000000       0.05804666       0.00297667
     4.7000000       0.06703432       0.00300133
     4.8000000       0.07810446       0.00345526
     4.9000000       0.09008176       0.00426758
     5.0000000       0.10256775       0.00536998
     5.1000000       0.11751789       0.00582602
     5.2000000       0.13534350       0.00579094
     5.3000000       0.15738374       0.00625095
     5.4000000       0.18578777       0.00650959
     5.5000000       0.22125681       0.00621806
     5.6000000       0.26505326       0.00623155
     5.7000000       0.32011457       0.00678683
     5.8000000       0.39128993       0.00840985
     5.9000000       0.48369497       0.01024436
     6.0000000       0.60499437       0.01208652
