     0.0000000       0.29274109       0.00899663
     0.1000000       0.18941645       0.00859333
     0.2000000       0.12696520       0.00819618
     0.3000000       0.08792137       0.00780121
     0.4000000       0.06300934       0.00736319
     0.5000000       0.04657581       0.00692943
     0.6000000       0.03507346       0.00658316
     0.7000000       0.02705119       0.00643094
     0.8000000       0.02167408       0.00631175
     0.9000000       0.01774762       0.00622271
     1.0000000       0.01449874       0.00634022
     1.1000000       0.01306642       0.00626388
     1.2000000       0.01282434       0.00604797
     1.3000000       0.01338707       0.00592206
     1.4000000       0.01392385       0.00581200
     1.5000000       0.01379453       0.00573372
     1.6000000       0.01299993       0.00576308
     1.7000000       0.01181885       0.00584923
     1.8000000       0.01274664       0.00587766
     1.9000000       0.01586012       0.00588944
     2.0000000       0.01854287       0.00601877
     2.1000000       0.01955635       0.00629113
     2.2000000       0.02114182       0.00651926
     2.3000000       0.02530600       0.00673661
     2.4000000       0.03032081       0.00721803
     2.5000000       0.03849910       0.00806450
     2.6000000       0.05564805       0.00881914
     2.7000000       0.08191592       0.00927898
     2.8000000       0.12191348       0.00942839
     2.9000000       0.18691076       0.00927439
     3.0000000       0.29274109       0.00899663
