     0.0000000       0.25925705       0.01025578
     0.1000000       0.16785426       0.01022853
     0.2000000       0.10999289       0.00996541
     0.3000000       0.07258476       0.00964571
     0.4000000       0.04861058       0.00950612
     0.5000000       0.03386014       0.00935176
     0.6000000       0.02519212       0.00901297
     0.7000000       0.01899304       0.00893704
     0.8000000       0.01365259       0.00900817
     0.9000000       0.00988837       0.00861121
     1.0000000       0.00690093       0.00812374
     1.1000000       0.00617566       0.00769040
     1.2000000       0.00726872       0.00724517
     1.3000000       0.00758368       0.00708188
     1.4000000       0.00790607       0.00730569
     1.5000000       0.00806287       0.00757079
     1.6000000       0.00984419       0.00753221
     1.7000000       0.01236118       0.00741877
     1.8000000       0.01325349       0.00751452
     1.9000000       0.01351202       0.00794039
     2.0000000       0.01434191       0.00831112
     2.1000000       0.01650253       0.00824592
     2.2000000       0.02003077       0.00792428
     2.3000000       0.02504977       0.00782600
     2.4000000       0.03229939       0.00790682
     2.5000000       0.04217623       0.00814575
     2.6000000       0.05595843       0.00866440
     2.7000000       0.07804550       0.00923826
     2.8000000       0.11349675       0.00967045
     2.9000000       0.16958778       0.01004421
     3.0000000       0.25925705       0.01025578
