     0.0000000       0.26147171       0.00761216
     0.1000000       0.18905831       0.00600422
     0.2000000       0.14951014       0.00333555
     0.3000000       0.11863176       0.00346095
     0.4000000       0.10003199       0.00527847
     0.5000000       0.09708144       0.00536002
     0.6000000       0.10142497       0.00407126
     0.7000000       0.11794358       0.00538481
     0.8000000       0.14399901       0.00415783
     0.9000000       0.18524375       0.00600059
     1.0000000       0.26147171       0.00761216
