     0.0000000       0.23274101       0.00713521
     0.1000000       0.17677439       0.00649197
     0.2000000       0.15436893       0.00757347
     0.3000000       0.12855293       0.00459259
     0.4000000       0.11147657       0.00333133
     0.5000000       0.10494480       0.00452371
     0.6000000       0.11022525       0.00226547
     0.7000000       0.12196090       0.00484248
     0.8000000       0.14109072       0.00297478
     0.9000000       0.17201340       0.00482564
     1.0000000       0.23274101       0.00713521
