     0.0000000       0.49956845       0.00415745
     0.1000000       0.44141576       0.00406665
     0.2000000       0.39660288       0.00396152
     0.3000000       0.36278719       0.00393021
     0.4000000       0.33372741       0.00394056
     0.5000000       0.30575844       0.00385066
     0.6000000       0.28614507       0.00372266
     0.7000000       0.26737403       0.00368047
     0.8000000       0.24961396       0.00351174
     0.9000000       0.23544547       0.00361267
     1.0000000       0.22195041       0.00375605
     1.1000000       0.21080181       0.00389528
     1.2000000       0.20046973       0.00396007
     1.3000000       0.18820547       0.00388044
     1.4000000       0.17710977       0.00385016
     1.5000000       0.16835232       0.00425327
     1.6000000       0.15935582       0.00433870
     1.7000000       0.14979810       0.00410659
     1.8000000       0.14444362       0.00393428
     1.9000000       0.13914485       0.00402863
     2.0000000       0.13582092       0.00403373
     2.1000000       0.13169437       0.00420865
     2.2000000       0.12363463       0.00388901
     2.3000000       0.12025593       0.00418837
     2.4000000       0.11947113       0.00375001
     2.5000000       0.11836825       0.00390083
     2.6000000       0.11616294       0.00371487
     2.7000000       0.11291034       0.00379756
     2.8000000       0.10964933       0.00375074
     2.9000000       0.10884398       0.00385875
     3.0000000       0.10660644       0.00389850
     3.1000000       0.10198129       0.00383959
     3.2000000       0.10422776       0.00374664
     3.3000000       0.10568731       0.00391498
     3.4000000       0.10848351       0.00399427
     3.5000000       0.10919329       0.00386683
     3.6000000       0.11160175       0.00405738
     3.7000000       0.11503949       0.00411063
     3.8000000       0.12030329       0.00422254
     3.9000000       0.12493334       0.00449632
     4.0000000       0.12921301       0.00452535
     4.1000000       0.13284471       0.00442707
     4.2000000       0.13861777       0.00440005
     4.3000000       0.14490293       0.00428700
     4.4000000       0.15540937       0.00423466
     4.5000000       0.16020807       0.00424669
     4.6000000       0.17129283       0.00404439
     4.7000000       0.17723716       0.00375577
     4.8000000       0.18992866       0.00421934
     4.9000000       0.20200715       0.00401915
     5.0000000       0.21377500       0.00406898
     5.1000000       0.23094903       0.00405785
     5.2000000       0.24992454       0.00400917
     5.3000000       0.26621686       0.00355344
     5.4000000       0.28198247       0.00357998
     5.5000000       0.30781584       0.00381086
     5.6000000       0.33530870       0.00363855
     5.7000000       0.36480798       0.00374566
     5.8000000       0.40000289       0.00392680
     5.9000000       0.44536731       0.00403929
     6.0000000       0.50043155       0.00415745
