     0.0000000       0.13236229       0.00933487
     0.1000000       0.09749488       0.00778225
     0.2000000       0.08003570       0.00556434
     0.3000000       0.06737851       0.00406749
     0.4000000       0.05817453       0.00311590
     0.5000000       0.04522594       0.00401050
     0.6000000       0.04052662       0.00463087
     0.7000000       0.03248807       0.00281834
     0.8000000       0.03175166       0.00305066
     0.9000000       0.03190189       0.00506080
     1.0000000       0.02350818       0.00325531
     1.1000000       0.01953117       0.00285331
     1.2000000       0.01549947       0.00447778
     1.3000000       0.01695405       0.00370470
     1.4000000       0.01977952       0.00241287
     1.5000000       0.01920960       0.00416959
     1.6000000       0.02608578       0.00364153
     1.7000000       0.02837982       0.00628779
     1.8000000       0.02371377       0.00291708
     1.9000000       0.02051283       0.00364647
     2.0000000       0.01942326       0.00630441
     2.1000000       0.02035091       0.00515823
     2.2000000       0.02623177       0.00398333
     2.3000000       0.03041103       0.00431296
     2.4000000       0.03068189       0.00509898
     2.5000000       0.03913875       0.00576868
     2.6000000       0.05197005       0.00416709
     2.7000000       0.05969881       0.00617254
     2.8000000       0.07692602       0.00694354
     2.9000000       0.10802332       0.00632602
     3.0000000       0.13236229       0.00933487
