     0.0000000       0.17137610       0.01682598
     0.1000000       0.11427670       0.01314733
     0.2000000       0.08739248       0.00800412
     0.3000000       0.06280912       0.00478093
     0.4000000       0.04143145       0.00517493
     0.5000000       0.03426923       0.00432392
     0.6000000       0.01848365       0.01056377
     0.7000000       0.01985681       0.01024754
     0.8000000       0.01139822       0.00499125
     0.9000000       0.01762622       0.00648987
     1.0000000       0.01891128       0.00870435
     1.1000000       0.01726843       0.00487848
     1.2000000       0.00542936       0.00438538
     1.3000000       0.00324613       0.00940709
     1.4000000       0.00851550       0.00431160
     1.5000000       0.00045454       0.00677425
     1.6000000       0.00232555       0.00948425
     1.7000000       0.00420874       0.00486773
     1.8000000       0.00494792       0.00668086
     1.9000000       0.00675119       0.00385827
     2.0000000       0.00517700       0.00301499
     2.1000000       0.00720047       0.00460204
     2.2000000       0.00765467       0.00977954
     2.3000000       0.00746516       0.00573925
     2.4000000       0.00436638       0.00236711
     2.5000000       0.00837462       0.00434739
     2.6000000      -0.00539325       0.00697063
     2.7000000      -0.00682368       0.00591314
     2.8000000      -0.01046477       0.00585000
     2.9000000      -0.00015469       0.00316747
     3.0000000      -0.00301298       0.00440633
     3.1000000       0.00182152       0.00312292
     3.2000000       0.00908926       0.00504781
     3.3000000       0.00731259       0.00546301
     3.4000000       0.00876986       0.00410936
     3.5000000       0.00266567       0.00467549
     3.6000000       0.00942355       0.00603930
     3.7000000       0.00564303       0.00367254
     3.8000000      -0.00055281       0.00317839
     3.9000000      -0.00524931       0.00470416
     4.0000000       0.00449015       0.00371183
     4.1000000       0.00162666       0.00326610
     4.2000000       0.00460425       0.00375289
     4.3000000       0.00526345       0.00509814
     4.4000000       0.00361747       0.00336695
     4.5000000      -0.00237257       0.00438896
     4.6000000      -0.00256029       0.00520752
     4.7000000       0.00369477       0.00317349
     4.8000000       0.00131285       0.00455496
     4.9000000       0.00092367       0.00698371
     5.0000000      -0.00390380       0.01301899
     5.1000000      -0.00108540       0.00980791
     5.2000000       0.00266527       0.01018614
     5.3000000       0.00482923       0.00950307
     5.4000000       0.00958806       0.01125990
     5.5000000       0.01942509       0.00973735
     5.6000000       0.03488643       0.00687810
     5.7000000       0.04645078       0.00800856
     5.8000000       0.07512386       0.00921407
     5.9000000       0.11709643       0.00902973
     6.0000000       0.17137610       0.01682598
