     0.0000000       0.32180590       0.03224727
     0.1000000       0.18680388       0.01164670
     0.2000000       0.11448979       0.01292144
     0.3000000       0.07455796       0.00804703
     0.4000000       0.02835226       0.00481257
     0.5000000       0.01627116       0.01006648
     0.6000000      -0.00248742       0.01958782
     0.7000000       0.00624345       0.00687658
     0.8000000      -0.01356692       0.01334627
     0.9000000      -0.00061416       0.00759406
     1.0000000      -0.00514648       0.00865818
     1.1000000       0.00868129       0.00582985
     1.2000000      -0.00282659       0.00486752
     1.3000000       0.00364117       0.00524292
     1.4000000      -0.02040569       0.02340979
     1.5000000       0.01853348       0.00973270
     1.6000000       0.01183092       0.00485217
     1.7000000       0.00926568       0.00605399
     1.8000000       0.01510145       0.00726628
     1.9000000       0.01178099       0.00867540
     2.0000000       0.00551715       0.00559284
     2.1000000       0.00299452       0.00383840
     2.2000000       0.00197485       0.00397975
     2.3000000       0.00170391       0.00398865
     2.4000000      -0.00004426       0.00356685
     2.5000000      -0.01509076       0.01199848
     2.6000000      -0.01593434       0.01918656
     2.7000000      -0.02524169       0.02551772
     2.8000000      -0.00221121       0.01270656
     2.9000000      -0.00567150       0.01336437
     3.0000000      -0.01929415       0.01232932
     3.1000000       0.00117115       0.00530246
     3.2000000       0.00288953       0.00601366
     3.3000000       0.00211923       0.00717394
     3.4000000      -0.00047251       0.00657695
     3.5000000      -0.00835642       0.00418876
     3.6000000      -0.01954909       0.01688095
     3.7000000      -0.00482545       0.00660035
     3.8000000       0.00772204       0.00704298
     3.9000000      -0.00056075       0.00665407
     4.0000000      -0.00338213       0.00589437
     4.1000000      -0.00140714       0.00501532
     4.2000000      -0.00082622       0.00576183
     4.3000000      -0.00128721       0.00597532
     4.4000000      -0.00337230       0.00393462
     4.5000000       0.00277271       0.00883698
     4.6000000       0.00153458       0.00300217
     4.7000000      -0.00104529       0.00414553
     4.8000000      -0.00332577       0.00357320
     4.9000000      -0.00839281       0.00889454
     5.0000000      -0.01053219       0.01599235
     5.1000000      -0.02558318       0.03370923
     5.2000000      -0.00752693       0.01820787
     5.3000000       0.01103326       0.00800760
     5.4000000       0.00382775       0.01419648
     5.5000000       0.00918857       0.01907651
     5.6000000       0.02037025       0.02076150
     5.7000000       0.03714390       0.02314153
     5.8000000       0.07114682       0.03807220
     5.9000000       0.17143822       0.02323578
     6.0000000       0.32180590       0.03224727
