     0.0000000       0.31715306       0.00858773
     0.1000000       0.20521376       0.00796643
     0.2000000       0.15130230       0.00320189
     0.3000000       0.11521620       0.00326149
     0.4000000       0.09560990       0.00417993
     0.5000000       0.08926620       0.00517280
     0.6000000       0.09636868       0.00386546
     0.7000000       0.11264808       0.00527451
     0.8000000       0.14501798       0.00453801
     0.9000000       0.20379028       0.00627755
     1.0000000       0.31715306       0.00858773
