     0.0000000       0.50414301       0.00360153
     0.1000000       0.49065015       0.00365370
     0.2000000       0.48077734       0.00362505
     0.3000000       0.47392117       0.00352164
     0.4000000       0.46995218       0.00346519
     0.5000000       0.46867019       0.00344840
     0.6000000       0.46993568       0.00343957
     0.7000000       0.47385508       0.00346309
     0.8000000       0.48059494       0.00350703
     0.9000000       0.49049499       0.00355287
     1.0000000       0.50414301       0.00360153
