     0.0000000       0.26521138       0.01041214
     0.1000000       0.17141824       0.00843964
     0.2000000       0.09699165       0.00640637
     0.3000000       0.06397252       0.00541691
     0.4000000       0.04376978       0.00588559
     0.5000000       0.02126792       0.00583477
     0.6000000       0.00805378       0.00662371
     0.7000000       0.00582151       0.00537859
     0.8000000       0.00800935       0.00775265
     0.9000000       0.01185755       0.00469623
     1.0000000       0.00182879       0.00696044
     1.1000000       0.01013924       0.00659162
     1.2000000      -0.00079421       0.00464263
     1.3000000      -0.00562540       0.00396583
     1.4000000      -0.00510433       0.00553811
     1.5000000      -0.00299207       0.00369753
     1.6000000       0.00309191       0.00314667
     1.7000000       0.00658030       0.00473964
     1.8000000       0.00462348       0.00487081
     1.9000000       0.00075259       0.00640882
     2.0000000       0.00462861       0.00510700
     2.1000000       0.00910993       0.00864011
     2.2000000       0.00052243       0.00358270
     2.3000000      -0.00090659       0.00418502
     2.4000000      -0.01532535       0.01069920
     2.5000000      -0.01158949       0.00692735
     2.6000000      -0.01413539       0.00834164
     2.7000000      -0.01368214       0.00779578
     2.8000000      -0.00367730       0.00483456
     2.9000000      -0.00220670       0.00655255
     3.0000000      -0.00054889       0.00424222
     3.1000000       0.00271575       0.00531012
     3.2000000       0.00240314       0.00461481
     3.3000000       0.00432534       0.00362052
     3.4000000       0.00034226       0.00419681
     3.5000000       0.00085747       0.00338178
     3.6000000      -0.00513848       0.00474787
     3.7000000      -0.00356194       0.00387228
     3.8000000      -0.00105233       0.00331751
     3.9000000      -0.00215941       0.00306476
     4.0000000       0.00120866       0.00374526
     4.1000000      -0.00143935       0.00333169
     4.2000000      -0.00427073       0.00499384
     4.3000000      -0.00477317       0.00325660
     4.4000000       0.00338360       0.00374694
     4.5000000      -0.00066211       0.00308571
     4.6000000      -0.00005606       0.00451173
     4.7000000       0.00624822       0.00359576
     4.8000000       0.00124218       0.00483269
     4.9000000      -0.00428214       0.00524381
     5.0000000      -0.00785902       0.00482102
     5.1000000       0.00400690       0.00545499
     5.2000000       0.00197186       0.00446661
     5.3000000       0.02075030       0.00411288
     5.4000000       0.01577329       0.00409533
     5.5000000       0.02724694       0.00501182
     5.6000000       0.03558303       0.00593365
     5.7000000       0.05787173       0.00428283
     5.8000000       0.09767948       0.00376030
     5.9000000       0.16936246       0.00586249
     6.0000000       0.26521138       0.01041214
