     0.0000000       0.10381779       0.00655114
     0.1000000       0.08426895       0.00499173
     0.2000000       0.07416378       0.00324094
     0.3000000       0.06586521       0.00337642
     0.4000000       0.06186826       0.00302222
     0.5000000       0.05209262       0.00376389
     0.6000000       0.04575989       0.00339087
     0.7000000       0.04028679       0.00327470
     0.8000000       0.04062820       0.00269623
     0.9000000       0.03564203       0.00345346
     1.0000000       0.03393559       0.00305891
     1.1000000       0.02834922       0.00263314
     1.2000000       0.02640306       0.00288705
     1.3000000       0.02651042       0.00269292
     1.4000000       0.02943745       0.00205501
     1.5000000       0.03025068       0.00266874
     1.6000000       0.03333238       0.00285845
     1.7000000       0.03347290       0.00400779
     1.8000000       0.03144376       0.00249679
     1.9000000       0.03191542       0.00305817
     2.0000000       0.03583625       0.00255789
     2.1000000       0.03265860       0.00350541
     2.2000000       0.03798188       0.00286649
     2.3000000       0.04186002       0.00306237
     2.4000000       0.04281138       0.00324316
     2.5000000       0.04927027       0.00416096
     2.6000000       0.05680451       0.00388919
     2.7000000       0.05894015       0.00590966
     2.8000000       0.06842644       0.00706552
     2.9000000       0.09131448       0.00516346
     3.0000000       0.10381779       0.00655114
