     0.0000000       0.17893613       0.09457755
     0.1000000       0.09465384       0.06759934
     0.2000000       0.01910783       0.07637111
     0.3000000      -0.02129986       0.07866107
     0.4000000       0.01891998       0.02242325
     0.5000000      -0.02965277       0.05768430
     0.6000000       0.00655217       0.01131686
     0.7000000      -0.04784752       0.06490549
     0.8000000      -0.05323002       0.06102646
     0.9000000      -0.02725775       0.03367785
     1.0000000      -0.01121634       0.01429082
     1.1000000       0.00023571       0.00570663
     1.2000000      -0.03850440       0.04107327
     1.3000000      -0.06944523       0.07174416
     1.4000000      -0.04760173       0.05448432
     1.5000000      -0.04497651       0.04658034
     1.6000000      -0.04147118       0.04485357
     1.7000000      -0.03654940       0.04023875
     1.8000000      -0.07728789       0.08152865
     1.9000000      -0.11598015       0.12047027
     2.0000000      -0.05901910       0.05786666
     2.1000000       0.05419019       0.05398516
     2.2000000       0.07189712       0.07131160
     2.3000000       0.04345517       0.03536447
     2.4000000       0.01071454       0.00789009
     2.5000000       0.02107794       0.02053862
     2.6000000      -0.01893131       0.02593930
     2.7000000       0.01437783       0.00720947
     2.8000000       0.02479304       0.01847702
     2.9000000       0.03182258       0.02649092
     3.0000000       0.01194871       0.00587168
     3.1000000       0.01337425       0.00652146
     3.2000000       0.00282318       0.00346110
     3.3000000      -0.02324161       0.02333722
     3.4000000      -0.02649002       0.02735145
     3.5000000      -0.02311332       0.02537201
     3.6000000      -0.02452069       0.03057587
     3.7000000      -0.02241819       0.02413629
     3.8000000      -0.01187544       0.01311204
     3.9000000      -0.01176599       0.02140339
     4.0000000       0.01274524       0.00529773
     4.1000000       0.05850327       0.05154324
     4.2000000       0.00776136       0.00648626
     4.3000000       0.00165735       0.00511660
     4.4000000      -0.02946326       0.03268634
     4.5000000       0.02575886       0.02029562
     4.6000000       0.04289696       0.03394041
     4.7000000       0.03734414       0.02993341
     4.8000000       0.01196095       0.00939407
     4.9000000       0.02886496       0.02167379
     5.0000000       0.00423228       0.00646433
     5.1000000       0.00779037       0.00568830
     5.2000000      -0.02483096       0.03363182
     5.3000000      -0.04245702       0.05837105
     5.4000000      -0.02336465       0.03547783
     5.5000000       0.02120299       0.00586766
     5.6000000       0.00769907       0.02819793
     5.7000000       0.05143909       0.00653836
     5.8000000       0.15217983       0.05633363
     5.9000000       0.15810993       0.00837203
     6.0000000       0.17893613       0.09457755
