     0.0000000       0.27759332       0.00636181
     0.1000000       0.17768050       0.00609676
     0.2000000       0.11934146       0.00587646
     0.3000000       0.08397504       0.00570423
     0.4000000       0.06152492       0.00555227
     0.5000000       0.04734094       0.00541436
     0.6000000       0.03809058       0.00526172
     0.7000000       0.03099497       0.00517251
     0.8000000       0.02556714       0.00512406
     0.9000000       0.02188607       0.00510071
     1.0000000       0.01950167       0.00511956
     1.1000000       0.01798358       0.00508848
     1.2000000       0.01746010       0.00499387
     1.3000000       0.01765494       0.00493343
     1.4000000       0.01757168       0.00490821
     1.5000000       0.01803456       0.00481914
     1.6000000       0.01887639       0.00477851
     1.7000000       0.01928133       0.00485272
     1.8000000       0.02027586       0.00485595
     1.9000000       0.02218227       0.00476109
     2.0000000       0.02438313       0.00468329
     2.1000000       0.02692212       0.00462763
     2.2000000       0.03015167       0.00470183
     2.3000000       0.03463127       0.00486441
     2.4000000       0.04058911       0.00514615
     2.5000000       0.04909674       0.00558372
     2.6000000       0.06231944       0.00606202
     2.7000000       0.08361097       0.00649957
     2.8000000       0.11827677       0.00674456
     2.9000000       0.17674692       0.00663786
     3.0000000       0.27759332       0.00636181
