     0.0000000       0.29270585       0.01023297
     0.1000000       0.21084905       0.01026340
     0.2000000       0.16074443       0.01038898
     0.3000000       0.13177359       0.01036533
     0.4000000       0.11775567       0.01024113
     0.5000000       0.11363743       0.01019385
     0.6000000       0.11754877       0.01022675
     0.7000000       0.13197984       0.01021327
     0.8000000       0.16042583       0.01021102
     0.9000000       0.20897826       0.01026032
     1.0000000       0.29270585       0.01023297
