     0.0000000       0.61656073       0.01291617
     0.1000000       0.50058010       0.01348254
     0.2000000       0.41377760       0.01270542
     0.3000000       0.34736089       0.01189208
     0.4000000       0.29584063       0.01162332
     0.5000000       0.25651586       0.01242314
     0.6000000       0.22510735       0.01355191
     0.7000000       0.20031466       0.01493629
     0.8000000       0.17882927       0.01507069
     0.9000000       0.15881927       0.01406697
     1.0000000       0.14191521       0.01352834
     1.1000000       0.12997645       0.01463653
     1.2000000       0.12203083       0.01688287
     1.3000000       0.11403330       0.01745331
     1.4000000       0.10393185       0.01536726
     1.5000000       0.09276754       0.01227118
     1.6000000       0.08278555       0.00975900
     1.7000000       0.07435422       0.00783525
     1.8000000       0.06772632       0.00695157
     1.9000000       0.06183917       0.00642335
     2.0000000       0.05690239       0.00622721
     2.1000000       0.05473464       0.00690974
     2.2000000       0.05379252       0.00759066
     2.3000000       0.05271313       0.00797508
     2.4000000       0.05155233       0.00817845
     2.5000000       0.04971107       0.00808912
     2.6000000       0.04729048       0.00774334
     2.7000000       0.04513095       0.00758074
     2.8000000       0.04335999       0.00731257
     2.9000000       0.04117643       0.00636665
     3.0000000       0.03847665       0.00497783
     3.1000000       0.03637831       0.00406466
     3.2000000       0.03530105       0.00368465
     3.3000000       0.03458211       0.00319212
     3.4000000       0.03415283       0.00253355
     3.5000000       0.03474386       0.00227317
     3.6000000       0.03658591       0.00223603
     3.7000000       0.03910741       0.00228707
     3.8000000       0.04283760       0.00246832
     3.9000000       0.04775779       0.00277619
     4.0000000       0.05248743       0.00313198
     4.1000000       0.05625414       0.00305949
     4.2000000       0.05987517       0.00282359
     4.3000000       0.06453810       0.00303363
     4.4000000       0.07057097       0.00349231
     4.5000000       0.07804434       0.00403873
     4.6000000       0.08695783       0.00519078
     4.7000000       0.09711055       0.00683105
     4.8000000       0.10862283       0.00860159
     4.9000000       0.12128835       0.00965759
     5.0000000       0.13550218       0.01041900
     5.1000000       0.15196701       0.01158751
     5.2000000       0.17058780       0.01208398
     5.3000000       0.19298069       0.01254213
     5.4000000       0.21930398       0.01174910
     5.5000000       0.25076786       0.00993347
     5.6000000       0.29144095       0.00936443
     5.7000000       0.34307429       0.00913550
     5.8000000       0.40972076       0.00961473
     5.9000000       0.49804088       0.01102661
     6.0000000       0.61656073       0.01291617
