     0.0000000       0.49502200       0.00538933
     0.1000000       0.43834030       0.00536020
     0.2000000       0.39123936       0.00561799
     0.3000000       0.35727273       0.00541409
     0.4000000       0.32602792       0.00502503
     0.5000000       0.30022749       0.00478266
     0.6000000       0.28020778       0.00539811
     0.7000000       0.25816706       0.00536233
     0.8000000       0.23916710       0.00482513
     0.9000000       0.22594303       0.00464913
     1.0000000       0.21118594       0.00522351
     1.1000000       0.19962374       0.00517478
     1.2000000       0.18861253       0.00526564
     1.3000000       0.17760063       0.00546220
     1.4000000       0.17049394       0.00528222
     1.5000000       0.15883978       0.00534604
     1.6000000       0.14819329       0.00547779
     1.7000000       0.14042650       0.00504038
     1.8000000       0.13417282       0.00480569
     1.9000000       0.12934793       0.00455214
     2.0000000       0.12454876       0.00496804
     2.1000000       0.12221178       0.00480078
     2.2000000       0.12248577       0.00469051
     2.3000000       0.11705335       0.00476013
     2.4000000       0.11426234       0.00473265
     2.5000000       0.10617121       0.00471798
     2.6000000       0.10691113       0.00489732
     2.7000000       0.10750376       0.00469719
     2.8000000       0.10841465       0.00475427
     2.9000000       0.10791269       0.00480682
     3.0000000       0.10822429       0.00507826
     3.1000000       0.10406328       0.00499225
     3.2000000       0.10729862       0.00474263
     3.3000000       0.10550546       0.00471078
     3.4000000       0.10616337       0.00467659
     3.5000000       0.11174203       0.00511131
     3.6000000       0.11782073       0.00552397
     3.7000000       0.12491436       0.00563999
     3.8000000       0.12758001       0.00534975
     3.9000000       0.12877535       0.00525088
     4.0000000       0.13160057       0.00547819
     4.1000000       0.13636604       0.00545406
     4.2000000       0.14180170       0.00537828
     4.3000000       0.14788332       0.00537311
     4.4000000       0.15433930       0.00495432
     4.5000000       0.16182116       0.00527102
     4.6000000       0.17266384       0.00526055
     4.7000000       0.18214911       0.00537448
     4.8000000       0.19059140       0.00555267
     4.9000000       0.20161591       0.00568021
     5.0000000       0.21520438       0.00579521
     5.1000000       0.22691421       0.00578389
     5.2000000       0.24428541       0.00536737
     5.3000000       0.26374686       0.00614354
     5.4000000       0.28570283       0.00623459
     5.5000000       0.30562496       0.00624753
     5.6000000       0.33082167       0.00621508
     5.7000000       0.36229590       0.00621830
     5.8000000       0.40125845       0.00589525
     5.9000000       0.44793369       0.00537445
     6.0000000       0.50497800       0.00538933
