     0.0000000       0.18791571       0.00877530
     0.1000000       0.13159043       0.00638000
     0.2000000       0.10008724       0.00394587
     0.3000000       0.07633967       0.00335479
     0.4000000       0.05867972       0.00295370
     0.5000000       0.04229321       0.00427278
     0.6000000       0.03366610       0.00371964
     0.7000000       0.02198532       0.00409415
     0.8000000       0.02319529       0.00311679
     0.9000000       0.02458748       0.00557291
     1.0000000       0.01621222       0.00289784
     1.1000000       0.01221937       0.00336273
     1.2000000       0.00853067       0.00428353
     1.3000000       0.00806473       0.00508115
     1.4000000       0.01232758       0.00300564
     1.5000000       0.01079390       0.00465761
     1.6000000       0.01635882       0.00291077
     1.7000000       0.01763966       0.00443414
     1.8000000       0.01573729       0.00309584
     1.9000000       0.01469895       0.00296308
     2.0000000       0.01334715       0.00440696
     2.1000000       0.01553605       0.00350892
     2.2000000       0.02118427       0.00319608
     2.3000000       0.02541860       0.00341891
     2.4000000       0.02588033       0.00503635
     2.5000000       0.03732718       0.00544211
     2.6000000       0.05434772       0.00372639
     2.7000000       0.06882301       0.00520391
     2.8000000       0.09581882       0.00566314
     2.9000000       0.14175392       0.00505874
     3.0000000       0.18791571       0.00877530
