     0.0000000       0.71803501       0.00688785
     0.1000000       0.63154648       0.00752592
     0.2000000       0.57477221       0.00732362
     0.3000000       0.53816318       0.00631751
     0.4000000       0.51811844       0.00572015
     0.5000000       0.51193667       0.00550444
     0.6000000       0.51819134       0.00546170
     0.7000000       0.53777316       0.00554829
     0.8000000       0.57345668       0.00582644
     0.9000000       0.63048004       0.00632896
     1.0000000       0.71803501       0.00688785
