     0.0000000       0.24747552       0.02451053
     0.1000000       0.17244035       0.00475685
     0.2000000       0.11381244       0.00605476
     0.3000000       0.07395864       0.00596665
     0.4000000       0.03118383       0.01268988
     0.5000000       0.02037395       0.00666408
     0.6000000       0.01519304       0.00581287
     0.7000000       0.00747991       0.00634908
     0.8000000       0.00935993       0.00674894
     0.9000000       0.00698344       0.00409925
     1.0000000      -0.00073988       0.00904039
     1.1000000      -0.00484564       0.01174840
     1.2000000      -0.00083716       0.00380203
     1.3000000      -0.00853392       0.00948422
     1.4000000      -0.02118678       0.02234458
     1.5000000       0.00786838       0.00463905
     1.6000000       0.00758254       0.00709816
     1.7000000      -0.00225587       0.00303585
     1.8000000      -0.00698588       0.00509253
     1.9000000      -0.00094513       0.00484389
     2.0000000      -0.00707481       0.00367346
     2.1000000      -0.00259918       0.00331444
     2.2000000      -0.00678058       0.00463507
     2.3000000       0.00176139       0.00428574
     2.4000000      -0.00145216       0.00454392
     2.5000000       0.00017087       0.00626200
     2.6000000       0.00105691       0.00700047
     2.7000000      -0.00398828       0.00465317
     2.8000000      -0.01215610       0.00823570
     2.9000000      -0.00761557       0.00407356
     3.0000000      -0.00485181       0.00349671
     3.1000000      -0.00045369       0.00274764
     3.2000000      -0.00170823       0.00312265
     3.3000000       0.00323294       0.00381706
     3.4000000       0.00256374       0.00447201
     3.5000000      -0.00300212       0.00552945
     3.6000000      -0.00433315       0.00747077
     3.7000000       0.00355867       0.00349195
     3.8000000       0.00223565       0.00355736
     3.9000000      -0.00185641       0.00483723
     4.0000000       0.00405988       0.00347954
     4.1000000       0.00197905       0.00442653
     4.2000000       0.00493464       0.00304322
     4.3000000      -0.00035034       0.00432649
     4.4000000      -0.00035880       0.00430999
     4.5000000       0.00232397       0.00313246
     4.6000000       0.00464461       0.00202662
     4.7000000       0.00305475       0.00237089
     4.8000000       0.00105846       0.00406421
     4.9000000       0.00029547       0.00688160
     5.0000000      -0.00403977       0.01025718
     5.1000000      -0.01171063       0.02119056
     5.2000000       0.00357025       0.00705578
     5.3000000       0.02277973       0.00545006
     5.4000000       0.01467836       0.00751214
     5.5000000       0.02277529       0.00756926
     5.6000000       0.03797381       0.00879351
     5.7000000       0.05931748       0.00733947
     5.8000000       0.09075077       0.01634911
     5.9000000       0.15655927       0.01370793
     6.0000000       0.24747552       0.02451053
