     0.0000000       0.27762727       0.00708984
     0.1000000       0.19180601       0.00703003
     0.2000000       0.15026958       0.00408766
     0.3000000       0.11842512       0.00325523
     0.4000000       0.09989153       0.00323903
     0.5000000       0.09275540       0.00423733
     0.6000000       0.10013312       0.00282404
     0.7000000       0.11517880       0.00415112
     0.8000000       0.14326899       0.00355648
     0.9000000       0.19070267       0.00496411
     1.0000000       0.27762727       0.00708984
